7446398.328530 0.000000
7185070.414556 0.000000
7012276.320035 0.000000
7060194.778308 0.000000
6958950.641302 0.000000
6783432.549829 0.000000
6770063.900061 0.000000
6587124.263429 0.000000
6523012.641296 0.000000
6389124.910522 0.000000
6171809.908866 0.000000
6048415.489761 0.000000
5967024.860190 0.000000
6077726.682412 0.000000
5960788.580647 0.000000
5993680.057117 0.000000
5716016.542837 0.000000
5052331.077608 0.000000
4650479.520926 0.000000
3969318.565153 0.000000
2991218.648363 0.000000
1393081.149825 0.000000
1334044.942578 0.000000
1559760.898037 0.000000
1723271.233885 0.000000
1969653.710929 0.000000
2267830.164182 0.000000
2507124.716977 0.000000
2746962.694426 0.000000
2820372.285854 0.000000
2461360.878624 0.000000
2129131.524938 0.000000
2085555.977226 0.000000
1733890.034263 0.000000
1550329.258030 0.000000
1334512.427224 0.000000
819858.850773 0.000000
427247.344130 0.000000
337199.279125 0.000000
419740.458710 0.000000
533040.173780 0.000000
662894.030358 0.000000
800898.069231 0.000000
954421.035214 0.000000
1064856.240337 0.000000
1092165.486510 0.000000
1040619.412882 0.000000
983592.624084 0.000000
935552.284064 0.000000
991859.283300 0.000000
990370.481344 0.000000
868185.926279 0.000000
1014750.599179 0.000000
1152096.035708 0.000000
1257626.832015 0.000000
1422041.364269 0.000000
1500143.692494 0.000000
1557261.066789 0.000000
1530219.246697 0.000000
1332284.994185 0.000000
879537.669967 0.000000
945732.504416 0.000000
912069.820702 0.000000
749483.449484 0.000000
450418.176329 0.000000
419478.420917 0.000000
393682.263585 0.000000
412518.900681 0.000000
389844.019193 0.000000
370227.875946 0.000000
347250.408243 0.000000
332372.362659 0.000000
359022.136295 0.000000
339476.414040 0.000000
271423.901828 0.000000
225066.383977 0.000000
213283.500713 0.000000
156206.019278 0.000000
81574.832337 0.000000
33168.828104 0.000000
16422.053931 0.000000
19492.200954 0.000000
22579.352673 0.000000
23104.937685 0.000000
21098.777299 0.000000
15013.545102 0.000000
0.000000 0.000000
0.000000 0.000000
0.000000 0.000000
0.000000 0.000000
0.000000 0.000000
0.000000 0.000000
0.000000 0.000000
0.000000 0.000000
0.000000 0.000000
0.000000 0.000000
0.000000 0.000000
0.000000 0.000000
0.000000 0.000000
0.000000 0.000000
0.000000 0.000000
0.000000 0.000000
0.000000 0.000000
0.000000 0.000000
0.000000 0.000000
0.000000 0.000000
0.000000 0.000000
0.000000 0.000000
0.000000 0.000000
0.000000 0.000000
0.000000 0.000000
0.185505 0.000000
0.277389 0.000000
0.460660 0.000000
0.642441 0.000000
0.822732 0.000000
1.089697 0.000000
1.527273 0.000000
1.955169 0.000000
2.943592 0.000000
3.803625 0.000000
5.184456 0.000000
6.797028 0.000000
8.190987 0.000000
9.436587 0.000000
10.463634 0.000000
11.414196 0.000000
10135.753087 0.000000
20177.451643 0.000000
20173.127584 0.000000
30131.370685 0.000000
40009.836009 0.000000
59526.829184 0.000000
69163.344565 0.000000
97584.965876 0.000000
120700.404509 0.000000
156644.200279 0.000000
178417.845644 0.000000
228552.121598 0.000000
316520.374356 0.000000
393747.406880 0.000000
488074.707768 0.000000
556208.557398 0.000000
603405.459503 0.000000
622895.973429 0.000000
583053.979830 0.000000
457287.282717 0.000000
192887.873339 0.000000
0.000000 0.000000
0.000000 0.000000
21.240945 0.000000
42.311280 0.000000
63.211005 0.000000
83.940120 0.000000
124.886520 0.000000
175.088396 0.000000
233.948849 0.000000
276.451567 0.000000
334.277468 0.000000
405.037580 0.000000
464.473578 0.000000
588.112323 0.000000
702.954021 0.000000
846.351517 0.000000
990.186227 0.000000
1098.608952 0.000000
1187.545411 0.000000
1172.336069 0.000000
915.895055 0.000000
799.762945 0.000000
581.695508 0.000000
262.047100 0.000000
41.638057 0.000000
23.954010 0.000000
30.512370 0.000000
32.591850 0.000000
40.493874 0.000000
51.507120 0.000000
60.904770 0.000000
67.175202 0.000000
76.972752 0.000000
82.075476 0.000000
77.324664 0.000000
58.137462 0.000000
26.853285 0.000000
0.000000 0.000000
0.000000 0.000000
0.000000 0.000000
0.000000 0.000000
0.000000 0.000000
0.000000 0.000000
0.000000 0.000000
0.000000 0.000000
0.000000 0.000000
0.000000 0.000000
0.000000 0.000000
0.000000 0.000000
0.000000 0.000000
0.000000 0.000000
0.000000 0.000000
0.000000 0.000000
0.000000 0.000000
0.000000 0.000000
0.000000 0.000000
0.000000 0.000000
0.000000 0.000000
0.000000 0.000000
0.000000 0.000000
0.000000 0.000000
0.000000 0.000000
0.000000 0.000000
0.000000 0.000000
0.000000 0.000000
0.000000 0.000000
0.000000 0.000000
0.000000 0.000000
0.000000 0.000000
0.000000 0.000000
0.000000 0.000000
0.000000 0.000000
0.000000 0.000000
0.000000 0.000000
0.000000 0.000000
0.000000 0.000000
0.000000 0.000000
0.000000 0.000000
3877.294122 0.000000
7723.445319 0.000000
11538.453591 0.000000
17198.680298 0.000000
24641.839292 0.000000
35573.005848 0.000000
42704.735595 0.000000
59989.058782 0.000000
73255.944687 0.000000
93693.489356 0.000000
121200.477729 0.000000
146151.799760 0.000000
169014.599411 0.000000
199349.754622 0.000000
215178.146153 0.000000
235148.546086 0.000000
236253.078775 0.000000
208019.949504 0.000000
104810.110581 0.000000
54003.774578 0.000000
2.415300 0.000000
4.811200 0.000000
7.187700 0.000000
10.648805 0.000000
14.074528 0.000000
19.812012 0.000000
20.936600 0.000000
33.074477 0.000000
44.600121 0.000000
59.006508 0.000000
69.261213 0.000000
80.990400 0.000000
97.703444 0.000000
115.082633 0.000000
133.108004 0.000000
146.432967 0.000000
157.556540 0.000000
151.085325 0.000000
126.052840 0.000000
74.620588 0.000000
57.109487 0.000000
22.150338 0.000000
0.000000 0.000000
0.000000 0.000000
2410.148160 0.000000
4800.937701 0.000000
7172.368622 0.000000
13013.832135 0.000000
15317.507887 0.000000
20984.743822 0.000000
27634.429711 0.000000
38301.029200 0.000000
48464.304575 0.000000
59106.705790 0.000000
75135.642953 0.000000
94712.047188 0.000000
117608.454726 0.000000
131544.241139 0.000000
142830.316530 0.000000
141971.277888 0.000000
126670.708901 0.000000
75699.463201 0.000000
45260.451761 0.000000
600.116953 0.000000
0.000000 0.000000
0.000000 0.000000
0.000000 0.000000
0.000000 0.000000
0.000000 0.000000
0.000000 0.000000
0.000000 0.000000
0.000000 0.000000
0.000000 0.000000
0.000000 0.000000
0.000000 0.000000
4063.742968 0.000000
8094.845431 0.000000
12093.307388 0.000000
19992.309784 0.000000
31596.009585 0.000000
39168.606924 0.000000
53922.115532 0.000000
62873.774253 0.000000
80173.242311 0.000000
96656.697724 0.000000
131459.637011 0.000000
166801.144639 0.000000
189094.610092 0.000000
222485.847494 0.000000
244216.264209 0.000000
253943.134893 0.000000
235427.807897 0.000000
162639.479963 0.000000
37503.941169 0.000000
0.000000 0.000000
0.000000 0.000000
0.000000 0.000000
0.000000 0.000000
0.000000 0.000000
25.254825 0.000000
50.306800 0.000000
99.802200 0.000000
99.802200 0.000000
148.486200 0.000000
172.523925 0.000000
219.990825 0.000000
312.490425 0.000000
357.523125 0.000000
477.153808 0.000000
590.597577 0.000000
688.168249 0.000000
807.596125 0.000000
989.958177 0.000000
1166.792560 0.000000
1352.952464 0.000000
1489.567237 0.000000
1559.794715 0.000000
1526.820834 0.000000
1238.792744 0.000000
556.796990 0.000000
40.125870 0.000000
49.063860 0.000000
59.314023 0.000000
77.880954 0.000000
102.641088 0.000000
123.483720 0.000000
162.595350 0.000000
205.859025 0.000000
251.423757 0.000000
297.463914 0.000000
339.038242 0.000000
354.975298 0.000000
336.324803 0.000000
261.226177 0.000000
217.679907 0.000000
138.703879 0.000000
61.154553 0.000000
2.792219 0.000000
0.786160 0.000000
0.786160 0.000000
1.174485 0.000000
1.559640 0.000000
2.696085 0.000000
3.804000 0.000000
5.760792 0.000000
6.617589 0.000000
8.103825 0.000000
9.827776 0.000000
11.736165 0.000000
14.064436 0.000000
17.672109 0.000000
19.842456 0.000000
21.348945 0.000000
23.573664 0.000000
22.999605 0.000000
18.143325 0.000000
11.628540 0.000000
12.325500 0.000000
11.880396 0.000000
9.874260 0.000000
4.753980 0.000000
3.007422 0.000000
3.343230 0.000000
3.627756 0.000000
4.394709 0.000000
4.962969 0.000000
5.467077 0.000000
5.795361 0.000000
5.508261 0.000000
4.501035 0.000000
3.500788 0.000000
3.398335 0.000000
2.673476 0.000000
0.938925 0.000000
0.094864 0.000000
0.117600 0.000000
0.150969 0.000000
0.183456 0.000000
0.215061 0.000000
0.295029 0.000000
0.386169 0.000000
0.496809 0.000000
0.579681 0.000000
0.664260 0.000000
0.746820 0.000000
0.762216 0.000000
0.666420 0.000000
0.384345 0.000000
0.097215 0.000000
0.000000 0.000000
0.000000 0.000000
0.000000 0.000000
0.000000 0.000000
0.000000 0.000000
0.000000 0.000000
0.000000 0.000000
0.000000 0.000000
0.000000 0.000000
0.000000 0.000000
0.000000 0.000000
0.000000 0.000000
0.000000 0.000000
0.000000 0.000000
0.000000 0.000000
0.000000 0.000000
0.000000 0.000000
0.000000 0.000000
0.000000 0.000000
0.000000 0.000000
0.000000 0.000000
0.000000 0.000000
0.000000 0.000000
0.000000 0.000000
0.000000 0.000000
0.000000 0.000000
0.000000 0.000000
0.000000 0.000000
0.000000 0.000000
0.000000 0.000000
0.000000 0.000000
0.000000 0.000000
0.000000 0.000000
0.000000 0.000000
0.000000 0.000000
0.000000 0.000000
0.000000 0.000000
0.000000 0.000000
0.000000 0.000000
0.000000 0.000000
0.000000 0.000000
0.000000 0.000000
0.000000 0.000000
0.000000 0.000000
0.000000 0.000000
0.000000 0.000000
0.000000 0.000000
0.000000 0.000000
0.000000 0.000000
0.000000 0.000000
0.000000 0.000000
0.000000 0.000000
0.000000 0.000000
0.000000 0.000000
0.000000 0.000000
0.000000 0.000000
0.000000 0.000000
0.000000 0.000000
0.000000 0.000000
0.000000 0.000000
0.000000 0.000000
0.000000 0.000000
0.000000 0.000000
0.000000 0.000000
0.000000 0.000000
0.000000 0.000000
0.000000 0.000000
0.000000 0.000000
0.000000 0.000000
0.000000 0.000000
0.000000 0.000000
0.000000 0.000000
0.000000 0.000000
0.000000 0.000000
0.000000 0.000000
0.000000 0.000000
0.000000 0.000000
0.000000 0.000000
0.000000 0.000000
0.000000 0.000000
0.000000 0.000000
0.000000 0.000000
0.000000 0.000000
0.000000 0.000000
0.000000 0.000000
0.000000 0.000000
0.000000 0.000000
0.000000 0.000000
0.000000 0.000000
0.000000 0.000000
0.000000 0.000000
0.000000 0.000000
0.000000 0.000000
0.000000 0.000000
0.000000 0.000000
0.000000 0.000000
0.000000 0.000000
0.000000 0.000000
0.000000 0.000000
0.000000 0.000000
0.000000 0.000000
0.000000 0.000000
0.000000 0.000000
0.000000 0.000000
0.000000 0.000000
0.000000 0.000000
0.000000 0.000000
0.000000 0.000000
0.000000 0.000000
0.000000 0.000000
0.000000 0.000000
0.000000 0.000000
0.000000 0.000000
0.000000 0.000000
0.000000 0.000000
0.000000 0.000000
0.000000 0.000000
0.000000 0.000000
0.000000 0.000000
0.000000 0.000000
0.000000 0.000000
0.000000 0.000000
0.000000 0.000000
0.000000 0.000000
0.000000 0.000000
0.000000 0.000000
0.000000 0.000000
0.000000 0.000000
0.000000 0.000000
0.000000 0.000000
0.000000 0.000000
0.000000 0.000000
0.000000 0.000000
0.000000 0.000000
0.000000 0.000000
0.000000 0.000000
0.000000 0.000000
0.000000 0.000000
0.000000 0.000000
0.000000 0.000000
0.000000 0.000000
0.000000 0.000000
0.000000 0.000000
0.000000 0.000000
0.000000 0.000000
0.000000 0.000000
0.000000 0.000000
0.000000 0.000000
0.000000 0.000000
0.000000 0.000000
0.000000 0.000000
0.000000 0.000000
0.000000 0.000000
0.000000 0.000000
0.000000 0.000000
0.000000 0.000000
0.000000 0.000000
0.000000 0.000000
0.000000 0.000000
0.000000 0.000000
0.000000 0.000000
0.000000 0.000000
0.000000 0.000000
0.000000 0.000000
0.000000 0.000000
0.000000 0.000000
0.000000 0.000000
0.000000 0.000000
0.000000 0.000000
0.000000 0.000000
0.000000 0.000000
0.000000 0.000000
0.000000 0.000000
0.000000 0.000000
0.000000 0.000000
0.000000 0.000000
0.000000 0.000000
0.000000 0.000000
0.000000 0.000000
0.000000 0.000000
0.000000 0.000000
0.000000 0.000000
0.000000 0.000000
0.000000 0.000000
0.000000 0.000000
0.000000 0.000000
0.000000 0.000000
0.000000 0.000000
0.000000 0.000000
0.000000 0.000000
0.000000 0.000000
0.000000 0.000000
0.000000 0.000000
0.000000 0.000000
0.000000 0.000000
0.000000 0.000000
0.000000 0.000000
0.000000 0.000000
0.000000 0.000000
0.000000 0.000000
0.000000 0.000000
0.000000 0.000000
0.000000 0.000000
24218.854943 0.000000
48243.180931 0.000000
72072.977963 0.000000
107428.615431 0.000000
107428.615431 0.000000
142297.930514 0.000000
199440.810995 0.000000
266164.242378 0.000000
276911.967006 0.000000
387817.787045 0.000000
489070.108097 0.000000
540839.125900 0.000000
684632.497788 0.000000
814918.265160 0.000000
912814.961337 0.000000
1027837.371639 0.000000
1187083.693932 0.000000
1284270.361880 0.000000
1311656.785964 0.000000
1133447.199106 0.000000
897453.360539 0.000000
667163.374072 0.000000
175997.135275 0.000000
8173.502449 0.000000
11054.960518 0.000000
12477.512643 0.000000
16006.803399 0.000000
21483.216521 0.000000
32430.486968 0.000000
37916.766597 0.000000
44834.575196 0.000000
53020.339461 0.000000
65720.939223 0.000000
78077.779207 0.000000
88440.337819 0.000000
92963.654137 0.000000
93086.709419 0.000000
79382.014732 0.000000
70370.442310 0.000000
78048.584387 0.000000
88761.077534 0.000000
94700.536273 0.000000
90948.923883 0.000000
74419.497519 0.000000
27409.956255 0.000000
25713.528063 0.000000
25413.951804 0.000000
8240.929174 0.000000
9988.659658 0.000000
13392.934688 0.000000
15866.353264 0.000000
20222.381596 0.000000
25427.579035 0.000000
28923.039993 0.000000
32866.831811 0.000000
37084.181657 0.000000
45344.107993 0.000000
50876.055004 0.000000
56136.343682 0.000000
58148.133243 0.000000
55784.896828 0.000000
40440.961326 0.000000
18708.311451 0.000000
1400.083485 0.000000
0.000000 0.000000
0.000000 0.000000
0.000000 0.000000
4.333098 0.000000
8.631392 0.000000
17.123568 0.000000
21.317450 0.000000
25.476528 0.000000
33.690272 0.000000
43.757329 0.000000
63.247569 0.000000
90.838440 0.000000
119.734461 0.000000
141.591373 0.000000
176.334466 0.000000
210.894838 0.000000
239.103480 0.000000
265.319593 0.000000
269.121930 0.000000
239.608138 0.000000
134.378376 0.000000
23.810854 0.000000
0.000000 0.000000
0.000000 0.000000
0.000000 0.000000
0.000000 0.000000
0.000000 0.000000
0.000000 0.000000
0.000000 0.000000
0.000000 0.000000
0.000000 0.000000
0.000000 0.000000
0.000000 0.000000
0.000000 0.000000
0.000000 0.000000
0.000000 0.000000
0.000000 0.000000
0.000000 0.000000
0.000000 0.000000
0.000000 0.000000
0.000000 0.000000
0.000000 0.000000
0.000000 0.000000
0.000000 0.000000
0.000000 0.000000
0.000000 0.000000
0.000000 0.000000
0.000000 0.000000
0.000000 0.000000
0.000000 0.000000
0.000000 0.000000
0.000000 0.000000
0.000000 0.000000
0.000000 0.000000
0.000000 0.000000
0.000000 0.000000
0.000000 0.000000
0.000000 0.000000
0.000000 0.000000
0.000000 0.000000
0.000000 0.000000
0.000000 0.000000
0.000000 0.000000
0.000000 0.000000
0.000000 0.000000
0.000000 0.000000
0.000000 0.000000
0.000000 0.000000
0.000000 0.000000
0.000000 0.000000
0.000000 0.000000
0.000000 0.000000
0.000000 0.000000
0.000000 0.000000
0.000000 0.000000
0.000000 0.000000
0.000000 0.000000
0.000000 0.000000
0.000000 0.000000
0.000000 0.000000
0.000000 0.000000
0.000000 0.000000
0.000000 0.000000
0.000000 0.000000
0.000000 0.000000
0.000000 0.000000
0.000000 0.000000
0.000000 0.000000
0.000000 0.000000
0.000000 0.000000
0.000000 0.000000
0.000000 0.000000
0.000000 0.000000
0.000000 0.000000
0.000000 0.000000
0.000000 0.000000
0.000000 0.000000
0.000000 0.000000
0.000000 0.000000
0.000000 0.000000
0.000000 0.000000
0.000000 0.000000
0.000000 0.000000
0.000000 0.000000
0.000000 0.000000
0.000000 0.000000
0.000000 0.000000
0.000000 0.000000
0.000000 0.000000
0.000000 0.000000
0.000000 0.000000
0.000000 0.000000
0.000000 0.000000
0.000000 0.000000
0.000000 0.000000
0.000000 0.000000
0.000000 0.000000
0.000000 0.000000
0.000000 0.000000
0.000000 0.000000
0.000000 0.000000
0.000000 0.000000
0.000000 0.000000
0.000000 0.000000
0.000000 0.000000
0.000000 0.000000
0.000000 0.000000
0.000000 0.000000
0.000000 0.000000
0.000000 0.000000
0.000000 0.000000
0.000000 0.000000
0.000000 0.000000
0.000000 0.000000
0.000000 0.000000
0.000000 0.000000
0.000000 0.000000
0.000000 0.000000
0.000000 0.000000
0.000000 0.000000
0.000000 0.000000
0.000000 0.000000
0.000000 0.000000
0.000000 0.000000
0.000000 0.000000
0.000000 0.000000
0.000000 0.000000
0.000000 0.000000
0.000000 0.000000
0.000000 0.000000
0.000000 0.000000
0.000000 0.000000
0.000000 0.000000
0.000000 0.000000
0.000000 0.000000
0.000000 0.000000
0.000000 0.000000
0.000000 0.000000
0.000000 0.000000
0.000000 0.000000
0.000000 0.000000
0.000000 0.000000
0.000000 0.000000
0.000000 0.000000
0.000000 0.000000
0.000000 0.000000
0.000000 0.000000
0.000000 0.000000
0.000000 0.000000
0.000000 0.000000
0.000000 0.000000
0.000000 0.000000
0.000000 0.000000
0.000000 0.000000
0.000000 0.000000
0.000000 0.000000
0.000000 0.000000
0.000000 0.000000
0.000000 0.000000
0.000000 0.000000
0.000000 0.000000
0.000000 0.000000
0.000000 0.000000
0.000000 0.000000
0.000000 0.000000
0.000000 0.000000
0.000000 0.000000
0.000000 0.000000
0.000000 0.000000
0.000000 0.000000
0.000000 0.000000
0.000000 0.000000
0.000000 0.000000
0.000000 0.000000
0.000000 0.000000
0.000000 0.000000
0.000000 0.000000
0.000000 0.000000
0.000000 0.000000
0.000000 0.000000
0.000000 0.000000
0.000000 0.000000
0.000000 0.000000
0.000000 0.000000
0.000000 0.000000
0.000000 0.000000
0.000000 0.000000
0.000000 0.000000
0.000000 0.000000
0.000000 0.000000
0.000000 0.000000
0.000000 0.000000
0.000000 0.000000
0.000000 0.000000
0.000000 0.000000
0.000000 0.000000
0.000000 0.000000
0.000000 0.000000
0.000000 0.000000
0.000000 0.000000
0.000000 0.000000
0.000000 0.000000
0.000000 0.000000
0.000000 0.000000
0.000000 0.000000
0.000000 0.000000
0.000000 0.000000
0.000000 0.000000
0.000000 0.000000
0.000000 0.000000
0.000000 0.000000
0.000000 0.000000
0.000000 0.000000
0.000000 0.000000
0.000000 0.000000
0.000000 0.000000
0.000000 0.000000
0.000000 0.000000
0.000000 0.000000
0.000000 0.000000
0.000000 0.000000
0.000000 0.000000
0.000000 0.000000
0.000000 0.000000
0.000000 0.000000
0.000000 0.000000
0.000000 0.000000
0.000000 0.000000
0.000000 0.000000
0.000000 0.000000
0.000000 0.000000
0.000000 0.000000
0.000000 0.000000
0.000000 0.000000
0.000000 0.000000
0.000000 0.000000
0.000000 0.000000
0.000000 0.000000
0.000000 0.000000
0.000000 0.000000
0.000000 0.000000
0.000000 0.000000
0.000000 0.000000
0.000000 0.000000
0.000000 0.000000
0.000000 0.000000
0.000000 0.000000
0.000000 0.000000
0.000000 0.000000
0.000000 0.000000
0.000000 0.000000
0.000000 0.000000
0.000000 0.000000
0.000000 0.000000
0.000000 0.000000
0.000000 0.000000
0.000000 0.000000
0.000000 0.000000
0.000000 0.000000
0.000000 0.000000
0.000000 0.000000
0.000000 0.000000
0.000000 0.000000
0.000000 0.000000
0.000000 0.000000
0.000000 0.000000
0.000000 0.000000
0.000000 0.000000
0.000000 0.000000
0.000000 0.000000
0.000000 0.000000
0.000000 0.000000
0.000000 0.000000
0.000000 0.000000
0.000000 0.000000
0.000000 0.000000
0.000000 0.000000
0.000000 0.000000
0.000000 0.000000
0.000000 0.000000
0.000000 0.000000
0.000000 0.000000
0.000000 0.000000
0.000000 0.000000
0.000000 0.000000
0.000000 0.000000
0.000000 0.000000
0.000000 0.000000
0.000000 0.000000
0.000000 0.000000
0.000000 0.000000
0.000000 0.000000
0.000000 0.000000
0.000000 0.000000
0.000000 0.000000
0.000000 0.000000
0.000000 0.000000
0.000000 0.000000
