120296437.970609 0.000000
116201375.166261 0.000000
110518758.292304 0.000000
107024830.002763 0.000000
103689139.180111 0.000000
100216895.154586 0.000000
96087799.987540 0.000000
91710957.989547 0.000000
87446099.269507 0.000000
84574446.135398 0.000000
82809162.615519 0.000000
79381732.578375 0.000000
75475176.768229 0.000000
72178142.686963 0.000000
68912458.166150 0.000000
68013519.973996 0.000000
62984030.238290 0.000000
60393176.936424 0.000000
57785654.513048 0.000000
54682801.230048 0.000000
52073250.200091 0.000000
48225071.263569 0.000000
45996799.708401 0.000000
44402197.215107 0.000000
41839634.972380 0.000000
41975457.841860 0.000000
41318213.924445 0.000000
32178380.400875 0.000000
26515421.774302 0.000000
22653153.191967 0.000000
18863192.118289 0.000000
21862457.047156 0.000000
25542568.910559 0.000000
28748500.930385 0.000000
31470091.822126 0.000000
29049344.106274 0.000000
29930041.208234 0.000000
30839430.543616 0.000000
31386685.634081 0.000000
31475847.804559 0.000000
29590838.423000 0.000000
26944373.005036 0.000000
30149086.914237 0.000000
29757842.032285 0.000000
27474535.955840 0.000000
22104101.642857 0.000000
11335907.953627 0.000000
10795204.561376 0.000000
13032011.038436 0.000000
15028234.559045 0.000000
16978815.852478 0.000000
18521309.870839 0.000000
18715236.582474 0.000000
17191141.016195 0.000000
15625855.194673 0.000000
17782268.316359 0.000000
19036563.489839 0.000000
18659605.812824 0.000000
16428520.505693 0.000000
11244025.442766 0.000000
8172824.210620 0.000000
9725160.341857 0.000000
11650040.586570 0.000000
13280226.003691 0.000000
11883778.438527 0.000000
5429880.481304 0.000000
6046103.428299 0.000000
5340245.670056 0.000000
3771516.298911 0.000000
4446719.259820 0.000000
5130914.144424 0.000000
5868830.253615 0.000000
5837524.728645 0.000000
2986573.355127 0.000000
2554174.283004 0.000000
2445946.314689 0.000000
2475497.170230 0.000000
2314279.539598 0.000000
2375779.425470 0.000000
2437573.884325 0.000000
2271500.561708 0.000000
1862132.100714 0.000000
1773794.775614 0.000000
1669775.069239 0.000000
1713312.676197 0.000000
1796587.257618 0.000000
926314.622372 0.000000
693473.317516 0.000000
464872.436331 0.000000
548458.858371 0.000000
681763.804479 0.000000
805393.000383 0.000000
921376.267981 0.000000
1009726.541264 0.000000
983727.045624 0.000000
1007183.108981 0.000000
963162.104325 0.000000
846984.273515 0.000000
726094.336147 0.000000
606452.846170 0.000000
524451.521836 0.000000
348300.982522 0.000000
236349.207493 0.000000
299978.041474 0.000000
373127.340848 0.000000
465983.598582 0.000000
549360.138400 0.000000
655371.100640 0.000000
749443.520648 0.000000
832340.511033 0.000000
848455.998915 0.000000
821675.302307 0.000000
836090.455505 0.000000
789298.376869 0.000000
689395.636648 0.000000
618561.099635 0.000000
514803.367035 0.000000
479616.843597 0.000000
451298.664530 0.000000
506683.349255 0.000000
557129.048623 0.000000
542767.046524 0.000000
501113.277791 0.000000
551023.962295 0.000000
551030.822423 0.000000
546788.019165 0.000000
555802.923161 0.000000
572652.083865 0.000000
601554.305765 0.000000
585269.337040 0.000000
590495.741721 0.000000
603268.333104 0.000000
600379.936098 0.000000
568877.673630 0.000000
545821.800746 0.000000
498927.453979 0.000000
491992.099478 0.000000
482917.673113 0.000000
515346.374313 0.000000
500472.070005 0.000000
492717.395630 0.000000
451425.600559 0.000000
394348.672462 0.000000
378434.654802 0.000000
352311.478716 0.000000
336321.679767 0.000000
339278.593759 0.000000
324819.475551 0.000000
345553.010357 0.000000
387579.030198 0.000000
416820.618951 0.000000
382494.409069 0.000000
359313.920624 0.000000
345006.714697 0.000000
342630.402722 0.000000
295534.324333 0.000000
268997.594493 0.000000
221637.103424 0.000000
184303.008557 0.000000
134363.478327 0.000000
120893.856757 0.000000
145150.272459 0.000000
169770.431272 0.000000
195247.387350 0.000000
217259.342369 0.000000
228148.141370 0.000000
221105.388492 0.000000
223474.258396 0.000000
224047.352543 0.000000
214801.560940 0.000000
186414.070980 0.000000
151874.515031 0.000000
126486.643820 0.000000
117492.878704 0.000000
125066.115609 0.000000
120325.765397 0.000000
96049.711454 0.000000
66230.686715 0.000000
74285.651371 0.000000
89071.834269 0.000000
107809.253614 0.000000
127774.623424 0.000000
149022.938862 0.000000
167269.303233 0.000000
176572.121322 0.000000
165004.065294 0.000000
169894.774434 0.000000
149964.876295 0.000000
148052.995599 0.000000
153997.656701 0.000000
120378.688465 0.000000
109473.359712 0.000000
83088.382103 0.000000
60178.090366 0.000000
74052.312021 0.000000
90199.588860 0.000000
105815.289676 0.000000
123266.353228 0.000000
138826.470811 0.000000
145985.232641 0.000000
144084.818696 0.000000
142359.757805 0.000000
147806.856779 0.000000
136446.427140 0.000000
119759.641860 0.000000
112977.399855 0.000000
99212.316316 0.000000
111300.199595 0.000000
114503.807523 0.000000
119171.517048 0.000000
122390.249669 0.000000
122369.125034 0.000000
110948.219226 0.000000
92627.612909 0.000000
76780.657533 0.000000
65750.464611 0.000000
46714.579914 0.000000
43155.591485 0.000000
50699.020779 0.000000
58396.521299 0.000000
65966.431099 0.000000
69838.610276 0.000000
67637.552707 0.000000
53329.365968 0.000000
41524.107161 0.000000
42079.406546 0.000000
50760.460129 0.000000
59679.535288 0.000000
69869.233867 0.000000
81579.113822 0.000000
94536.377394 0.000000
106571.875836 0.000000
115475.530052 0.000000
117193.572585 0.000000
109309.820475 0.000000
118850.331321 0.000000
120324.477397 0.000000
107253.041407 0.000000
90670.772297 0.000000
62887.020816 0.000000
58118.896635 0.000000
57591.068822 0.000000
65800.545593 0.000000
72628.210423 0.000000
75636.207092 0.000000
71445.018035 0.000000
51175.710492 0.000000
40419.378435 0.000000
33742.552596 0.000000
23294.066142 0.000000
16386.997481 0.000000
3399.117307 0.000000
4225.766885 0.000000
5384.717940 0.000000
6953.688474 0.000000
8217.491944 0.000000
10802.376495 0.000000
12350.195586 0.000000
15267.362084 0.000000
19595.905127 0.000000
23205.129195 0.000000
27895.769949 0.000000
33472.223415 0.000000
40617.685765 0.000000
46389.223498 0.000000
51911.799351 0.000000
55220.736938 0.000000
53443.002912 0.000000
48283.207576 0.000000
44626.057855 0.000000
42898.934065 0.000000
31613.487258 0.000000
22566.898035 0.000000
20761.441673 0.000000
25704.252218 0.000000
29377.825632 0.000000
34246.970296 0.000000
41146.354697 0.000000
46406.181857 0.000000
53719.775635 0.000000
59557.499017 0.000000
63516.502114 0.000000
66192.747103 0.000000
67233.628764 0.000000
60714.462398 0.000000
50541.151121 0.000000
38070.588741 0.000000
40994.528017 0.000000
40518.311118 0.000000
33875.811966 0.000000
18715.819780 0.000000
19961.188156 0.000000
21343.422636 0.000000
18367.830110 0.000000
12070.677851 0.000000
7008.201268 0.000000
8532.481668 0.000000
10497.147238 0.000000
12359.948409 0.000000
14799.845941 0.000000
18113.030800 0.000000
21450.716960 0.000000
24424.971595 0.000000
27088.216746 0.000000
27907.278168 0.000000
25884.582292 0.000000
24663.277713 0.000000
20865.405211 0.000000
14232.118481 0.000000
8414.422545 0.000000
1709.318139 0.000000
2216.358670 0.000000
2746.005871 0.000000
3560.213808 0.000000
4499.814488 0.000000
5892.010902 0.000000
7077.253855 0.000000
8939.293901 0.000000
10983.722028 0.000000
12791.872151 0.000000
14653.746537 0.000000
15812.225924 0.000000
16805.049916 0.000000
19488.806696 0.000000
21762.528732 0.000000
23320.642142 0.000000
22894.487367 0.000000
20149.737218 0.000000
20024.741520 0.000000
21170.051366 0.000000
20331.939742 0.000000
22704.691758 0.000000
27251.826345 0.000000
32547.504797 0.000000
38498.578688 0.000000
44956.507857 0.000000
49852.578570 0.000000
53628.043352 0.000000
51404.936883 0.000000
53133.762072 0.000000
42808.721512 0.000000
36363.364425 0.000000
38767.714710 0.000000
38253.364066 0.000000
31735.216513 0.000000
28554.856086 0.000000
31181.299929 0.000000
33794.537550 0.000000
36977.230280 0.000000
35999.681271 0.000000
34528.403022 0.000000
37078.828643 0.000000
37729.263482 0.000000
37942.992564 0.000000
42032.886742 0.000000
44273.335680 0.000000
43042.545440 0.000000
34407.614109 0.000000
31792.303497 0.000000
27091.127030 0.000000
22656.085105 0.000000
21016.942417 0.000000
21246.418255 0.000000
17880.436258 0.000000
20082.827836 0.000000
21957.156777 0.000000
22338.947341 0.000000
20479.131471 0.000000
13538.272799 0.000000
12149.174108 0.000000
14780.424777 0.000000
16663.313522 0.000000
19895.110034 0.000000
22263.153276 0.000000
23437.471547 0.000000
24113.948527 0.000000
24939.511860 0.000000
28362.363582 0.000000
30434.224164 0.000000
31057.388340 0.000000
34004.806713 0.000000
36227.455142 0.000000
39915.913693 0.000000
40556.784493 0.000000
41393.553749 0.000000
38904.746369 0.000000
28987.560899 0.000000
16773.246294 0.000000
12953.422593 0.000000
15433.387110 0.000000
18101.184661 0.000000
21001.761100 0.000000
23068.654447 0.000000
24714.875840 0.000000
23814.983342 0.000000
23500.057862 0.000000
24641.935626 0.000000
25008.615620 0.000000
25804.926486 0.000000
27107.504551 0.000000
27941.111720 0.000000
28789.801470 0.000000
29151.329140 0.000000
30865.493037 0.000000
30806.467519 0.000000
25424.065841 0.000000
19963.374001 0.000000
14563.424340 0.000000
10277.947493 0.000000
1774.046055 0.000000
1805.130703 0.000000
2237.972488 0.000000
2742.243249 0.000000
3621.375354 0.000000
4416.730716 0.000000
5608.737717 0.000000
6983.062271 0.000000
8656.579036 0.000000
9989.957443 0.000000
11820.883313 0.000000
13758.817296 0.000000
15720.411532 0.000000
17411.547299 0.000000
18070.811026 0.000000
18423.270627 0.000000
19843.630021 0.000000
21460.654859 0.000000
22577.367322 0.000000
25572.290825 0.000000
27395.684879 0.000000
29236.247864 0.000000
32687.278644 0.000000
34275.517534 0.000000
36095.201127 0.000000
36553.320075 0.000000
33196.754069 0.000000
23809.405405 0.000000
22521.581488 0.000000
18411.945924 0.000000
11144.610175 0.000000
9835.675735 0.000000
10864.920177 0.000000
12659.633947 0.000000
14313.422667 0.000000
15644.968183 0.000000
14421.065334 0.000000
11381.931966 0.000000
8209.715224 0.000000
5911.382960 0.000000
4856.147959 0.000000
1364.174608 0.000000
363.870105 0.000000
576.937651 0.000000
757.355430 0.000000
1079.656161 0.000000
1459.327504 0.000000
1940.598427 0.000000
2490.190627 0.000000
3101.611842 0.000000
3989.367855 0.000000
5120.754250 0.000000
6679.325716 0.000000
8345.901482 0.000000
10368.783374 0.000000
12494.216388 0.000000
15002.998076 0.000000
17793.618212 0.000000
21366.848412 0.000000
23908.559959 0.000000
27278.957506 0.000000
29670.676639 0.000000
29742.278498 0.000000
25131.617373 0.000000
17658.935088 0.000000
14079.067336 0.000000
9730.835079 0.000000
1140.370429 0.000000
7.596396 0.000000
120.723256 0.000000
226.057597 0.000000
383.629655 0.000000
540.673384 0.000000
760.660713 0.000000
941.340597 0.000000
1264.247540 0.000000
1908.103741 0.000000
2358.579457 0.000000
2937.883944 0.000000
3736.358029 0.000000
4993.120560 0.000000
6263.766917 0.000000
7906.852757 0.000000
9004.131591 0.000000
10890.366025 0.000000
12640.759573 0.000000
15031.216367 0.000000
17080.633837 0.000000
18645.099747 0.000000
18939.002031 0.000000
16834.200298 0.000000
12679.271857 0.000000
7245.268080 0.000000
4574.616329 0.000000
2138.712402 0.000000
2496.527895 0.000000
3223.626032 0.000000
3893.804508 0.000000
4800.550761 0.000000
6034.553296 0.000000
7485.235129 0.000000
8991.042400 0.000000
11335.338910 0.000000
13937.377423 0.000000
16681.294050 0.000000
19477.293515 0.000000
21832.207278 0.000000
23547.377105 0.000000
24068.486445 0.000000
22167.601607 0.000000
19717.398626 0.000000
19574.430966 0.000000
17159.285966 0.000000
12285.679897 0.000000
8409.174863 0.000000
5999.249182 0.000000
5159.626609 0.000000
4265.595391 0.000000
5116.705507 0.000000
6357.825355 0.000000
7610.013112 0.000000
8678.057970 0.000000
9146.336801 0.000000
9892.668251 0.000000
11528.036062 0.000000
13143.077918 0.000000
14737.974869 0.000000
16662.321863 0.000000
17476.538463 0.000000
17023.085899 0.000000
16526.345630 0.000000
17311.175321 0.000000
17009.406311 0.000000
14561.546293 0.000000
10654.658979 0.000000
11576.041729 0.000000
11733.969819 0.000000
10524.604825 0.000000
6886.830955 0.000000
4756.940478 0.000000
4289.343602 0.000000
5043.640127 0.000000
6002.277590 0.000000
7100.550389 0.000000
7922.410705 0.000000
8427.137853 0.000000
8757.519060 0.000000
9164.346816 0.000000
8631.460497 0.000000
8214.220028 0.000000
6364.906148 0.000000
5295.849202 0.000000
4247.853513 0.000000
2732.455165 0.000000
1329.847883 0.000000
102.673614 0.000000
163.549299 0.000000
214.731683 0.000000
269.124076 0.000000
335.101292 0.000000
435.656845 0.000000
592.412461 0.000000
725.336195 0.000000
838.879329 0.000000
1063.063143 0.000000
1243.586571 0.000000
1567.973142 0.000000
2053.055515 0.000000
2458.856633 0.000000
3048.286635 0.000000
3557.508217 0.000000
4078.629028 0.000000
4699.644022 0.000000
5075.987900 0.000000
5210.998433 0.000000
5417.828500 0.000000
5932.864349 0.000000
6277.818249 0.000000
6776.724303 0.000000
7169.504175 0.000000
7175.572303 0.000000
6073.801085 0.000000
3405.082758 0.000000
1822.096515 0.000000
33.758348 0.000000
67.381392 0.000000
100.869132 0.000000
134.221568 0.000000
183.996527 0.000000
258.084408 0.000000
339.605063 0.000000
444.305456 0.000000
555.424784 0.000000
618.122183 0.000000
780.158471 0.000000
1019.807964 0.000000
1257.294612 0.000000
1524.594202 0.000000
1960.667950 0.000000
2387.434214 0.000000
2804.522682 0.000000
3316.351958 0.000000
3823.086699 0.000000
4125.474396 0.000000
4287.500323 0.000000
4000.871313 0.000000
2878.581072 0.000000
2435.589219 0.000000
1907.570765 0.000000
1355.589296 0.000000
1683.054926 0.000000
2002.527407 0.000000
2445.644552 0.000000
3018.694481 0.000000
3671.762118 0.000000
4403.730329 0.000000
5049.614167 0.000000
5898.134231 0.000000
7027.098881 0.000000
8258.124812 0.000000
9333.304720 0.000000
10126.213059 0.000000
10296.895905 0.000000
8824.482058 0.000000
6958.158857 0.000000
4130.554800 0.000000
2359.289060 0.000000
741.113530 0.000000
903.176362 0.000000
1237.914562 0.000000
1652.463349 0.000000
1969.336743 0.000000
2569.444265 0.000000
3194.334911 0.000000
4003.132829 0.000000
4902.917276 0.000000
5778.107929 0.000000
6614.901476 0.000000
7478.315343 0.000000
8038.547060 0.000000
7900.894910 0.000000
6579.069248 0.000000
4867.797779 0.000000
4733.987746 0.000000
3831.259799 0.000000
1786.042599 0.000000
188.407729 0.000000
181.046967 0.000000
220.776086 0.000000
268.218805 0.000000
323.427621 0.000000
379.857396 0.000000
472.740248 0.000000
588.460629 0.000000
723.613956 0.000000
845.424444 0.000000
983.855731 0.000000
1158.439560 0.000000
1278.259674 0.000000
1403.543856 0.000000
1214.761426 0.000000
1207.414843 0.000000
692.186573 0.000000
389.969153 0.000000
272.345534 0.000000
38.754537 0.000000
58.913495 0.000000
81.204436 0.000000
111.663543 0.000000
135.507692 0.000000
162.102738 0.000000
201.736997 0.000000
268.637420 0.000000
362.131883 0.000000
451.756279 0.000000
556.468236 0.000000
671.664100 0.000000
773.439514 0.000000
932.372771 0.000000
1078.130155 0.000000
1189.687237 0.000000
1256.595131 0.000000
1266.367323 0.000000
1151.732006 0.000000
1164.857859 0.000000
1339.608701 0.000000
1472.980678 0.000000
1678.898051 0.000000
1735.913755 0.000000
1879.581557 0.000000
2100.301490 0.000000
2610.210960 0.000000
3141.452676 0.000000
3701.519835 0.000000
4290.928836 0.000000
4794.847091 0.000000
4993.375661 0.000000
4757.817215 0.000000
3681.137120 0.000000
1715.077280 0.000000
102.359837 0.000000
0.000000 0.000000
0.000000 0.000000
0.000000 0.000000
0.000000 0.000000
0.000000 0.000000
0.000000 0.000000
0.000000 0.000000
0.000000 0.000000
0.000000 0.000000
0.000000 0.000000
0.000000 0.000000
0.000000 0.000000
0.000000 0.000000
0.000000 0.000000
0.000000 0.000000
0.000000 0.000000
0.000000 0.000000
0.000000 0.000000
0.000000 0.000000
0.000000 0.000000
0.000000 0.000000
0.000000 0.000000
0.000000 0.000000
0.000000 0.000000
0.000000 0.000000
0.000000 0.000000
0.000000 0.000000
0.000000 0.000000
0.000000 0.000000
0.000000 0.000000
0.000000 0.000000
0.000000 0.000000
0.000000 0.000000
0.000000 0.000000
0.000000 0.000000
0.000000 0.000000
0.000000 0.000000
0.000000 0.000000
0.000000 0.000000
0.000000 0.000000
0.000000 0.000000
0.000000 0.000000
0.000000 0.000000
0.000000 0.000000
0.000000 0.000000
0.000000 0.000000
0.000000 0.000000
0.000000 0.000000
0.000000 0.000000
0.000000 0.000000
0.000000 0.000000
0.000000 0.000000
0.000000 0.000000
0.000000 0.000000
0.000000 0.000000
0.000000 0.000000
0.000000 0.000000
0.000000 0.000000
0.000000 0.000000
0.000000 0.000000
0.000000 0.000000
0.000000 0.000000
0.000000 0.000000
0.000000 0.000000
0.000000 0.000000
0.000000 0.000000
18.961020 0.000000
37.884080 0.000000
75.616320 0.000000
94.425500 0.000000
113.196720 0.000000
113.196720 0.000000
150.625280 0.000000
225.026880 0.000000
335.490480 0.000000
399.291750 0.000000
480.630540 0.000000
596.683750 0.000000
745.800120 0.000000
938.888405 0.000000
1204.978515 0.000000
1534.865150 0.000000
1887.380690 0.000000
2288.969020 0.000000
2805.437028 0.000000
3295.214402 0.000000
3871.452692 0.000000
4257.172304 0.000000
4505.970523 0.000000
4420.943395 0.000000
3772.948500 0.000000
2871.225352 0.000000
2819.430186 0.000000
2286.296258 0.000000
1103.629619 0.000000
377.411025 0.000000
96.527103 0.000000
127.524432 0.000000
145.358747 0.000000
211.124400 0.000000
259.398189 0.000000
327.937296 0.000000
419.126946 0.000000
524.666641 0.000000
691.708520 0.000000
855.988888 0.000000
1081.820368 0.000000
1373.276562 0.000000
1609.571346 0.000000
1878.834240 0.000000
2138.960194 0.000000
2401.066178 0.000000
2641.360460 0.000000
2731.830552 0.000000
2480.593918 0.000000
1838.798444 0.000000
1502.544397 0.000000
1330.884797 0.000000
769.131541 0.000000
360.480859 0.000000
440.824467 0.000000
528.574679 0.000000
620.082707 0.000000
701.255002 0.000000
776.466517 0.000000
820.554938 0.000000
799.493106 0.000000
769.354456 0.000000
826.785550 0.000000
843.765937 0.000000
775.357216 0.000000
786.241292 0.000000
837.859355 0.000000
941.591743 0.000000
1023.917665 0.000000
1139.351454 0.000000
1293.396734 0.000000
1495.530525 0.000000
1604.519844 0.000000
1710.182081 0.000000
1913.765880 0.000000
2131.548832 0.000000
2253.186362 0.000000
2528.931613 0.000000
2756.480532 0.000000
2725.091417 0.000000
2389.567519 0.000000
1641.883090 0.000000
1155.025222 0.000000
666.398674 0.000000
889.047931 0.000000
1131.083790 0.000000
1398.517927 0.000000
1819.405380 0.000000
2184.054939 0.000000
2622.815738 0.000000
3177.495057 0.000000
3756.804502 0.000000
4335.174904 0.000000
5014.803987 0.000000
5603.870444 0.000000
6026.741757 0.000000
6008.482804 0.000000
4934.454437 0.000000
3880.314970 0.000000
3734.476420 0.000000
2909.832467 0.000000
1481.853185 0.000000
910.354681 0.000000
430.474089 0.000000
516.632104 0.000000
602.632608 0.000000
723.256872 0.000000
876.114526 0.000000
1029.677945 0.000000
1270.931406 0.000000
1467.156804 0.000000
1724.297727 0.000000
1976.282162 0.000000
2111.606712 0.000000
1828.040351 0.000000
1198.434289 0.000000
925.498985 0.000000
782.561927 0.000000
451.469361 0.000000
368.005557 0.000000
444.549118 0.000000
550.829570 0.000000
647.912100 0.000000
759.650616 0.000000
855.679927 0.000000
728.840210 0.000000
715.936767 0.000000
593.204116 0.000000
409.504163 0.000000
426.022749 0.000000
308.196008 0.000000
337.237732 0.000000
360.622023 0.000000
348.651808 0.000000
210.047633 0.000000
33.144042 0.000000
14.472949 0.000000
23.638621 0.000000
30.348403 0.000000
38.224186 0.000000
43.928297 0.000000
60.076536 0.000000
68.949392 0.000000
96.731391 0.000000
117.275798 0.000000
154.798237 0.000000
199.357910 0.000000
242.904765 0.000000
304.240850 0.000000
349.654795 0.000000
420.169079 0.000000
498.056016 0.000000
580.702163 0.000000
651.439619 0.000000
712.149948 0.000000
733.851944 0.000000
733.172804 0.000000
694.306780 0.000000
497.527018 0.000000
349.283373 0.000000
218.458020 0.000000
281.608526 0.000000
380.168117 0.000000
397.955089 0.000000
451.461597 0.000000
486.779085 0.000000
565.684218 0.000000
652.438205 0.000000
850.812782 0.000000
1056.500151 0.000000
1197.438030 0.000000
1451.262594 0.000000
1835.744334 0.000000
2353.189705 0.000000
2859.350344 0.000000
3473.448976 0.000000
4011.149168 0.000000
4553.180723 0.000000
5164.638773 0.000000
5440.554621 0.000000
5240.400217 0.000000
4038.649242 0.000000
2232.604362 0.000000
1419.433334 0.000000
146.690700 0.000000
178.402381 0.000000
250.948827 0.000000
303.619440 0.000000
381.080642 0.000000
471.307197 0.000000
584.585025 0.000000
701.400173 0.000000
804.088379 0.000000
960.773766 0.000000
1060.068486 0.000000
1147.413969 0.000000
1196.238393 0.000000
1006.299771 0.000000
1210.798826 0.000000
1504.611412 0.000000
1874.500665 0.000000
2246.941265 0.000000
2699.910163 0.000000
3093.344006 0.000000
3468.902749 0.000000
3844.488214 0.000000
4193.168054 0.000000
4601.573661 0.000000
4886.714785 0.000000
4972.823453 0.000000
4497.712898 0.000000
3301.183997 0.000000
2896.618945 0.000000
1716.786297 0.000000
784.388347 0.000000
497.670517 0.000000
557.672956 0.000000
606.443142 0.000000
624.273567 0.000000
571.267258 0.000000
399.325401 0.000000
423.704554 0.000000
465.417215 0.000000
443.627392 0.000000
404.553158 0.000000
282.727169 0.000000
42.782268 0.000000
51.539610 0.000000
64.782313 0.000000
85.333067 0.000000
105.116837 0.000000
139.630227 0.000000
171.070305 0.000000
204.381280 0.000000
235.015282 0.000000
280.395700 0.000000
316.251577 0.000000
341.432968 0.000000
348.254278 0.000000
304.907889 0.000000
180.640946 0.000000
197.670595 0.000000
209.043629 0.000000
206.901831 0.000000
174.781034 0.000000
93.460398 0.000000
29.018029 0.000000
27.335082 0.000000
39.097362 0.000000
57.863411 0.000000
72.294670 0.000000
96.279973 0.000000
