30991558.118721 0.000000
29979541.268705 0.000000
29425409.417443 0.000000
28490903.720610 0.000000
28426132.347670 0.000000
28012537.707573 0.000000
26677088.166874 0.000000
25642529.689846 0.000000
24638464.898626 0.000000
24456967.191009 0.000000
23343215.605828 0.000000
21501354.959939 0.000000
18844639.263913 0.000000
16760128.397194 0.000000
15161788.508337 0.000000
13936671.923346 0.000000
12142926.021680 0.000000
11971507.595039 0.000000
11962153.796855 0.000000
11542704.587542 0.000000
10556688.382722 0.000000
10244040.343956 0.000000
10205996.917907 0.000000
9960358.116217 0.000000
9403401.848785 0.000000
7256309.043605 0.000000
4887929.841025 0.000000
4299968.767626 0.000000
5126679.355646 0.000000
5748120.690262 0.000000
5725439.438305 0.000000
5663760.080170 0.000000
5486614.976909 0.000000
5185787.010618 0.000000
5076344.110431 0.000000
4781885.799313 0.000000
4368852.530603 0.000000
4241821.169261 0.000000
3859025.052126 0.000000
3903373.407663 0.000000
4197425.026461 0.000000
4293032.145319 0.000000
4474766.871124 0.000000
4524657.478044 0.000000
4571393.778111 0.000000
4547596.443849 0.000000
4185620.483878 0.000000
4105118.108753 0.000000
3995406.416124 0.000000
3376219.358897 0.000000
3250084.647131 0.000000
3333570.938495 0.000000
3165161.004805 0.000000
3142043.812599 0.000000
3102267.300695 0.000000
2832365.156380 0.000000
2820048.083072 0.000000
2825114.329248 0.000000
2983433.260577 0.000000
2892562.210853 0.000000
2758811.215018 0.000000
2315289.680889 0.000000
2111035.166662 0.000000
2233883.390821 0.000000
2323427.092953 0.000000
2321955.792327 0.000000
2045523.294678 0.000000
1734089.858835 0.000000
1253517.154458 0.000000
1057417.128942 0.000000
1108747.005960 0.000000
1214435.964716 0.000000
1046059.782387 0.000000
518162.162841 0.000000
324958.249089 0.000000
126710.049962 0.000000
107271.435266 0.000000
150503.293837 0.000000
188096.962030 0.000000
230461.991602 0.000000
283381.235614 0.000000
359519.497648 0.000000
418966.441310 0.000000
494972.592073 0.000000
604549.586523 0.000000
687562.792470 0.000000
754769.920272 0.000000
789851.612080 0.000000
750324.771169 0.000000
586873.413744 0.000000
407245.717270 0.000000
104122.738204 0.000000
38345.412312 0.000000
46986.603798 0.000000
59210.106086 0.000000
83751.956674 0.000000
105946.617230 0.000000
126508.019244 0.000000
162008.029868 0.000000
215256.693369 0.000000
265804.561233 0.000000
322027.609708 0.000000
370801.150263 0.000000
438420.799157 0.000000
492337.779433 0.000000
500456.458281 0.000000
442737.269038 0.000000
342841.979321 0.000000
156321.772812 0.000000
47784.670243 0.000000
48916.840681 0.000000
68390.337692 0.000000
80419.483672 0.000000
92601.281467 0.000000
119614.396118 0.000000
149172.060592 0.000000
180764.330627 0.000000
212377.273785 0.000000
236538.203321 0.000000
257295.543223 0.000000
256942.701422 0.000000
227949.307023 0.000000
240406.641045 0.000000
250066.851624 0.000000
252833.596868 0.000000
227421.791263 0.000000
160843.775289 0.000000
97927.649839 0.000000
66771.259789 0.000000
69489.289160 0.000000
74614.996932 0.000000
76731.090242 0.000000
68382.824050 0.000000
81114.885898 0.000000
94472.529946 0.000000
108628.386300 0.000000
123866.570111 0.000000
136441.977655 0.000000
134527.011335 0.000000
123484.187358 0.000000
126688.890353 0.000000
130921.697196 0.000000
133157.586781 0.000000
134558.469321 0.000000
118549.302076 0.000000
108481.288751 0.000000
121631.457426 0.000000
122568.514734 0.000000
110961.604798 0.000000
93926.002514 0.000000
106051.764146 0.000000
113755.501589 0.000000
111845.795568 0.000000
102102.918500 0.000000
86564.812923 0.000000
86466.940506 0.000000
75725.144756 0.000000
44142.882937 0.000000
48284.069695 0.000000
53270.060963 0.000000
55300.081399 0.000000
46071.012628 0.000000
15554.964390 0.000000
19688.996352 0.000000
22625.305575 0.000000
26052.820780 0.000000
31213.873242 0.000000
34295.452543 0.000000
11933.452210 0.000000
10472.186082 0.000000
8349.531850 0.000000
9959.303179 0.000000
11071.962324 0.000000
11584.501862 0.000000
11334.829038 0.000000
11082.281956 0.000000
10832.860423 0.000000
9203.868222 0.000000
3438.964381 0.000000
686.884990 0.000000
928.999498 0.000000
1048.524382 0.000000
1284.509409 0.000000
1744.220501 0.000000
2241.857758 0.000000
2614.606835 0.000000
3025.282077 0.000000
3751.242509 0.000000
4290.636857 0.000000
5030.771714 0.000000
5856.080822 0.000000
6733.641069 0.000000
7517.659481 0.000000
7932.887440 0.000000
7957.980176 0.000000
7118.735901 0.000000
4919.366688 0.000000
409.910782 0.000000
0.000000 0.000000
0.000000 0.000000
0.000000 0.000000
0.000000 0.000000
0.000000 0.000000
0.000000 0.000000
0.000000 0.000000
0.000000 0.000000
0.000000 0.000000
0.000000 0.000000
0.000000 0.000000
0.000000 0.000000
0.000000 0.000000
0.000000 0.000000
0.000000 0.000000
16.257919 0.000000
32.450676 0.000000
64.640704 0.000000
96.570084 0.000000
159.646900 0.000000
237.026775 0.000000
327.732279 0.000000
394.213585 0.000000
502.072776 0.000000
660.334801 0.000000
877.974801 0.000000
1120.833094 0.000000
1290.171999 0.000000
1492.385526 0.000000
1688.262009 0.000000
1876.817155 0.000000
1990.812226 0.000000
1937.696834 0.000000
1548.581462 0.000000
724.031716 0.000000
215.709314 0.000000
100.371283 0.000000
120.184203 0.000000
150.681615 0.000000
179.115964 0.000000
218.737800 0.000000
264.402768 0.000000
313.582855 0.000000
382.838316 0.000000
429.920528 0.000000
478.242199 0.000000
502.165992 0.000000
474.957144 0.000000
375.549707 0.000000
159.174480 0.000000
9.976400 0.000000
11.922816 0.000000
16.717596 0.000000
23.259264 0.000000
33.135900 0.000000
39.164496 0.000000
44.173056 0.000000
52.194896 0.000000
59.066396 0.000000
69.099804 0.000000
82.048764 0.000000
95.944464 0.000000
107.696256 0.000000
120.400896 0.000000
127.150236 0.000000
122.559056 0.000000
94.411356 0.000000
26.001756 0.000000
0.000000 0.000000
0.000000 0.000000
0.000000 0.000000
0.000000 0.000000
0.000000 0.000000
0.000000 0.000000
0.000000 0.000000
0.000000 0.000000
0.000000 0.000000
0.000000 0.000000
0.000000 0.000000
0.000000 0.000000
0.000000 0.000000
0.000000 0.000000
0.000000 0.000000
0.000000 0.000000
0.000000 0.000000
0.000000 0.000000
0.000000 0.000000
0.000000 0.000000
0.000000 0.000000
0.000000 0.000000
0.000000 0.000000
0.000000 0.000000
0.000000 0.000000
0.000000 0.000000
0.000000 0.000000
0.000000 0.000000
0.000000 0.000000
0.000000 0.000000
0.000000 0.000000
0.000000 0.000000
0.000000 0.000000
0.000000 0.000000
0.000000 0.000000
0.000000 0.000000
0.000000 0.000000
0.000000 0.000000
0.000000 0.000000
0.000000 0.000000
0.000000 0.000000
0.000000 0.000000
0.000000 0.000000
0.000000 0.000000
21.322769 0.000000
42.560076 0.000000
63.711921 0.000000
84.778304 0.000000
105.759225 0.000000
168.189216 0.000000
229.850049 0.000000
330.908864 0.000000
429.831129 0.000000
507.430625 0.000000
621.990844 0.000000
841.334077 0.000000
1080.856068 0.000000
1241.687764 0.000000
1468.015541 0.000000
1689.604805 0.000000
2014.437568 0.000000
2250.841253 0.000000
2464.759055 0.000000
2663.376129 0.000000
2674.051616 0.000000
2347.296502 0.000000
1259.636808 0.000000
136.566144 0.000000
173.492909 0.000000
210.607269 0.000000
263.686824 0.000000
328.299060 0.000000
389.031156 0.000000
453.529656 0.000000
527.310548 0.000000
565.026057 0.000000
571.078777 0.000000
518.705881 0.000000
325.415011 0.000000
120.171658 0.000000
0.000000 0.000000
0.000000 0.000000
0.000000 0.000000
0.000000 0.000000
0.000000 0.000000
0.000000 0.000000
0.000000 0.000000
0.000000 0.000000
0.000000 0.000000
0.000000 0.000000
0.000000 0.000000
0.000000 0.000000
0.000000 0.000000
0.000000 0.000000
0.000000 0.000000
0.000000 0.000000
0.000000 0.000000
0.000000 0.000000
0.000000 0.000000
0.000000 0.000000
0.000000 0.000000
0.000000 0.000000
0.000000 0.000000
0.000000 0.000000
0.000000 0.000000
0.000000 0.000000
0.000000 0.000000
0.000000 0.000000
0.000000 0.000000
0.000000 0.000000
0.000000 0.000000
0.000000 0.000000
0.000000 0.000000
0.000000 0.000000
0.000000 0.000000
0.000000 0.000000
0.000000 0.000000
0.000000 0.000000
0.000000 0.000000
0.000000 0.000000
0.000000 0.000000
0.000000 0.000000
0.000000 0.000000
0.000000 0.000000
0.000000 0.000000
0.000000 0.000000
0.000000 0.000000
0.000000 0.000000
0.000000 0.000000
0.000000 0.000000
0.000000 0.000000
0.000000 0.000000
0.000000 0.000000
0.000000 0.000000
0.000000 0.000000
0.000000 0.000000
0.000000 0.000000
0.000000 0.000000
0.000000 0.000000
0.000000 0.000000
0.000000 0.000000
0.000000 0.000000
0.000000 0.000000
0.000000 0.000000
0.000000 0.000000
0.000000 0.000000
0.000000 0.000000
0.000000 0.000000
0.000000 0.000000
0.000000 0.000000
0.000000 0.000000
0.000000 0.000000
0.000000 0.000000
0.000000 0.000000
0.000000 0.000000
0.000000 0.000000
0.000000 0.000000
0.000000 0.000000
0.000000 0.000000
0.000000 0.000000
0.000000 0.000000
0.000000 0.000000
0.000000 0.000000
0.000000 0.000000
0.000000 0.000000
0.000000 0.000000
0.000000 0.000000
0.000000 0.000000
0.000000 0.000000
0.000000 0.000000
0.000000 0.000000
0.000000 0.000000
0.000000 0.000000
0.000000 0.000000
0.000000 0.000000
0.000000 0.000000
0.000000 0.000000
0.000000 0.000000
0.000000 0.000000
0.000000 0.000000
0.000000 0.000000
0.000000 0.000000
0.000000 0.000000
0.000000 0.000000
0.000000 0.000000
0.000000 0.000000
0.000000 0.000000
0.000000 0.000000
0.000000 0.000000
0.000000 0.000000
0.000000 0.000000
0.000000 0.000000
0.000000 0.000000
0.000000 0.000000
0.000000 0.000000
0.000000 0.000000
0.000000 0.000000
0.000000 0.000000
0.000000 0.000000
0.000000 0.000000
0.000000 0.000000
0.000000 0.000000
0.000000 0.000000
0.000000 0.000000
0.000000 0.000000
14.988463 0.000000
29.916852 0.000000
44.785167 0.000000
59.593408 0.000000
89.029668 0.000000
118.225632 0.000000
161.569023 0.000000
204.371748 0.000000
274.508143 0.000000
329.535927 0.000000
423.521700 0.000000
552.680800 0.000000
627.292708 0.000000
804.360823 0.000000
957.429375 0.000000
1108.365300 0.000000
1345.988007 0.000000
1507.226623 0.000000
1655.158848 0.000000
1772.753703 0.000000
1872.987172 0.000000
1799.186263 0.000000
1430.241792 0.000000
356.689375 0.000000
0.000000 0.000000
0.000000 0.000000
0.000000 0.000000
0.000000 0.000000
0.000000 0.000000
0.000000 0.000000
0.000000 0.000000
0.000000 0.000000
0.000000 0.000000
0.000000 0.000000
0.000000 0.000000
0.000000 0.000000
0.686125 0.000000
1.369500 0.000000
2.050125 0.000000
2.728000 0.000000
3.403125 0.000000
4.075500 0.000000
6.076125 0.000000
9.355500 0.000000
11.290125 0.000000
15.085125 0.000000
19.080901 0.000000
25.869789 0.000000
31.479829 0.000000
37.036989 0.000000
42.302133 0.000000
51.643440 0.000000
61.543485 0.000000
71.452349 0.000000
80.941656 0.000000
84.411425 0.000000
81.797432 0.000000
66.173132 0.000000
30.678436 0.000000
3.591704 0.000000
3.753900 0.000000
4.476816 0.000000
6.359184 0.000000
7.048044 0.000000
9.058896 0.000000
50.070902 0.000000
90.683483 0.000000
94.378632 0.000000
97.618670 0.000000
119.944753 0.000000
141.767189 0.000000
200.250195 0.000000
236.042464 0.000000
249.751207 0.000000
327.755032 0.000000
226.695919 0.000000
289.170828 0.000000
315.362297 0.000000
359.121730 0.000000
435.873699 0.000000
567.746221 0.000000
706.835066 0.000000
900.391922 0.000000
1091.208272 0.000000
1259.381755 0.000000
1472.132692 0.000000
1666.134528 0.000000
1878.162016 0.000000
1992.622128 0.000000
1864.958125 0.000000
1391.589805 0.000000
1084.771065 0.000000
763.498029 0.000000
148.354141 0.000000
30.558355 0.000000
32.905202 0.000000
16.694704 0.000000
22.764459 0.000000
24.392290 0.000000
31.852756 0.000000
42.615907 0.000000
56.601660 0.000000
69.548394 0.000000
107.715087 0.000000
145.135684 0.000000
178.075126 0.000000
209.640690 0.000000
258.317425 0.000000
281.831652 0.000000
309.034487 0.000000
308.758000 0.000000
347.294038 0.000000
428.969229 0.000000
452.809271 0.000000
524.811747 0.000000
688.032311 0.000000
725.306060 0.000000
916.695159 0.000000
1167.014050 0.000000
1368.931438 0.000000
1617.416939 0.000000
1781.688711 0.000000
2163.033897 0.000000
2384.670416 0.000000
2534.601002 0.000000
2460.165355 0.000000
2071.160671 0.000000
965.218889 0.000000
0.000000 0.000000
0.000000 0.000000
0.000000 0.000000
0.000000 0.000000
0.000000 0.000000
0.000000 0.000000
0.000000 0.000000
0.000000 0.000000
0.000000 0.000000
0.000000 0.000000
0.000000 0.000000
0.000000 0.000000
0.000000 0.000000
0.000000 0.000000
0.000000 0.000000
0.000000 0.000000
0.000000 0.000000
0.000000 0.000000
0.000000 0.000000
0.000000 0.000000
0.000000 0.000000
0.000000 0.000000
0.000000 0.000000
0.000000 0.000000
0.000000 0.000000
0.000000 0.000000
0.000000 0.000000
0.000000 0.000000
0.000000 0.000000
8.397172 0.000000
16.760688 0.000000
16.760688 0.000000
25.090548 0.000000
41.649300 0.000000
66.235008 0.000000
82.457200 0.000000
98.544768 0.000000
138.174708 0.000000
169.272852 0.000000
207.388272 0.000000
229.853652 0.000000
273.875700 0.000000
337.636992 0.000000
398.672148 0.000000
456.981168 0.000000
542.265472 0.000000
647.457300 0.000000
731.277568 0.000000
833.053312 0.000000
954.551472 0.000000
1035.578292 0.000000
1044.328852 0.000000
906.204628 0.000000
553.910448 0.000000
0.000000 0.000000
0.000000 0.000000
0.000000 0.000000
0.000000 0.000000
0.000000 0.000000
0.000000 0.000000
0.000000 0.000000
0.000000 0.000000
2.708073 0.000000
5.405292 0.000000
5.405292 0.000000
8.091657 0.000000
10.767168 0.000000
18.728577 0.000000
23.981913 0.000000
35.641586 0.000000
43.282338 0.000000
58.238258 0.000000
64.356993 0.000000
77.601411 0.000000
91.646114 0.000000
110.767217 0.000000
136.490617 0.000000
164.232289 0.000000
197.903826 0.000000
227.580992 0.000000
268.647009 0.000000
297.554142 0.000000
318.167571 0.000000
322.421663 0.000000
289.692866 0.000000
158.210774 0.000000
168.581467 0.000000
165.062766 0.000000
132.295287 0.000000
41.433243 0.000000
31.139428 0.000000
37.521304 0.000000
46.009117 0.000000
53.507758 0.000000
64.703875 0.000000
72.290496 0.000000
83.900434 0.000000
88.862990 0.000000
88.636185 0.000000
73.353094 0.000000
44.409853 0.000000
54.724790 0.000000
63.502153 0.000000
72.654210 0.000000
78.820634 0.000000
78.670009 0.000000
53.232414 0.000000
23.509372 0.000000
36.829980 0.000000
50.080875 0.000000
63.313536 0.000000
74.050068 0.000000
78.238036 0.000000
90.702626 0.000000
109.138360 0.000000
126.939800 0.000000
152.372397 0.000000
201.065678 0.000000
262.017236 0.000000
314.538642 0.000000
390.919516 0.000000
442.201195 0.000000
546.031445 0.000000
635.485200 0.000000
734.431481 0.000000
878.728906 0.000000
1024.091257 0.000000
1119.622432 0.000000
1147.090169 0.000000
1069.974864 0.000000
745.374510 0.000000
45.442948 0.000000
0.000000 0.000000
0.000000 0.000000
0.000000 0.000000
0.000000 0.000000
0.000000 0.000000
0.000000 0.000000
0.000000 0.000000
0.000000 0.000000
0.000000 0.000000
0.000000 0.000000
0.000000 0.000000
0.000000 0.000000
0.000000 0.000000
0.000000 0.000000
0.000000 0.000000
0.000000 0.000000
0.000000 0.000000
0.000000 0.000000
0.000000 0.000000
0.000000 0.000000
15.270897 0.000000
30.480588 0.000000
45.629073 0.000000
60.716352 0.000000
90.707292 0.000000
135.234657 0.000000
179.211168 0.000000
222.636825 0.000000
293.788800 0.000000
377.151372 0.000000
484.873932 0.000000
614.018592 0.000000
737.042652 0.000000
898.993728 0.000000
1113.871781 0.000000
1336.615198 0.000000
1585.323154 0.000000
1794.988459 0.000000
1926.954462 0.000000
1947.313578 0.000000
1727.186041 0.000000
1145.641155 0.000000
274.355736 0.000000
359.093389 0.000000
442.016541 0.000000
550.121425 0.000000
664.093449 0.000000
765.544801 0.000000
912.399604 0.000000
1115.837154 0.000000
1271.703962 0.000000
1497.339231 0.000000
1756.764673 0.000000
1978.715675 0.000000
2182.587537 0.000000
2300.467175 0.000000
2268.119612 0.000000
1813.659958 0.000000
1442.065357 0.000000
1309.049488 0.000000
767.784621 0.000000
378.366969 0.000000
443.565113 0.000000
510.245034 0.000000
580.614274 0.000000
621.529436 0.000000
623.706740 0.000000
527.179617 0.000000
269.935237 0.000000
0.000000 0.000000
0.000000 0.000000
0.000000 0.000000
0.000000 0.000000
0.000000 0.000000
0.000000 0.000000
0.000000 0.000000
0.000000 0.000000
0.000000 0.000000
0.000000 0.000000
0.000000 0.000000
0.000000 0.000000
0.000000 0.000000
0.000000 0.000000
0.000000 0.000000
0.000000 0.000000
0.000000 0.000000
0.000000 0.000000
0.000000 0.000000
0.000000 0.000000
0.000000 0.000000
0.000000 0.000000
0.000000 0.000000
0.000000 0.000000
0.000000 0.000000
0.000000 0.000000
0.000000 0.000000
0.000000 0.000000
0.000000 0.000000
0.000000 0.000000
0.000000 0.000000
0.000000 0.000000
0.000000 0.000000
0.000000 0.000000
0.000000 0.000000
0.000000 0.000000
0.000000 0.000000
0.000000 0.000000
0.000000 0.000000
0.000000 0.000000
0.000000 0.000000
0.000000 0.000000
0.000000 0.000000
0.000000 0.000000
0.000000 0.000000
0.000000 0.000000
0.000000 0.000000
0.000000 0.000000
0.000000 0.000000
0.000000 0.000000
0.000000 0.000000
0.000000 0.000000
0.000000 0.000000
0.000000 0.000000
0.000000 0.000000
0.000000 0.000000
0.000000 0.000000
0.000000 0.000000
0.000000 0.000000
0.000000 0.000000
0.000000 0.000000
0.000000 0.000000
0.000000 0.000000
0.000000 0.000000
0.000000 0.000000
0.000000 0.000000
0.000000 0.000000
0.000000 0.000000
0.000000 0.000000
0.000000 0.000000
0.000000 0.000000
0.000000 0.000000
0.000000 0.000000
0.000000 0.000000
0.000000 0.000000
0.000000 0.000000
0.000000 0.000000
0.000000 0.000000
0.000000 0.000000
0.000000 0.000000
0.000000 0.000000
0.000000 0.000000
0.000000 0.000000
0.000000 0.000000
0.000000 0.000000
0.000000 0.000000
0.000000 0.000000
0.000000 0.000000
0.000000 0.000000
0.000000 0.000000
0.000000 0.000000
0.000000 0.000000
0.000000 0.000000
0.000000 0.000000
0.000000 0.000000
0.000000 0.000000
0.000000 0.000000
0.000000 0.000000
0.000000 0.000000
0.000000 0.000000
0.000000 0.000000
0.000000 0.000000
0.000000 0.000000
0.000000 0.000000
0.000000 0.000000
0.000000 0.000000
0.000000 0.000000
0.000000 0.000000
0.000000 0.000000
0.000000 0.000000
0.000000 0.000000
0.000000 0.000000
0.000000 0.000000
0.000000 0.000000
0.000000 0.000000
0.000000 0.000000
0.000000 0.000000
0.000000 0.000000
0.000000 0.000000
0.000000 0.000000
0.000000 0.000000
0.000000 0.000000
0.000000 0.000000
0.000000 0.000000
0.000000 0.000000
0.000000 0.000000
0.000000 0.000000
0.000000 0.000000
0.000000 0.000000
0.000000 0.000000
0.000000 0.000000
0.000000 0.000000
0.000000 0.000000
0.000000 0.000000
0.000000 0.000000
0.000000 0.000000
3.823837 0.000000
7.632348 0.000000
11.425533 0.000000
18.965925 0.000000
26.445013 0.000000
33.862797 0.000000
41.219277 0.000000
41.219277 0.000000
41.219277 0.000000
48.514453 0.000000
52.139052 0.000000
59.342272 0.000000
70.032157 0.000000
90.998125 0.000000
108.048300 0.000000
121.412572 0.000000
156.899925 0.000000
190.532832 0.000000
236.143008 0.000000
290.052213 0.000000
333.003328 0.000000
386.215200 0.000000
435.833125 0.000000
469.006252 0.000000
475.558117 0.000000
418.238877 0.000000
230.656300 0.000000
0.000000 0.000000
0.000000 0.000000
0.000000 0.000000
0.000000 0.000000
0.000000 0.000000
0.000000 0.000000
0.000000 0.000000
0.000000 0.000000
0.000000 0.000000
0.000000 0.000000
0.000000 0.000000
0.000000 0.000000
0.000000 0.000000
0.000000 0.000000
0.000000 0.000000
0.000000 0.000000
0.000000 0.000000
0.000000 0.000000
0.000000 0.000000
0.000000 0.000000
0.000000 0.000000
0.000000 0.000000
0.000000 0.000000
0.000000 0.000000
0.000000 0.000000
0.000000 0.000000
0.000000 0.000000
0.000000 0.000000
0.000000 0.000000
0.000000 0.000000
0.000000 0.000000
0.000000 0.000000
0.000000 0.000000
0.000000 0.000000
0.000000 0.000000
0.000000 0.000000
0.000000 0.000000
