4780129.881056 0.000000
4551143.911130 0.000000
4506097.865483 0.000000
4341005.584014 0.000000
4194593.716043 0.000000
4078274.949865 0.000000
3897464.255141 0.000000
3713076.678905 0.000000
3649747.283719 0.000000
3602467.977157 0.000000
3537762.763052 0.000000
3411507.883233 0.000000
3377321.689136 0.000000
3051555.819762 0.000000
2790727.106400 0.000000
2577886.407917 0.000000
2420759.138974 0.000000
2472212.579083 0.000000
2365725.183371 0.000000
2374254.642976 0.000000
2131505.834850 0.000000
2031633.588709 0.000000
2093148.485947 0.000000
1887576.698146 0.000000
1611735.177763 0.000000
1420210.179792 0.000000
1159882.652551 0.000000
994835.173184 0.000000
734683.975288 0.000000
242074.803359 0.000000
18212.436563 0.000000
27011.216198 0.000000
36674.325457 0.000000
53828.716126 0.000000
71836.997505 0.000000
106891.649056 0.000000
130901.358442 0.000000
162835.418055 0.000000
204107.014259 0.000000
241366.163911 0.000000
280991.040170 0.000000
314967.075550 0.000000
349586.876417 0.000000
381709.252780 0.000000
399667.642233 0.000000
353557.873537 0.000000
210692.368715 0.000000
97722.132577 0.000000
2998.474815 0.000000
3409.072772 0.000000
5281.204342 0.000000
7616.255927 0.000000
8974.808501 0.000000
10750.188367 0.000000
12568.137936 0.000000
14617.399528 0.000000
18868.385564 0.000000
21059.195224 0.000000
24012.540588 0.000000
24901.894669 0.000000
24271.789707 0.000000
20503.896569 0.000000
21928.854613 0.000000
23660.501281 0.000000
23360.386927 0.000000
19067.479350 0.000000
18673.443024 0.000000
15753.666791 0.000000
9101.820525 0.000000
2005.947666 0.000000
84.114592 0.000000
97.593831 0.000000
124.614110 0.000000
177.192722 0.000000
228.366536 0.000000
265.628643 0.000000
325.643802 0.000000
377.551178 0.000000
457.780317 0.000000
547.949476 0.000000
617.366211 0.000000
709.499798 0.000000
800.695880 0.000000
879.424845 0.000000
945.421767 0.000000
910.303795 0.000000
939.711795 0.000000
946.820566 0.000000
822.880746 0.000000
614.457456 0.000000
459.765463 0.000000
297.369747 0.000000
176.407534 0.000000
232.203054 0.000000
291.639326 0.000000
350.442812 0.000000
404.680276 0.000000
438.962746 0.000000
455.200904 0.000000
456.825556 0.000000
443.423801 0.000000
376.747128 0.000000
275.983895 0.000000
237.233061 0.000000
156.139182 0.000000
42.123835 0.000000
4.233450 0.000000
5.866042 0.000000
6.669312 0.000000
9.411285 0.000000
10.551060 0.000000
15.093960 0.000000
18.955157 0.000000
22.307325 0.000000
28.185352 0.000000
32.740088 0.000000
36.373242 0.000000
39.818624 0.000000
41.395994 0.000000
39.038318 0.000000
26.514880 0.000000
19.406340 0.000000
20.561556 0.000000
20.121088 0.000000
16.105372 0.000000
10.734869 0.000000
11.487356 0.000000
11.204938 0.000000
9.063117 0.000000
3.608142 0.000000
0.565488 0.000000
0.708288 0.000000
0.868632 0.000000
1.270240 0.000000
1.516536 0.000000
1.802544 0.000000
2.045304 0.000000
2.388160 0.000000
2.626840 0.000000
2.664308 0.000000
2.453168 0.000000
1.620848 0.000000
1.268948 0.000000
1.381352 0.000000
1.394068 0.000000
1.179188 0.000000
0.668780 0.000000
0.006766 0.000000
0.013464 0.000000
0.020094 0.000000
0.039576 0.000000
0.052224 0.000000
21.409288 0.000000
42.547925 0.000000
63.474068 0.000000
84.184487 0.000000
104.696251 0.000000
104.724335 0.000000
164.899969 0.000000
223.151267 0.000000
333.813266 0.000000
403.279732 0.000000
516.548031 0.000000
576.501021 0.000000
646.675805 0.000000
747.836061 0.000000
904.854397 0.000000
999.580441 0.000000
1071.736432 0.000000
961.409297 0.000000
637.667841 0.000000
0.000000 0.000000
0.000000 0.000000
0.000000 0.000000
0.000000 0.000000
0.000000 0.000000
0.000000 0.000000
0.000000 0.000000
0.000000 0.000000
0.000000 0.000000
0.000000 0.000000
0.000000 0.000000
0.000000 0.000000
0.000000 0.000000
0.000000 0.000000
0.000000 0.000000
0.000000 0.000000
0.000000 0.000000
0.000000 0.000000
0.000000 0.000000
0.000000 0.000000
0.000000 0.000000
0.000000 0.000000
0.000000 0.000000
0.000000 0.000000
0.000000 0.000000
0.000000 0.000000
0.000000 0.000000
0.000000 0.000000
0.000000 0.000000
0.000000 0.000000
0.000000 0.000000
0.000000 0.000000
0.000000 0.000000
0.000000 0.000000
0.000000 0.000000
0.000000 0.000000
0.000000 0.000000
0.000000 0.000000
0.000000 0.000000
0.000000 0.000000
0.000000 0.000000
0.000000 0.000000
0.000000 0.000000
0.000000 0.000000
0.000000 0.000000
0.000000 0.000000
0.000000 0.000000
0.000000 0.000000
0.000000 0.000000
0.000000 0.000000
0.000000 0.000000
0.000000 0.000000
0.000000 0.000000
0.000000 0.000000
0.000000 0.000000
0.000000 0.000000
0.000000 0.000000
0.000000 0.000000
0.000000 0.000000
0.000000 0.000000
0.000000 0.000000
0.000000 0.000000
0.000000 0.000000
0.000000 0.000000
0.000000 0.000000
0.000000 0.000000
0.000000 0.000000
0.000000 0.000000
0.000000 0.000000
0.000000 0.000000
0.000000 0.000000
0.000000 0.000000
0.000000 0.000000
0.000000 0.000000
0.000000 0.000000
0.000000 0.000000
0.000000 0.000000
0.000000 0.000000
0.000000 0.000000
0.000000 0.000000
0.000000 0.000000
0.000000 0.000000
0.000000 0.000000
0.000000 0.000000
0.000000 0.000000
0.000000 0.000000
0.000000 0.000000
0.000000 0.000000
0.000000 0.000000
0.000000 0.000000
0.000000 0.000000
0.000000 0.000000
0.000000 0.000000
0.000000 0.000000
0.000000 0.000000
0.000000 0.000000
0.000000 0.000000
0.000000 0.000000
0.000000 0.000000
0.000000 0.000000
0.000000 0.000000
0.000000 0.000000
0.000000 0.000000
0.000000 0.000000
0.000000 0.000000
0.000000 0.000000
0.000000 0.000000
0.000000 0.000000
0.000000 0.000000
0.000000 0.000000
0.000000 0.000000
0.000000 0.000000
0.000000 0.000000
0.000000 0.000000
0.000000 0.000000
0.000000 0.000000
0.000000 0.000000
0.000000 0.000000
0.000000 0.000000
0.000000 0.000000
0.000000 0.000000
0.000000 0.000000
0.000000 0.000000
0.000000 0.000000
0.000000 0.000000
0.000000 0.000000
0.000000 0.000000
0.000000 0.000000
0.000000 0.000000
0.000000 0.000000
0.000000 0.000000
0.000000 0.000000
0.000000 0.000000
0.000000 0.000000
0.000000 0.000000
0.000000 0.000000
0.000000 0.000000
0.000000 0.000000
0.000000 0.000000
0.000000 0.000000
0.000000 0.000000
0.000000 0.000000
0.000000 0.000000
0.000000 0.000000
0.000000 0.000000
0.000000 0.000000
0.000000 0.000000
0.000000 0.000000
0.000000 0.000000
0.000000 0.000000
0.000000 0.000000
0.000000 0.000000
0.000000 0.000000
0.000000 0.000000
0.000000 0.000000
0.000000 0.000000
0.000000 0.000000
0.000000 0.000000
0.000000 0.000000
0.000000 0.000000
0.000000 0.000000
0.000000 0.000000
0.000000 0.000000
0.000000 0.000000
0.000000 0.000000
0.000000 0.000000
0.000000 0.000000
0.000000 0.000000
0.000000 0.000000
0.000000 0.000000
0.000000 0.000000
0.000000 0.000000
0.000000 0.000000
0.000000 0.000000
0.000000 0.000000
0.000000 0.000000
0.000000 0.000000
0.000000 0.000000
0.000000 0.000000
0.000000 0.000000
0.000000 0.000000
0.000000 0.000000
0.000000 0.000000
0.000000 0.000000
0.000000 0.000000
0.000000 0.000000
0.000000 0.000000
0.000000 0.000000
0.000000 0.000000
0.000000 0.000000
0.000000 0.000000
0.000000 0.000000
0.000000 0.000000
0.000000 0.000000
0.000000 0.000000
0.000000 0.000000
0.000000 0.000000
0.000000 0.000000
0.000000 0.000000
0.000000 0.000000
0.000000 0.000000
0.000000 0.000000
0.000000 0.000000
0.000000 0.000000
0.000000 0.000000
0.000000 0.000000
0.000000 0.000000
0.000000 0.000000
0.000000 0.000000
0.000000 0.000000
0.000000 0.000000
8.403571 0.000000
16.722684 0.000000
24.957339 0.000000
41.173275 0.000000
64.863744 0.000000
87.794091 0.000000
109.964316 0.000000
145.225531 0.000000
168.641434 0.000000
224.130349 0.000000
267.626106 0.000000
316.337139 0.000000
373.018960 0.000000
411.104396 0.000000
419.048964 0.000000
380.753175 0.000000
183.582305 0.000000
23.410829 0.000000
26.203056 0.000000
33.772611 0.000000
45.475146 0.000000
54.068726 0.000000
65.343782 0.000000
82.797539 0.000000
98.981832 0.000000
115.848401 0.000000
129.388156 0.000000
137.282502 0.000000
143.274056 0.000000
126.146087 0.000000
83.013561 0.000000
79.039601 0.000000
58.380032 0.000000
34.236524 0.000000
18.583584 0.000000
21.461541 0.000000
24.673109 0.000000
25.837209 0.000000
24.116634 0.000000
17.823495 0.000000
10.746065 0.000000
11.780216 0.000000
12.804384 0.000000
12.995964 0.000000
11.455184 0.000000
7.099844 0.000000
4.522829 0.000000
5.189901 0.000000
6.180875 0.000000
6.420699 0.000000
6.464106 0.000000
5.668586 0.000000
3.450114 0.000000
2.230294 0.000000
2.652651 0.000000
2.947017 0.000000
3.172843 0.000000
3.277800 0.000000
2.897178 0.000000
1.707088 0.000000
0.611761 0.000000
0.774777 0.000000
0.908601 0.000000
1.055217 0.000000
1.252560 0.000000
1.319826 0.000000
1.291240 0.000000
1.102303 0.000000
0.793304 0.000000
0.625863 0.000000
0.217735 0.000000
0.207709 0.000000
0.249460 0.000000
0.279926 0.000000
0.325695 0.000000
0.362999 0.000000
0.397346 0.000000
0.391994 0.000000
0.349029 0.000000
0.171545 0.000000
0.047250 0.000000
0.040350 0.000000
0.051580 0.000000
0.062460 0.000000
0.069155 0.000000
0.078122 0.000000
0.087290 0.000000
0.090078 0.000000
0.079766 0.000000
0.055305 0.000000
0.046680 0.000000
0.031569 0.000000
0.006056 0.000000
0.000591 0.000000
0.000784 0.000000
0.000975 0.000000
0.001164 0.000000
0.001536 0.000000
0.002256 0.000000
0.002944 0.000000
0.003439 0.000000
0.004224 0.000000
0.004959 0.000000
0.006031 0.000000
0.007296 0.000000
0.008479 0.000000
0.009600 0.000000
0.009999 0.000000
0.009424 0.000000
0.007399 0.000000
0.001719 0.000000
0.000000 0.000000
0.000000 0.000000
0.000000 0.000000
0.000000 0.000000
0.000000 0.000000
0.000000 0.000000
0.000000 0.000000
0.000000 0.000000
0.000000 0.000000
0.000000 0.000000
0.000000 0.000000
0.000000 0.000000
0.000000 0.000000
0.000000 0.000000
0.000000 0.000000
0.000000 0.000000
0.000000 0.000000
0.000000 0.000000
0.000000 0.000000
0.000000 0.000000
0.000000 0.000000
0.000000 0.000000
0.000000 0.000000
0.000000 0.000000
0.000000 0.000000
0.000000 0.000000
0.000000 0.000000
0.000000 0.000000
0.000000 0.000000
0.000000 0.000000
0.000000 0.000000
0.000000 0.000000
0.000000 0.000000
0.000000 0.000000
0.000000 0.000000
0.000000 0.000000
0.000000 0.000000
0.000000 0.000000
0.000000 0.000000
0.000000 0.000000
0.000000 0.000000
0.000000 0.000000
0.000000 0.000000
0.000000 0.000000
0.000000 0.000000
0.000000 0.000000
0.000000 0.000000
0.000000 0.000000
0.000000 0.000000
0.000000 0.000000
0.000000 0.000000
0.000000 0.000000
0.000000 0.000000
0.000000 0.000000
0.000000 0.000000
0.000000 0.000000
0.000000 0.000000
0.000000 0.000000
0.000000 0.000000
0.000000 0.000000
0.000000 0.000000
0.000000 0.000000
0.000000 0.000000
0.000000 0.000000
0.000000 0.000000
0.000000 0.000000
0.000000 0.000000
0.000000 0.000000
0.000000 0.000000
0.000000 0.000000
0.000000 0.000000
0.000000 0.000000
0.000000 0.000000
0.000000 0.000000
0.000000 0.000000
0.000000 0.000000
0.000000 0.000000
0.000000 0.000000
0.000000 0.000000
0.000000 0.000000
0.000000 0.000000
0.000000 0.000000
0.000000 0.000000
0.000000 0.000000
0.000000 0.000000
0.000000 0.000000
0.000000 0.000000
0.000000 0.000000
0.000000 0.000000
0.000000 0.000000
0.000000 0.000000
0.000000 0.000000
0.000000 0.000000
0.000000 0.000000
0.000000 0.000000
0.000000 0.000000
0.000000 0.000000
0.000000 0.000000
0.000000 0.000000
0.000000 0.000000
0.000000 0.000000
0.000000 0.000000
0.000000 0.000000
0.000000 0.000000
0.000000 0.000000
0.000000 0.000000
0.000000 0.000000
0.000000 0.000000
0.000000 0.000000
0.000000 0.000000
0.000000 0.000000
0.000000 0.000000
0.000000 0.000000
0.000000 0.000000
0.000000 0.000000
0.000000 0.000000
0.000000 0.000000
0.000000 0.000000
0.000000 0.000000
0.000000 0.000000
0.000000 0.000000
0.000000 0.000000
0.000000 0.000000
0.000000 0.000000
0.000000 0.000000
0.000000 0.000000
0.000000 0.000000
0.000000 0.000000
0.000000 0.000000
0.000000 0.000000
0.000000 0.000000
0.000000 0.000000
0.000000 0.000000
0.000000 0.000000
0.000000 0.000000
0.000000 0.000000
0.000000 0.000000
0.000000 0.000000
0.000000 0.000000
0.000000 0.000000
0.000000 0.000000
0.000000 0.000000
0.000000 0.000000
0.000000 0.000000
0.000000 0.000000
0.000000 0.000000
0.000000 0.000000
0.000000 0.000000
0.000000 0.000000
0.000000 0.000000
0.000000 0.000000
0.000000 0.000000
0.000000 0.000000
0.000000 0.000000
0.000000 0.000000
0.000000 0.000000
0.000000 0.000000
0.000000 0.000000
0.000000 0.000000
0.000000 0.000000
0.000000 0.000000
0.000000 0.000000
0.000000 0.000000
0.000000 0.000000
0.000000 0.000000
0.000000 0.000000
0.000000 0.000000
0.000000 0.000000
0.000000 0.000000
0.000000 0.000000
0.000000 0.000000
0.000000 0.000000
0.000000 0.000000
0.000000 0.000000
0.000000 0.000000
0.000000 0.000000
0.000000 0.000000
0.000000 0.000000
0.000000 0.000000
0.000000 0.000000
0.000000 0.000000
0.000000 0.000000
0.000000 0.000000
0.000000 0.000000
0.000000 0.000000
0.000000 0.000000
0.000000 0.000000
0.000000 0.000000
0.000000 0.000000
0.000000 0.000000
0.000000 0.000000
0.000000 0.000000
0.000000 0.000000
0.000000 0.000000
0.000000 0.000000
0.000000 0.000000
0.000000 0.000000
0.000000 0.000000
0.000000 0.000000
0.000000 0.000000
0.000000 0.000000
0.000000 0.000000
0.000000 0.000000
0.000000 0.000000
0.000000 0.000000
0.000000 0.000000
0.000000 0.000000
0.000000 0.000000
0.000000 0.000000
0.000000 0.000000
0.000000 0.000000
0.000000 0.000000
0.000000 0.000000
0.000000 0.000000
0.000000 0.000000
0.000000 0.000000
0.000000 0.000000
0.000000 0.000000
0.000000 0.000000
0.000000 0.000000
0.000000 0.000000
0.000000 0.000000
0.000000 0.000000
0.000000 0.000000
0.000000 0.000000
0.000000 0.000000
0.000000 0.000000
0.000000 0.000000
0.000000 0.000000
0.000000 0.000000
0.000000 0.000000
0.000000 0.000000
0.000000 0.000000
0.000000 0.000000
0.000000 0.000000
0.000000 0.000000
0.000000 0.000000
0.000000 0.000000
0.000000 0.000000
0.000000 0.000000
0.000000 0.000000
0.000000 0.000000
0.000000 0.000000
0.000000 0.000000
0.000000 0.000000
0.000000 0.000000
0.000000 0.000000
0.000000 0.000000
0.292132 0.000000
0.581328 0.000000
0.867588 0.000000
1.431300 0.000000
1.983268 0.000000
2.523492 0.000000
5.511267 0.000000
7.686855 0.000000
12.459221 0.000000
15.488868 0.000000
18.321350 0.000000
21.755485 0.000000
25.147446 0.000000
33.907440 0.000000
41.029122 0.000000
47.661780 0.000000
55.471487 0.000000
67.267221 0.000000
74.963511 0.000000
88.555194 0.000000
97.519378 0.000000
103.082434 0.000000
99.356182 0.000000
76.378178 0.000000
48.868889 0.000000
55.467992 0.000000
56.995776 0.000000
53.928060 0.000000
39.628818 0.000000
20.118200 0.000000
20.689967 0.000000
18.996197 0.000000
4.813352 0.000000
3.639488 0.000000
4.080320 0.000000
5.032176 0.000000
6.449464 0.000000
7.351464 0.000000
8.577528 0.000000
9.731924 0.000000
11.518376 0.000000
12.660144 0.000000
12.828408 0.000000
11.461222 0.000000
7.637234 0.000000
3.161018 0.000000
0.000000 0.000000
0.000000 0.000000
0.000000 0.000000
0.000000 0.000000
0.000000 0.000000
0.000000 0.000000
0.000000 0.000000
0.000000 0.000000
0.000000 0.000000
0.000000 0.000000
0.000000 0.000000
0.000000 0.000000
0.000000 0.000000
0.000000 0.000000
0.000000 0.000000
0.000000 0.000000
0.000000 0.000000
0.000000 0.000000
0.000000 0.000000
0.000000 0.000000
0.000000 0.000000
0.000000 0.000000
0.000000 0.000000
0.000000 0.000000
0.000000 0.000000
0.000000 0.000000
0.000000 0.000000
0.000000 0.000000
0.000000 0.000000
0.000000 0.000000
0.000000 0.000000
0.000000 0.000000
0.000000 0.000000
0.000000 0.000000
0.000000 0.000000
0.000000 0.000000
0.000000 0.000000
0.000000 0.000000
0.000000 0.000000
0.000000 0.000000
0.000000 0.000000
0.000000 0.000000
0.000000 0.000000
0.000000 0.000000
0.000000 0.000000
0.000000 0.000000
0.000000 0.000000
0.000000 0.000000
0.000000 0.000000
0.000000 0.000000
0.000000 0.000000
0.000000 0.000000
0.000000 0.000000
0.000000 0.000000
0.000000 0.000000
0.000000 0.000000
0.000000 0.000000
0.000000 0.000000
0.000000 0.000000
0.000000 0.000000
0.000000 0.000000
0.000000 0.000000
0.000000 0.000000
0.000000 0.000000
0.000000 0.000000
0.000000 0.000000
0.000000 0.000000
0.000000 0.000000
0.000000 0.000000
0.000000 0.000000
0.000000 0.000000
0.000000 0.000000
0.000000 0.000000
0.000000 0.000000
0.000000 0.000000
0.000000 0.000000
0.000000 0.000000
0.000000 0.000000
0.000000 0.000000
0.000000 0.000000
0.000000 0.000000
0.000000 0.000000
0.000000 0.000000
0.000000 0.000000
0.000000 0.000000
0.000000 0.000000
0.000000 0.000000
0.000000 0.000000
0.000000 0.000000
0.000000 0.000000
0.000000 0.000000
0.000000 0.000000
0.000000 0.000000
0.000000 0.000000
0.000000 0.000000
0.000000 0.000000
0.000000 0.000000
0.000000 0.000000
0.000000 0.000000
0.000000 0.000000
0.000000 0.000000
0.000000 0.000000
0.000000 0.000000
0.000000 0.000000
0.000000 0.000000
0.000000 0.000000
0.000000 0.000000
0.000000 0.000000
0.000000 0.000000
0.000000 0.000000
0.000000 0.000000
0.000000 0.000000
0.000000 0.000000
0.000000 0.000000
0.000000 0.000000
0.000000 0.000000
0.000000 0.000000
0.000000 0.000000
0.000000 0.000000
0.000000 0.000000
0.000000 0.000000
0.000000 0.000000
0.000000 0.000000
0.000000 0.000000
0.000000 0.000000
0.000000 0.000000
0.000000 0.000000
0.000000 0.000000
0.000000 0.000000
0.000000 0.000000
0.000000 0.000000
0.000000 0.000000
0.000000 0.000000
0.000000 0.000000
0.000000 0.000000
0.000000 0.000000
0.000000 0.000000
0.000000 0.000000
0.000000 0.000000
0.000000 0.000000
0.000000 0.000000
0.000000 0.000000
0.000000 0.000000
0.000000 0.000000
0.000000 0.000000
0.000000 0.000000
0.000000 0.000000
0.000000 0.000000
0.000000 0.000000
0.000000 0.000000
0.000000 0.000000
0.000000 0.000000
0.000000 0.000000
0.000000 0.000000
0.000000 0.000000
0.000000 0.000000
0.000000 0.000000
0.000000 0.000000
0.000000 0.000000
0.000000 0.000000
0.000000 0.000000
0.000000 0.000000
0.000000 0.000000
0.000000 0.000000
0.000000 0.000000
0.000000 0.000000
0.000000 0.000000
0.000000 0.000000
0.000000 0.000000
0.000000 0.000000
0.000000 0.000000
0.000000 0.000000
0.000000 0.000000
0.000000 0.000000
0.000000 0.000000
0.000000 0.000000
0.000000 0.000000
0.000000 0.000000
0.000000 0.000000
0.000000 0.000000
0.000000 0.000000
0.000000 0.000000
0.000000 0.000000
0.000000 0.000000
0.000000 0.000000
0.000000 0.000000
0.000000 0.000000
0.000000 0.000000
0.000000 0.000000
0.000000 0.000000
0.000000 0.000000
0.000000 0.000000
0.000000 0.000000
0.000000 0.000000
0.000000 0.000000
0.000000 0.000000
0.000000 0.000000
0.000000 0.000000
0.000000 0.000000
0.000000 0.000000
0.000000 0.000000
0.000000 0.000000
0.000000 0.000000
0.000000 0.000000
0.000000 0.000000
0.000000 0.000000
0.000000 0.000000
0.000000 0.000000
0.000000 0.000000
0.000000 0.000000
0.000000 0.000000
0.000000 0.000000
0.000000 0.000000
