4758263.379268 0.000000
4254018.818700 0.000000
3826820.417746 0.000000
3508729.126485 0.000000
3201425.562880 0.000000
2958488.650021 0.000000
2714070.084444 0.000000
2470403.825479 0.000000
2260435.212504 0.000000
2125284.244676 0.000000
1966802.092107 0.000000
1827914.833128 0.000000
1689847.191732 0.000000
1536608.240660 0.000000
1392780.742759 0.000000
1298280.721686 0.000000
1252402.745864 0.000000
1196965.232244 0.000000
1157985.406710 0.000000
1072539.643764 0.000000
1033700.098172 0.000000
974478.326099 0.000000
915072.393367 0.000000
831376.787223 0.000000
756715.586279 0.000000
608167.764162 0.000000
496602.792709 0.000000
455313.664025 0.000000
352029.853670 0.000000
226993.893664 0.000000
206874.082289 0.000000
276574.977095 0.000000
349863.826623 0.000000
430341.047038 0.000000
528058.546803 0.000000
598637.418969 0.000000
620628.904823 0.000000
605198.064460 0.000000
633520.937317 0.000000
640030.021537 0.000000
623202.549738 0.000000
602270.356765 0.000000
543476.667220 0.000000
457402.565964 0.000000
376582.904386 0.000000
351904.269373 0.000000
346297.848350 0.000000
275138.424093 0.000000
170069.867171 0.000000
15628.063309 0.000000
200.817936 0.000000
397.578944 0.000000
494.438100 0.000000
778.930176 0.000000
1143.546580 0.000000
3002.935288 0.000000
4772.435487 0.000000
6645.595044 0.000000
8505.033407 0.000000
11798.760786 0.000000
15740.675637 0.000000
19640.347881 0.000000
22572.407994 0.000000
28098.973033 0.000000
32166.296131 0.000000
31903.996186 0.000000
34511.740014 0.000000
41634.368035 0.000000
49798.534834 0.000000
54497.761627 0.000000
58364.321872 0.000000
57319.769338 0.000000
49768.461052 0.000000
33589.459450 0.000000
31803.441131 0.000000
35076.405807 0.000000
38197.090546 0.000000
38851.249747 0.000000
33709.801329 0.000000
14692.110605 0.000000
1750.174719 0.000000
277.534125 0.000000
391.979106 0.000000
559.276210 0.000000
669.500775 0.000000
794.964572 0.000000
1069.507620 0.000000
1163.970141 0.000000
1479.303761 0.000000
1777.210879 0.000000
2090.386164 0.000000
2432.802613 0.000000
2698.114251 0.000000
3410.507717 0.000000
4015.670930 0.000000
3611.293124 0.000000
3736.343147 0.000000
3253.171876 0.000000
4194.144768 0.000000
5676.840477 0.000000
6640.885388 0.000000
8041.617788 0.000000
10695.632187 0.000000
11549.764307 0.000000
14697.204510 0.000000
17494.854047 0.000000
21043.116434 0.000000
24548.458917 0.000000
27066.408366 0.000000
26876.794365 0.000000
24184.218484 0.000000
13959.844185 0.000000
0.000000 0.000000
0.000000 0.000000
0.000000 0.000000
0.000000 0.000000
0.000000 0.000000
0.000000 0.000000
0.000000 0.000000
0.000000 0.000000
0.000000 0.000000
0.000000 0.000000
0.000000 0.000000
0.000000 0.000000
0.000000 0.000000
0.000000 0.000000
0.000000 0.000000
0.000000 0.000000
0.000000 0.000000
0.000000 0.000000
44.579532 0.000000
44.579532 0.000000
78.394662 0.000000
111.865428 0.000000
193.940343 0.000000
299.076525 0.000000
390.872649 0.000000
450.717453 0.000000
606.711756 0.000000
751.514229 0.000000
855.296802 0.000000
1059.029385 0.000000
1262.711414 0.000000
1510.172177 0.000000
1681.360296 0.000000
1717.656093 0.000000
1577.330459 0.000000
944.699773 0.000000
540.621819 0.000000
171.360169 0.000000
119.780892 0.000000
237.141968 0.000000
294.915075 0.000000
519.957963 0.000000
708.854937 0.000000
889.282716 0.000000
1013.752073 0.000000
1109.334954 0.000000
1339.936573 0.000000
1550.399426 0.000000
1849.502114 0.000000
2317.342979 0.000000
2601.064273 0.000000
2864.067961 0.000000
3060.050823 0.000000
3016.548831 0.000000
2545.467972 0.000000
2256.815826 0.000000
2237.948111 0.000000
1836.551264 0.000000
1339.937877 0.000000
1902.377061 0.000000
2483.566881 0.000000
2988.280775 0.000000
3608.207828 0.000000
4271.970653 0.000000
5045.768810 0.000000
5839.066653 0.000000
6486.533645 0.000000
6317.317003 0.000000
5852.469406 0.000000
4497.727835 0.000000
3625.513413 0.000000
3131.753650 0.000000
2037.505016 0.000000
2070.775925 0.000000
2122.495244 0.000000
1472.090556 0.000000
1538.436825 0.000000
1745.351841 0.000000
1890.212653 0.000000
1903.482096 0.000000
1846.005447 0.000000
1655.541355 0.000000
1012.691327 0.000000
680.271732 0.000000
194.927808 0.000000
27.482745 0.000000
30.987960 0.000000
55.692730 0.000000
63.959060 0.000000
67.201422 0.000000
91.528495 0.000000
124.804780 0.000000
162.305294 0.000000
201.940781 0.000000
242.206209 0.000000
302.849104 0.000000
360.542038 0.000000
442.559802 0.000000
500.960840 0.000000
548.016409 0.000000
584.781245 0.000000
622.994506 0.000000
700.352539 0.000000
691.393276 0.000000
583.370220 0.000000
365.745283 0.000000
324.275584 0.000000
200.466090 0.000000
13.242669 0.000000
0.000000 0.000000
0.000000 0.000000
0.000000 0.000000
0.000000 0.000000
0.000000 0.000000
0.000000 0.000000
0.000000 0.000000
0.000000 0.000000
0.000000 0.000000
0.000000 0.000000
0.000000 0.000000
0.000000 0.000000
0.000000 0.000000
0.000000 0.000000
0.000000 0.000000
0.000000 0.000000
0.000000 0.000000
0.000000 0.000000
0.000000 0.000000
0.000000 0.000000
0.000000 0.000000
0.000000 0.000000
0.000000 0.000000
0.000000 0.000000
0.000000 0.000000
0.000000 0.000000
0.000000 0.000000
0.000000 0.000000
0.000000 0.000000
0.000000 0.000000
0.000000 0.000000
0.000000 0.000000
0.000000 0.000000
0.000000 0.000000
0.000000 0.000000
0.000000 0.000000
0.000000 0.000000
0.000000 0.000000
0.000000 0.000000
0.000000 0.000000
0.000000 0.000000
0.000000 0.000000
0.000000 0.000000
0.000000 0.000000
0.000000 0.000000
0.000000 0.000000
0.000000 0.000000
43.500803 0.000000
86.564412 0.000000
150.285341 0.000000
212.913288 0.000000
365.111320 0.000000
481.841952 0.000000
595.621707 0.000000
809.955940 0.000000
977.729175 0.000000
1155.721723 0.000000
1367.487303 0.000000
1693.087644 0.000000
1888.404079 0.000000
2036.612914 0.000000
2120.608950 0.000000
1906.531084 0.000000
1031.028636 0.000000
608.122348 0.000000
275.886249 0.000000
327.953791 0.000000
397.317969 0.000000
449.563321 0.000000
526.455468 0.000000
571.138575 0.000000
566.705197 0.000000
479.320384 0.000000
198.004854 0.000000
96.734256 0.000000
111.244404 0.000000
124.921041 0.000000
135.919572 0.000000
130.201188 0.000000
106.601033 0.000000
49.936145 0.000000
0.000000 0.000000
0.000000 0.000000
0.000000 0.000000
0.000000 0.000000
0.000000 0.000000
0.000000 0.000000
0.000000 0.000000
0.000000 0.000000
0.000000 0.000000
0.000000 0.000000
0.000000 0.000000
0.000000 0.000000
0.000000 0.000000
0.000000 0.000000
0.000000 0.000000
0.000000 0.000000
0.000000 0.000000
0.000000 0.000000
0.000000 0.000000
0.000000 0.000000
0.000000 0.000000
0.000000 0.000000
0.000000 0.000000
0.000000 0.000000
0.000000 0.000000
0.000000 0.000000
0.000000 0.000000
0.000000 0.000000
0.000000 0.000000
0.000000 0.000000
0.000000 0.000000
0.000000 0.000000
0.000000 0.000000
0.000000 0.000000
0.000000 0.000000
0.000000 0.000000
0.000000 0.000000
0.000000 0.000000
0.000000 0.000000
0.000000 0.000000
0.000000 0.000000
47.252948 0.000000
94.030992 0.000000
140.334132 0.000000
216.799967 0.000000
216.799967 0.000000
292.259761 0.000000
366.713516 0.000000
440.161230 0.000000
555.509565 0.000000
682.087633 0.000000
791.892095 0.000000
912.147010 0.000000
1155.546722 0.000000
1270.234395 0.000000
1431.978828 0.000000
1696.508178 0.000000
2048.972127 0.000000
2381.987672 0.000000
2714.738636 0.000000
2885.731112 0.000000
2835.033637 0.000000
2694.000929 0.000000
2018.596191 0.000000
1966.840251 0.000000
1601.473130 0.000000
1169.853692 0.000000
619.778881 0.000000
721.815117 0.000000
816.259779 0.000000
927.036845 0.000000
997.233753 0.000000
1001.395384 0.000000
895.568352 0.000000
708.866569 0.000000
440.138308 0.000000
245.052277 0.000000
3.884281 0.000000
0.000000 0.000000
0.000000 0.000000
0.000000 0.000000
0.000000 0.000000
0.000000 0.000000
0.000000 0.000000
0.000000 0.000000
0.000000 0.000000
0.000000 0.000000
0.000000 0.000000
0.000000 0.000000
0.000000 0.000000
0.000000 0.000000
0.000000 0.000000
0.000000 0.000000
7.551851 0.000000
15.027804 0.000000
22.427859 0.000000
29.752016 0.000000
44.172636 0.000000
68.145422 0.000000
74.440729 0.000000
97.435676 0.000000
122.349845 0.000000
158.360329 0.000000
189.508881 0.000000
226.212709 0.000000
278.274203 0.000000
313.428984 0.000000
358.682290 0.000000
396.894321 0.000000
421.365404 0.000000
406.565186 0.000000
360.573708 0.000000
380.402780 0.000000
412.965092 0.000000
409.861547 0.000000
336.970879 0.000000
160.388268 0.000000
57.497122 0.000000
0.000000 0.000000
0.000000 0.000000
0.000000 0.000000
0.000000 0.000000
0.000000 0.000000
0.000000 0.000000
0.000000 0.000000
0.000000 0.000000
0.000000 0.000000
0.000000 0.000000
0.000000 0.000000
0.000000 0.000000
0.000000 0.000000
0.000000 0.000000
0.000000 0.000000
0.000000 0.000000
0.000000 0.000000
0.000000 0.000000
0.000000 0.000000
0.000000 0.000000
0.000000 0.000000
0.000000 0.000000
0.000000 0.000000
0.000000 0.000000
0.000000 0.000000
0.000000 0.000000
0.000000 0.000000
0.000000 0.000000
0.000000 0.000000
0.000000 0.000000
0.000000 0.000000
0.000000 0.000000
0.000000 0.000000
0.000000 0.000000
0.000000 0.000000
0.000000 0.000000
0.000000 0.000000
0.000000 0.000000
0.000000 0.000000
0.000000 0.000000
0.000000 0.000000
0.000000 0.000000
0.000000 0.000000
0.000000 0.000000
0.000000 0.000000
0.000000 0.000000
0.000000 0.000000
0.000000 0.000000
0.000000 0.000000
0.000000 0.000000
0.000000 0.000000
0.000000 0.000000
0.000000 0.000000
0.000000 0.000000
0.000000 0.000000
0.000000 0.000000
0.000000 0.000000
0.000000 0.000000
0.000000 0.000000
0.000000 0.000000
0.000000 0.000000
0.000000 0.000000
0.000000 0.000000
0.000000 0.000000
0.000000 0.000000
0.000000 0.000000
0.000000 0.000000
0.000000 0.000000
0.000000 0.000000
0.000000 0.000000
0.000000 0.000000
0.000000 0.000000
0.000000 0.000000
0.000000 0.000000
0.000000 0.000000
0.000000 0.000000
0.000000 0.000000
0.000000 0.000000
0.000000 0.000000
0.000000 0.000000
0.000000 0.000000
0.000000 0.000000
0.000000 0.000000
0.000000 0.000000
0.000000 0.000000
0.000000 0.000000
0.000000 0.000000
0.000000 0.000000
0.000000 0.000000
0.000000 0.000000
0.000000 0.000000
0.000000 0.000000
0.000000 0.000000
0.000000 0.000000
0.000000 0.000000
0.000000 0.000000
0.000000 0.000000
0.000000 0.000000
0.000000 0.000000
0.000000 0.000000
0.000000 0.000000
0.000000 0.000000
0.000000 0.000000
0.000000 0.000000
0.000000 0.000000
0.000000 0.000000
0.000000 0.000000
0.000000 0.000000
0.000000 0.000000
0.000000 0.000000
0.000000 0.000000
0.000000 0.000000
0.000000 0.000000
0.000000 0.000000
0.000000 0.000000
0.000000 0.000000
0.000000 0.000000
0.000000 0.000000
2.318549 0.000000
4.613796 0.000000
6.885741 0.000000
9.134384 0.000000
11.359725 0.000000
15.740501 0.000000
23.179575 0.000000
25.763054 0.000000
29.301836 0.000000
36.193338 0.000000
43.743210 0.000000
56.868036 0.000000
67.889804 0.000000
79.962990 0.000000
88.841013 0.000000
99.790109 0.000000
110.453909 0.000000
113.370270 0.000000
103.907850 0.000000
66.356061 0.000000
35.341893 0.000000
8.424994 0.000000
12.573665 0.000000
24.764376 0.000000
32.678764 0.000000
44.231218 0.000000
62.634298 0.000000
74.878197 0.000000
96.164072 0.000000
119.885962 0.000000
143.847263 0.000000
165.665005 0.000000
192.405374 0.000000
209.606260 0.000000
196.316905 0.000000
161.272207 0.000000
71.078102 0.000000
3.143620 0.000000
0.000000 0.000000
0.000000 0.000000
0.000000 0.000000
0.000000 0.000000
0.000000 0.000000
0.000000 0.000000
0.000000 0.000000
0.000000 0.000000
0.000000 0.000000
0.000000 0.000000
0.000000 0.000000
0.000000 0.000000
0.000000 0.000000
0.000000 0.000000
0.000000 0.000000
0.000000 0.000000
0.000000 0.000000
1.705032 0.000000
3.392928 0.000000
5.063688 0.000000
7.535556 0.000000
9.163476 0.000000
12.367908 0.000000
14.719824 0.000000
22.664502 0.000000
30.806244 0.000000
38.680236 0.000000
43.831746 0.000000
49.210308 0.000000
58.273110 0.000000
70.396830 0.000000
78.296526 0.000000
84.566160 0.000000
80.755542 0.000000
63.305739 0.000000
29.862693 0.000000
2.088450 0.000000
0.000000 0.000000
0.000000 0.000000
0.000000 0.000000
0.000000 0.000000
0.000000 0.000000
0.000000 0.000000
0.000000 0.000000
0.000000 0.000000
0.000000 0.000000
0.000000 0.000000
0.000000 0.000000
0.000000 0.000000
0.000000 0.000000
0.000000 0.000000
0.000000 0.000000
0.000000 0.000000
0.000000 0.000000
0.000000 0.000000
0.000000 0.000000
0.000000 0.000000
0.000000 0.000000
0.000000 0.000000
0.000000 0.000000
0.000000 0.000000
0.000000 0.000000
0.000000 0.000000
0.000000 0.000000
0.000000 0.000000
0.000000 0.000000
0.000000 0.000000
0.000000 0.000000
0.000000 0.000000
0.000000 0.000000
0.000000 0.000000
0.567548 0.000000
1.129392 0.000000
2.235968 0.000000
2.780700 0.000000
3.319728 0.000000
5.160694 0.000000
8.149590 0.000000
9.796620 0.000000
12.245062 0.000000
14.778351 0.000000
18.896639 0.000000
21.866997 0.000000
24.073019 0.000000
27.383478 0.000000
27.287936 0.000000
23.998154 0.000000
14.199395 0.000000
5.189651 0.000000
0.000000 0.000000
0.000000 0.000000
0.000000 0.000000
0.000000 0.000000
0.000000 0.000000
0.000000 0.000000
0.000000 0.000000
0.000000 0.000000
0.000000 0.000000
0.000000 0.000000
0.000000 0.000000
0.000000 0.000000
7.849754 0.000000
15.620616 0.000000
23.312586 0.000000
30.925664 0.000000
45.915144 0.000000
64.198365 0.000000
71.377537 0.000000
102.677938 0.000000
129.067312 0.000000
175.278301 0.000000
233.589418 0.000000
304.247104 0.000000
330.291359 0.000000
368.366669 0.000000
389.687112 0.000000
373.957811 0.000000
290.218278 0.000000
106.625900 0.000000
47.042000 0.000000
62.647255 0.000000
75.900415 0.000000
85.924137 0.000000
95.543647 0.000000
103.716154 0.000000
96.034130 0.000000
74.068155 0.000000
25.424406 0.000000
0.000000 0.000000
0.000000 0.000000
0.000000 0.000000
0.000000 0.000000
0.000000 0.000000
0.000000 0.000000
0.000000 0.000000
0.000000 0.000000
0.000000 0.000000
0.000000 0.000000
0.000000 0.000000
0.000000 0.000000
0.000000 0.000000
0.000000 0.000000
0.000000 0.000000
0.000000 0.000000
0.000000 0.000000
0.000000 0.000000
0.000000 0.000000
0.000000 0.000000
0.000000 0.000000
22.261732 0.000000
44.299728 0.000000
55.206858 0.000000
76.909250 0.000000
98.164170 0.000000
113.797723 0.000000
180.666820 0.000000
223.763967 0.000000
270.804461 0.000000
354.789362 0.000000
423.728017 0.000000
484.975747 0.000000
584.817937 0.000000
669.390145 0.000000
792.640714 0.000000
844.351697 0.000000
717.589388 0.000000
516.728523 0.000000
252.103683 0.000000
104.394763 0.000000
192.211615 0.000000
264.915108 0.000000
358.124714 0.000000
479.230697 0.000000
601.868035 0.000000
741.882218 0.000000
850.072078 0.000000
1028.435276 0.000000
1223.842432 0.000000
1309.395427 0.000000
1303.303173 0.000000
1084.858854 0.000000
445.905306 0.000000
0.000000 0.000000
0.000000 0.000000
0.000000 0.000000
0.000000 0.000000
0.000000 0.000000
0.000000 0.000000
0.000000 0.000000
0.000000 0.000000
0.000000 0.000000
0.000000 0.000000
0.000000 0.000000
0.000000 0.000000
0.000000 0.000000
0.000000 0.000000
0.000000 0.000000
0.000000 0.000000
0.000000 0.000000
0.000000 0.000000
0.000000 0.000000
0.000000 0.000000
0.000000 0.000000
0.000000 0.000000
0.000000 0.000000
0.000000 0.000000
0.000000 0.000000
0.000000 0.000000
0.000000 0.000000
0.000000 0.000000
0.000000 0.000000
0.000000 0.000000
0.000000 0.000000
0.000000 0.000000
0.000000 0.000000
0.000000 0.000000
0.000000 0.000000
0.000000 0.000000
0.000000 0.000000
0.000000 0.000000
0.000000 0.000000
0.000000 0.000000
0.000000 0.000000
0.000000 0.000000
0.000000 0.000000
0.000000 0.000000
0.000000 0.000000
0.000000 0.000000
0.000000 0.000000
0.000000 0.000000
0.000000 0.000000
0.000000 0.000000
0.000000 0.000000
0.000000 0.000000
0.000000 0.000000
0.000000 0.000000
0.000000 0.000000
0.000000 0.000000
0.000000 0.000000
0.000000 0.000000
0.000000 0.000000
0.000000 0.000000
0.000000 0.000000
0.000000 0.000000
0.000000 0.000000
0.000000 0.000000
0.000000 0.000000
0.000000 0.000000
0.000000 0.000000
0.000000 0.000000
0.000000 0.000000
0.000000 0.000000
0.000000 0.000000
0.000000 0.000000
0.000000 0.000000
0.000000 0.000000
0.000000 0.000000
0.000000 0.000000
0.000000 0.000000
0.000000 0.000000
0.000000 0.000000
0.000000 0.000000
0.000000 0.000000
0.000000 0.000000
0.000000 0.000000
0.000000 0.000000
0.000000 0.000000
0.000000 0.000000
0.000000 0.000000
0.000000 0.000000
0.000000 0.000000
0.000000 0.000000
0.000000 0.000000
0.000000 0.000000
0.000000 0.000000
0.000000 0.000000
0.000000 0.000000
0.000000 0.000000
0.000000 0.000000
3.527275 0.000000
3.527275 0.000000
8.747190 0.000000
13.878483 0.000000
18.921154 0.000000
30.398011 0.000000
33.606240 0.000000
44.515905 0.000000
56.498025 0.000000
73.301202 0.000000
81.277473 0.000000
96.272865 0.000000
121.025628 0.000000
137.926390 0.000000
154.813822 0.000000
169.251145 0.000000
172.287506 0.000000
153.953226 0.000000
107.074437 0.000000
75.698238 0.000000
40.567413 0.000000
28.716790 0.000000
38.420358 0.000000
49.771028 0.000000
64.310088 0.000000
76.436666 0.000000
99.095608 0.000000
116.950577 0.000000
133.126427 0.000000
151.698874 0.000000
183.279977 0.000000
197.346018 0.000000
207.197876 0.000000
200.993264 0.000000
168.207507 0.000000
86.736861 0.000000
47.381748 0.000000
17.999320 0.000000
20.882102 0.000000
26.617029 0.000000
30.682156 0.000000
39.117834 0.000000
46.076228 0.000000
49.389370 0.000000
50.829114 0.000000
45.723406 0.000000
26.741491 0.000000
25.625850 0.000000
20.880026 0.000000
8.335935 0.000000
4.830870 0.000000
6.242335 0.000000
7.852494 0.000000
8.958274 0.000000
10.013903 0.000000
11.125336 0.000000
12.256344 0.000000
12.846402 0.000000
12.194747 0.000000
12.150810 0.000000
11.017670 0.000000
16.974595 0.000000
20.109536 0.000000
22.569078 0.000000
30.956834 0.000000
40.424248 0.000000
52.232716 0.000000
68.450258 0.000000
82.194333 0.000000
99.579624 0.000000
112.854765 0.000000
128.390336 0.000000
137.150961 0.000000
136.623761 0.000000
116.033979 0.000000
58.145661 0.000000
20.996859 0.000000
0.000000 0.000000
0.000000 0.000000
0.000000 0.000000
0.000000 0.000000
0.000000 0.000000
0.000000 0.000000
0.000000 0.000000
0.000000 0.000000
0.000000 0.000000
0.000000 0.000000
0.000000 0.000000
0.000000 0.000000
0.000000 0.000000
0.000000 0.000000
0.000000 0.000000
0.000000 0.000000
0.000000 0.000000
0.000000 0.000000
0.000000 0.000000
0.000000 0.000000
0.000000 0.000000
0.000000 0.000000
0.000000 0.000000
0.000000 0.000000
0.000000 0.000000
0.000000 0.000000
0.000000 0.000000
0.000000 0.000000
0.000000 0.000000
0.000000 0.000000
0.000000 0.000000
0.000000 0.000000
0.000000 0.000000
0.000000 0.000000
0.000000 0.000000
0.000000 0.000000
0.000000 0.000000
0.000000 0.000000
0.000000 0.000000
0.000000 0.000000
0.000000 0.000000
0.000000 0.000000
0.000000 0.000000
0.000000 0.000000
0.000000 0.000000
0.000000 0.000000
0.000000 0.000000
0.000000 0.000000
0.000000 0.000000
0.000000 0.000000
0.000000 0.000000
0.000000 0.000000
0.000000 0.000000
0.000000 0.000000
0.000000 0.000000
0.000000 0.000000
0.000000 0.000000
0.000000 0.000000
0.000000 0.000000
0.000000 0.000000
0.000000 0.000000
0.000000 0.000000
0.000000 0.000000
0.000000 0.000000
0.000000 0.000000
0.000000 0.000000
0.000000 0.000000
0.000000 0.000000
