298696.572507 0.000000
272520.583962 0.000000
256077.409710 0.000000
228450.530093 0.000000
218949.500131 0.000000
213314.062712 0.000000
185612.796524 0.000000
184996.160451 0.000000
199301.632229 0.000000
185996.777539 0.000000
148110.163022 0.000000
144570.676356 0.000000
176637.089086 0.000000
178339.038508 0.000000
195625.702648 0.000000
189584.085373 0.000000
176091.985790 0.000000
175370.148863 0.000000
168828.573293 0.000000
154714.734374 0.000000
152554.284883 0.000000
135754.532938 0.000000
70754.191324 0.000000
71594.591764 0.000000
86914.811854 0.000000
100757.129626 0.000000
112733.561027 0.000000
104972.925909 0.000000
116230.222457 0.000000
86617.031794 0.000000
75179.206560 0.000000
46859.908705 0.000000
48508.069270 0.000000
62673.777544 0.000000
78921.145283 0.000000
89654.157574 0.000000
98244.028536 0.000000
49420.514955 0.000000
45184.194111 0.000000
57012.551331 0.000000
74753.965063 0.000000
83687.816526 0.000000
96046.977657 0.000000
89980.099266 0.000000
89695.676063 0.000000
87789.443311 0.000000
68222.442322 0.000000
75823.609398 0.000000
79378.933596 0.000000
75725.378280 0.000000
76674.366945 0.000000
74192.638661 0.000000
38276.785955 0.000000
37308.395722 0.000000
57680.626854 0.000000
65251.580329 0.000000
78985.728919 0.000000
92055.056653 0.000000
92284.652912 0.000000
78436.431376 0.000000
79150.878531 0.000000
92252.608775 0.000000
111901.885278 0.000000
132280.975634 0.000000
137974.126330 0.000000
135515.468156 0.000000
105002.781207 0.000000
104902.992966 0.000000
111161.869103 0.000000
113337.292367 0.000000
104617.963077 0.000000
71549.292365 0.000000
44606.834903 0.000000
32323.249780 0.000000
30531.653375 0.000000
35524.013670 0.000000
40040.004376 0.000000
42578.844771 0.000000
41846.069659 0.000000
30102.580675 0.000000
16159.965623 0.000000
20696.384289 0.000000
23102.940601 0.000000
25973.804141 0.000000
30571.539564 0.000000
32862.094409 0.000000
43704.286383 0.000000
46048.391593 0.000000
46799.779637 0.000000
45518.926018 0.000000
35458.785150 0.000000
42822.404478 0.000000
47293.930848 0.000000
46493.969722 0.000000
51188.329077 0.000000
47849.703842 0.000000
46152.218916 0.000000
42170.319639 0.000000
22047.941904 0.000000
772.904391 0.000000
1514.261664 0.000000
2224.071819 0.000000
8358.996174 0.000000
11832.104363 0.000000
19071.561118 0.000000
20232.302976 0.000000
23529.679980 0.000000
24396.426150 0.000000
31515.865487 0.000000
36660.258603 0.000000
44750.051751 0.000000
51528.908597 0.000000
56421.993164 0.000000
52714.013215 0.000000
55449.458140 0.000000
37276.394433 0.000000
2550.666298 0.000000
4827.399714 0.000000
7767.553292 0.000000
11841.137684 0.000000
15529.549564 0.000000
24438.045879 0.000000
28165.209403 0.000000
32005.987293 0.000000
36148.392761 0.000000
36891.357516 0.000000
35802.484381 0.000000
24520.111168 0.000000
7819.017979 0.000000
0.000000 0.000000
0.000000 0.000000
731.366185 0.000000
1432.880689 0.000000
2143.491222 0.000000
3431.341121 0.000000
4562.523674 0.000000
6065.416108 0.000000
8223.968311 0.000000
11992.107421 0.000000
12554.230285 0.000000
12216.400006 0.000000
0.000000 0.000000
0.000000 0.000000
0.000000 0.000000
0.000000 0.000000
0.000000 0.000000
0.000000 0.000000
0.000000 0.000000
0.000000 0.000000
0.000000 0.000000
802.606476 0.000000
1586.605282 0.000000
2323.394643 0.000000
3040.377929 0.000000
3723.403361 0.000000
5690.538157 0.000000
7446.768729 0.000000
9196.302981 0.000000
13634.175401 0.000000
14189.875624 0.000000
14131.223987 0.000000
13130.961475 0.000000
6100.621647 0.000000
1659.268090 0.000000
0.000000 0.000000
0.000000 0.000000
0.000000 0.000000
0.000000 0.000000
0.000000 0.000000
713.664371 0.000000
1398.199584 0.000000
2679.882536 0.000000
3277.030275 0.000000
3845.048856 0.000000
5374.329651 0.000000
7340.547816 0.000000
8389.197504 0.000000
12004.297983 0.000000
13042.398859 0.000000
12462.834646 0.000000
42.263424 0.000000
85.316865 0.000000
112.827552 0.000000
830.305607 0.000000
1533.147193 0.000000
4657.071092 0.000000
7652.228859 0.000000
11523.619142 0.000000
14828.814862 0.000000
23769.086016 0.000000
24941.408324 0.000000
29300.059679 0.000000
35248.987037 0.000000
42661.880776 0.000000
47738.556384 0.000000
50218.170826 0.000000
41415.848745 0.000000
25577.080815 0.000000
12008.394944 0.000000
14684.178600 0.000000
21928.373376 0.000000
26700.141098 0.000000
29131.717004 0.000000
31376.780621 0.000000
37146.209524 0.000000
40869.448610 0.000000
42873.319447 0.000000
44004.162445 0.000000
43403.552772 0.000000
41561.270521 0.000000
40758.154182 0.000000
36407.940682 0.000000
20144.834826 0.000000
0.000000 0.000000
0.000000 0.000000
754.952261 0.000000
1479.090144 0.000000
2172.413649 0.000000
2834.922776 0.000000
6431.411126 0.000000
7514.568142 0.000000
8474.467647 0.000000
10024.494120 0.000000
14073.076735 0.000000
17385.918600 0.000000
22330.996545 0.000000
26492.111876 0.000000
31192.492091 0.000000
27400.914703 0.000000
32949.599931 0.000000
37265.243996 0.000000
42745.426937 0.000000
40347.846900 0.000000
31237.042762 0.000000
0.000000 0.000000
0.000000 0.000000
0.000000 0.000000
0.000000 0.000000
0.000000 0.000000
0.000000 0.000000
0.000000 0.000000
0.000000 0.000000
0.000000 0.000000
0.000000 0.000000
0.000000 0.000000
0.000000 0.000000
0.000000 0.000000
0.000000 0.000000
0.000000 0.000000
0.000000 0.000000
0.000000 0.000000
0.000000 0.000000
0.000000 0.000000
0.000000 0.000000
0.000000 0.000000
0.000000 0.000000
0.000000 0.000000
0.000000 0.000000
0.000000 0.000000
0.000000 0.000000
0.000000 0.000000
0.000000 0.000000
0.000000 0.000000
0.000000 0.000000
27.709255 0.000000
54.287520 0.000000
79.734795 0.000000
149.290680 0.000000
958.031447 0.000000
1717.553992 0.000000
2450.934855 0.000000
3101.168834 0.000000
3086.532473 0.000000
3608.224608 0.000000
238.363347 0.000000
269.449131 0.000000
1075.217839 0.000000
1848.884221 0.000000
5665.317453 0.000000
9339.202420 0.000000
13423.539486 0.000000
16429.249687 0.000000
18953.877734 0.000000
24999.034125 0.000000
31938.190579 0.000000
35456.389816 0.000000
41556.939357 0.000000
42633.939131 0.000000
41933.389232 0.000000
37881.854040 0.000000
15193.256968 0.000000
0.000000 0.000000
0.000000 0.000000
0.000000 0.000000
0.000000 0.000000
0.000000 0.000000
0.000000 0.000000
760.153317 0.000000
1489.279968 0.000000
2187.379953 0.000000
3490.499925 0.000000
3490.499925 0.000000
4669.513233 0.000000
5724.419877 0.000000
7461.913173 0.000000
8439.253152 0.000000
9307.999800 0.000000
9680.319792 0.000000
7461.913173 0.000000
760.153317 0.000000
0.000000 0.000000
0.000000 0.000000
0.000000 0.000000
0.000000 0.000000
0.000000 0.000000
0.000000 0.000000
0.000000 0.000000
0.000000 0.000000
0.000000 0.000000
0.000000 0.000000
0.000000 0.000000
3210.625138 0.000000
6290.204352 0.000000
12056.225008 0.000000
14742.666450 0.000000
20407.131198 0.000000
22686.373324 0.000000
27462.289488 0.000000
34164.185190 0.000000
41277.772243 0.000000
40622.249904 0.000000
34949.582577 0.000000
0.000000 0.000000
0.000000 0.000000
0.000000 0.000000
0.000000 0.000000
0.000000 0.000000
778.764007 0.000000
1564.424714 0.000000
1601.463424 0.000000
2349.646629 0.000000
3062.797496 0.000000
3740.916026 0.000000
4455.910723 0.000000
5131.365255 0.000000
5702.600358 0.000000
6645.452261 0.000000
7286.177750 0.000000
853.733939 0.000000
116.126974 0.000000
144.901806 0.000000
169.565919 0.000000
199.985011 0.000000
240.269790 0.000000
235.131496 0.000000
190.222342 0.000000
842.579672 0.000000
2288.079439 0.000000
2137.142742 0.000000
3388.702393 0.000000
3976.077475 0.000000
5060.640063 0.000000
6461.290709 0.000000
7590.845165 0.000000
9082.643950 0.000000
9967.674121 0.000000
9636.390346 0.000000
5041.621755 0.000000
0.000000 0.000000
0.000000 0.000000
0.000000 0.000000
0.000000 0.000000
0.000000 0.000000
0.000000 0.000000
0.000000 0.000000
781.685632 0.000000
1531.465728 0.000000
2935.309312 0.000000
3589.372800 0.000000
5362.320126 0.000000
6384.823696 0.000000
7277.647776 0.000000
8680.429504 0.000000
9716.231202 0.000000
9952.934448 0.000000
8944.193568 0.000000
4785.058936 0.000000
0.000000 0.000000
0.000000 0.000000
0.000000 0.000000
0.000000 0.000000
0.000000 0.000000
0.000000 0.000000
0.000000 0.000000
0.000000 0.000000
0.000000 0.000000
23.884854 0.000000
46.794816 0.000000
79.209975 0.000000
902.378349 0.000000
1671.611882 0.000000
1700.217305 0.000000
2475.924760 0.000000
3179.658940 0.000000
4487.980839 0.000000
5620.882307 0.000000
6590.059068 0.000000
7883.373083 0.000000
8840.853146 0.000000
10090.886930 0.000000
9748.916567 0.000000
7405.235355 0.000000
0.000000 0.000000
0.000000 0.000000
0.000000 0.000000
0.000000 0.000000
779.462502 0.000000
1527.110208 0.000000
2242.943118 0.000000
2926.961232 0.000000
4199.553072 0.000000
5869.829862 0.000000
7651.458438 0.000000
9544.438800 0.000000
9878.494158 0.000000
8351.383950 0.000000
2926.961232 0.000000
0.000000 0.000000
0.000000 0.000000
0.000000 0.000000
0.000000 0.000000
0.000000 0.000000
0.000000 0.000000
0.000000 0.000000
0.000000 0.000000
0.000000 0.000000
781.578224 0.000000
1531.255296 0.000000
2249.031216 0.000000
2934.905984 0.000000
3588.879600 0.000000
4210.952064 0.000000
5359.393536 0.000000
5885.762544 0.000000
7675.336097 0.000000
8951.037999 0.000000
9190.210594 0.000000
9716.321468 0.000000
9396.449502 0.000000
4802.006223 0.000000
0.000000 0.000000
0.000000 0.000000
0.000000 0.000000
0.000000 0.000000
0.000000 0.000000
0.000000 0.000000
0.000000 0.000000
0.000000 0.000000
0.000000 0.000000
0.000000 0.000000
0.000000 0.000000
0.000000 0.000000
0.000000 0.000000
0.000000 0.000000
0.000000 0.000000
0.000000 0.000000
773.110191 0.000000
1514.664864 0.000000
2224.664019 0.000000
3549.995775 0.000000
5301.327024 0.000000
7589.102079 0.000000
8851.322799 0.000000
9608.655231 0.000000
9608.655231 0.000000
6768.658611 0.000000
0.000000 0.000000
0.000000 0.000000
0.000000 0.000000
0.000000 0.000000
0.000000 0.000000
0.000000 0.000000
0.000000 0.000000
0.000000 0.000000
0.000000 0.000000
0.000000 0.000000
793.422896 0.000000
807.478070 0.000000
820.947723 0.000000
1612.041382 0.000000
2391.464449 0.000000
3131.692096 0.000000
3832.724324 0.000000
5108.363823 0.000000
6763.847033 0.000000
7692.252877 0.000000
7650.350788 0.000000
6125.859681 0.000000
0.000000 0.000000
0.000000 0.000000
0.000000 0.000000
0.000000 0.000000
0.000000 0.000000
0.000000 0.000000
0.000000 0.000000
0.000000 0.000000
0.000000 0.000000
0.000000 0.000000
0.000000 0.000000
0.000000 0.000000
0.000000 0.000000
0.000000 0.000000
0.000000 0.000000
0.000000 0.000000
0.000000 0.000000
0.000000 0.000000
0.000000 0.000000
0.000000 0.000000
0.000000 0.000000
0.000000 0.000000
0.000000 0.000000
0.000000 0.000000
0.000000 0.000000
0.000000 0.000000
0.000000 0.000000
0.000000 0.000000
0.000000 0.000000
0.000000 0.000000
0.000000 0.000000
0.000000 0.000000
0.000000 0.000000
0.000000 0.000000
0.000000 0.000000
780.679515 0.000000
1529.494560 0.000000
2246.445135 0.000000
2931.531240 0.000000
3584.752875 0.000000
4795.602735 0.000000
5878.994715 0.000000
8029.846440 0.000000
9176.967360 0.000000
9814.256760 0.000000
9814.256760 0.000000
8667.135840 0.000000
6834.928815 0.000000
793.196976 0.000000
808.441795 0.000000
819.916304 0.000000
1581.766180 0.000000
3006.358621 0.000000
3019.014939 0.000000
5461.856228 0.000000
6500.263542 0.000000
8144.578121 0.000000
9257.651180 0.000000
6418.426105 0.000000
2943.732708 0.000000
4815.562746 0.000000
5375.511902 0.000000
6863.376804 0.000000
8063.267853 0.000000
9215.163261 0.000000
9855.105154 0.000000
9855.105154 0.000000
8703.209746 0.000000
5375.511902 0.000000
0.000000 0.000000
0.000000 0.000000
0.000000 0.000000
0.000000 0.000000
0.000000 0.000000
0.000000 0.000000
0.000000 0.000000
0.000000 0.000000
0.000000 0.000000
0.000000 0.000000
0.000000 0.000000
0.000000 0.000000
0.000000 0.000000
0.000000 0.000000
0.000000 0.000000
0.000000 0.000000
0.000000 0.000000
0.000000 0.000000
0.000000 0.000000
0.000000 0.000000
0.000000 0.000000
0.000000 0.000000
0.000000 0.000000
0.000000 0.000000
0.000000 0.000000
0.000000 0.000000
0.000000 0.000000
0.000000 0.000000
0.000000 0.000000
0.000000 0.000000
0.000000 0.000000
0.000000 0.000000
0.000000 0.000000
0.000000 0.000000
0.000000 0.000000
0.000000 0.000000
0.000000 0.000000
0.000000 0.000000
0.000000 0.000000
0.000000 0.000000
0.000000 0.000000
0.000000 0.000000
0.000000 0.000000
0.000000 0.000000
0.000000 0.000000
0.000000 0.000000
0.000000 0.000000
0.000000 0.000000
0.000000 0.000000
0.000000 0.000000
767.608324 0.000000
1503.885696 0.000000
2208.832116 0.000000
3536.315094 0.000000
3547.372089 0.000000
4168.074276 0.000000
5303.646425 0.000000
5843.293480 0.000000
6333.694745 0.000000
8297.359977 0.000000
9459.122630 0.000000
9695.828787 0.000000
9654.807123 0.000000
8799.491744 0.000000
4157.135558 0.000000
24.064500 0.000000
24.064500 0.000000
36.885750 0.000000
43.658000 0.000000
58.780500 0.000000
69.070375 0.000000
77.880875 0.000000
77.913750 0.000000
62.528250 0.000000
31.839445 0.000000
16.125222 0.000000
18.311407 0.000000
19.675710 0.000000
19.889359 0.000000
19.478406 0.000000
14.719640 0.000000
8.267833 0.000000
9.541698 0.000000
10.166282 0.000000
8.678664 0.000000
4.252864 0.000000
4.306232 0.000000
4.897928 0.000000
5.047910 0.000000
4.261025 0.000000
1.972296 0.000000
2.153096 0.000000
2.350320 0.000000
2.516759 0.000000
2.301096 0.000000
1.411579 0.000000
0.416076 0.000000
0.231075 0.000000
0.309127 0.000000
0.394897 0.000000
0.481162 0.000000
0.546906 0.000000
0.600819 0.000000
0.635202 0.000000
0.629025 0.000000
0.529872 0.000000
0.401467 0.000000
0.072333 0.000000
0.000000 0.000000
0.000000 0.000000
0.000000 0.000000
0.000000 0.000000
0.000000 0.000000
0.000000 0.000000
0.000000 0.000000
0.000000 0.000000
770.346003 0.000000
770.346003 0.000000
1509.249312 0.000000
2216.709927 0.000000
2892.727848 0.000000
4150.435608 0.000000
5282.372592 0.000000
7168.934232 0.000000
7923.558888 0.000000
9259.873383 0.000000
9762.956487 0.000000
9574.300323 0.000000
6288.538800 0.000000
3537.303075 0.000000
0.000000 0.000000
0.000000 0.000000
0.000000 0.000000
0.000000 0.000000
0.000000 0.000000
0.000000 0.000000
0.000000 0.000000
0.000000 0.000000
0.000000 0.000000
0.000000 0.000000
0.000000 0.000000
4.377758 0.000000
8.576832 0.000000
12.597222 0.000000
21.844119 0.000000
28.455427 0.000000
37.032259 0.000000
44.939026 0.000000
52.935135 0.000000
55.124014 0.000000
51.081298 0.000000
23.161936 0.000000
769.298334 0.000000
1507.196736 0.000000
2888.793744 0.000000
4144.791024 0.000000
4725.689766 0.000000
5793.287454 0.000000
7912.782864 0.000000
9247.279974 0.000000
9671.179056 0.000000
9812.478750 0.000000
9561.279294 0.000000
7551.683646 0.000000
2888.793744 0.000000
0.000000 0.000000
0.000000 0.000000
0.000000 0.000000
751.995405 0.000000
1473.297120 0.000000
2163.905145 0.000000
2823.819480 0.000000
4051.567080 0.000000
5662.985805 0.000000
7381.832445 0.000000
8348.683680 0.000000
8839.782720 0.000000
9530.390745 0.000000
9039.291705 0.000000
6138.738000 0.000000
0.000000 0.000000
0.000000 0.000000
0.000000 0.000000
759.299214 0.000000
1483.478896 0.000000
2176.838697 0.000000
4071.998823 0.000000
4645.590774 0.000000
5184.763677 0.000000
6617.363108 0.000000
7036.155174 0.000000
8098.653550 0.000000
9253.086578 0.000000
9574.857856 0.000000
8387.875971 0.000000
4639.323133 0.000000
0.000000 0.000000
0.000000 0.000000
0.000000 0.000000
0.000000 0.000000
0.000000 0.000000
0.000000 0.000000
0.000000 0.000000
0.000000 0.000000
0.000000 0.000000
0.000000 0.000000
0.000000 0.000000
0.000000 0.000000
0.000000 0.000000
0.000000 0.000000
0.000000 0.000000
0.000000 0.000000
0.000000 0.000000
0.000000 0.000000
0.000000 0.000000
0.000000 0.000000
0.000000 0.000000
0.000000 0.000000
0.000000 0.000000
0.000000 0.000000
0.000000 0.000000
0.000000 0.000000
0.000000 0.000000
0.000000 0.000000
0.000000 0.000000
0.000000 0.000000
0.000000 0.000000
0.000000 0.000000
0.000000 0.000000
0.000000 0.000000
0.000000 0.000000
0.000000 0.000000
0.000000 0.000000
0.000000 0.000000
0.000000 0.000000
0.000000 0.000000
0.000000 0.000000
0.000000 0.000000
0.000000 0.000000
0.000000 0.000000
0.000000 0.000000
0.000000 0.000000
0.000000 0.000000
0.000000 0.000000
0.000000 0.000000
0.000000 0.000000
0.000000 0.000000
0.000000 0.000000
0.000000 0.000000
0.000000 0.000000
0.000000 0.000000
0.000000 0.000000
0.000000 0.000000
1.663844 0.000000
3.259776 0.000000
4.787796 0.000000
6.247904 0.000000
7.640100 0.000000
8.964384 0.000000
11.969490 0.000000
16.018743 0.000000
18.056103 0.000000
19.380387 0.000000
20.284462 0.000000
19.172394 0.000000
13.790358 0.000000
5.882877 0.000000
0.814944 0.000000
0.000000 0.000000
0.000000 0.000000
0.000000 0.000000
0.000000 0.000000
0.000000 0.000000
0.000000 0.000000
0.000000 0.000000
0.000000 0.000000
0.000000 0.000000
0.000000 0.000000
0.000000 0.000000
0.000000 0.000000
0.000000 0.000000
12.524498 0.000000
24.537792 0.000000
30.288837 0.000000
35.784280 0.000000
46.008360 0.000000
50.736997 0.000000
55.210032 0.000000
72.846570 0.000000
95.850750 0.000000
110.420064 0.000000
113.551189 0.000000
113.615077 0.000000
99.748636 0.000000
44.474664 0.000000
3.131100 0.000000
0.000000 0.000000
0.000000 0.000000
0.000000 0.000000
0.000000 0.000000
0.000000 0.000000
0.000000 0.000000
0.000000 0.000000
0.000000 0.000000
0.000000 0.000000
0.000000 0.000000
0.000000 0.000000
0.000000 0.000000
0.000000 0.000000
0.000000 0.000000
0.000000 0.000000
0.000000 0.000000
0.000000 0.000000
0.000000 0.000000
0.000000 0.000000
0.000000 0.000000
0.000000 0.000000
0.000000 0.000000
0.000000 0.000000
0.000000 0.000000
0.000000 0.000000
0.000000 0.000000
0.000000 0.000000
0.000000 0.000000
0.000000 0.000000
0.000000 0.000000
0.000000 0.000000
0.000000 0.000000
0.000000 0.000000
0.000000 0.000000
0.000000 0.000000
0.000000 0.000000
0.000000 0.000000
0.000000 0.000000
0.000000 0.000000
0.000000 0.000000
0.000000 0.000000
0.000000 0.000000
0.000000 0.000000
0.000000 0.000000
0.000000 0.000000
0.000000 0.000000
0.000000 0.000000
0.000000 0.000000
0.000000 0.000000
0.000000 0.000000
0.000000 0.000000
0.000000 0.000000
0.000000 0.000000
0.000000 0.000000
0.000000 0.000000
0.000000 0.000000
0.000000 0.000000
0.000000 0.000000
0.000000 0.000000
0.000000 0.000000
0.000000 0.000000
0.000000 0.000000
0.000000 0.000000
0.000000 0.000000
0.000000 0.000000
0.000000 0.000000
0.000000 0.000000
0.000000 0.000000
0.000000 0.000000
0.000000 0.000000
0.000000 0.000000
0.000000 0.000000
0.000000 0.000000
0.000000 0.000000
0.000000 0.000000
0.000000 0.000000
0.000000 0.000000
0.000000 0.000000
0.000000 0.000000
0.000000 0.000000
0.000000 0.000000
0.000000 0.000000
0.000000 0.000000
0.000000 0.000000
0.000000 0.000000
0.000000 0.000000
0.000000 0.000000
0.000000 0.000000
0.000000 0.000000
0.000000 0.000000
0.000000 0.000000
0.000000 0.000000
0.000000 0.000000
0.000000 0.000000
0.000000 0.000000
0.000000 0.000000
0.000000 0.000000
0.000000 0.000000
0.000000 0.000000
0.000000 0.000000
0.000000 0.000000
0.000000 0.000000
0.000000 0.000000
0.000000 0.000000
0.000000 0.000000
0.000000 0.000000
0.000000 0.000000
0.000000 0.000000
0.000000 0.000000
0.000000 0.000000
0.000000 0.000000
0.000000 0.000000
0.000000 0.000000
0.000000 0.000000
0.000000 0.000000
0.000000 0.000000
0.000000 0.000000
0.000000 0.000000
0.000000 0.000000
0.000000 0.000000
0.000000 0.000000
18.677232 0.000000
36.592128 0.000000
53.744688 0.000000
70.134912 0.000000
85.762800 0.000000
114.731568 0.000000
152.467200 0.000000
173.812608 0.000000
206.974224 0.000000
235.180656 0.000000
211.262364 0.000000
941.003785 0.000000
1605.590952 0.000000
2324.710617 0.000000
2329.189341 0.000000
3635.335089 0.000000
4204.684506 0.000000
47.931876 0.000000
26.729406 0.000000
0.000000 0.000000
0.000000 0.000000
0.000000 0.000000
0.000000 0.000000
0.000000 0.000000
0.000000 0.000000
0.000000 0.000000
0.000000 0.000000
0.000000 0.000000
0.000000 0.000000
0.000000 0.000000
0.000000 0.000000
0.000000 0.000000
0.000000 0.000000
0.000000 0.000000
0.000000 0.000000
0.000000 0.000000
0.000000 0.000000
0.000000 0.000000
0.000000 0.000000
0.000000 0.000000
0.000000 0.000000
0.000000 0.000000
0.000000 0.000000
0.000000 0.000000
0.000000 0.000000
0.000000 0.000000
0.000000 0.000000
0.000000 0.000000
0.000000 0.000000
0.000000 0.000000
0.000000 0.000000
0.000000 0.000000
0.000000 0.000000
0.000000 0.000000
0.000000 0.000000
0.000000 0.000000
0.000000 0.000000
0.000000 0.000000
0.000000 0.000000
0.000000 0.000000
0.000000 0.000000
0.000000 0.000000
0.000000 0.000000
0.000000 0.000000
0.000000 0.000000
0.000000 0.000000
0.000000 0.000000
0.000000 0.000000
0.000000 0.000000
0.000000 0.000000
0.000000 0.000000
0.000000 0.000000
0.000000 0.000000
0.000000 0.000000
0.000000 0.000000
0.000000 0.000000
0.000000 0.000000
0.000000 0.000000
0.000000 0.000000
0.000000 0.000000
0.000000 0.000000
0.000000 0.000000
0.000000 0.000000
0.000000 0.000000
0.000000 0.000000
0.000000 0.000000
0.000000 0.000000
0.000000 0.000000
0.000000 0.000000
0.000000 0.000000
0.000000 0.000000
0.000000 0.000000
0.000000 0.000000
0.000000 0.000000
0.000000 0.000000
0.000000 0.000000
0.000000 0.000000
0.000000 0.000000
0.000000 0.000000
0.000000 0.000000
0.000000 0.000000
0.000000 0.000000
0.000000 0.000000
0.000000 0.000000
0.000000 0.000000
0.000000 0.000000
0.000000 0.000000
0.000000 0.000000
0.000000 0.000000
0.000000 0.000000
0.000000 0.000000
0.000000 0.000000
0.000000 0.000000
0.000000 0.000000
0.000000 0.000000
0.000000 0.000000
0.000000 0.000000
0.000000 0.000000
0.000000 0.000000
0.000000 0.000000
0.000000 0.000000
0.000000 0.000000
0.000000 0.000000
0.000000 0.000000
0.000000 0.000000
0.000000 0.000000
0.000000 0.000000
0.000000 0.000000
0.000000 0.000000
0.000000 0.000000
0.000000 0.000000
0.000000 0.000000
0.000000 0.000000
0.000000 0.000000
0.000000 0.000000
0.000000 0.000000
0.000000 0.000000
0.000000 0.000000
0.000000 0.000000
0.000000 0.000000
0.000000 0.000000
0.000000 0.000000
0.000000 0.000000
0.000000 0.000000
0.000000 0.000000
0.000000 0.000000
0.000000 0.000000
0.000000 0.000000
0.000000 0.000000
0.000000 0.000000
0.000000 0.000000
0.000000 0.000000
770.300286 0.000000
770.300286 0.000000
1509.159744 0.000000
1509.159744 0.000000
2216.578374 0.000000
2892.556176 0.000000
3537.093150 0.000000
4731.844614 0.000000
5800.832766 0.000000
6288.165600 0.000000
7168.508784 0.000000
7923.088656 0.000000
9054.958464 0.000000
9809.538336 0.000000
9573.732126 0.000000
8551.905216 0.000000
6288.165600 0.000000
0.000000 0.000000
0.000000 0.000000
0.000000 0.000000
2.877378 0.000000
5.637312 0.000000
8.279802 0.000000
794.206372 0.000000
798.316912 0.000000
803.176172 0.000000
807.125236 0.000000
809.136472 0.000000
812.498303 0.000000
813.114880 0.000000
809.591528 0.000000
795.850492 0.000000
9.644856 0.000000
8.631840 0.000000
9.138300 0.000000
8.639180 0.000000
7.424410 0.000000
4.558140 0.000000
3.501180 0.000000
4.161780 0.000000
4.437030 0.000000
4.025990 0.000000
2.444220 0.000000
1.961615 0.000000
2.174475 0.000000
2.257050 0.000000
1.675355 0.000000
0.823915 0.000000
0.924840 0.000000
1.043190 0.000000
1.137696 0.000000
1.073499 0.000000
0.672171 0.000000
0.292383 0.000000
0.323595 0.000000
0.392904 0.000000
0.488835 0.000000
0.543915 0.000000
0.566406 0.000000
0.557226 0.000000
0.485405 0.000000
0.205680 0.000000
0.000000 0.000000
0.000000 0.000000
0.000000 0.000000
0.000000 0.000000
0.000000 0.000000
0.000000 0.000000
0.000000 0.000000
0.000000 0.000000
0.000000 0.000000
0.000000 0.000000
0.000000 0.000000
0.000000 0.000000
0.000000 0.000000
0.000000 0.000000
0.000000 0.000000
0.000000 0.000000
0.000000 0.000000
0.000000 0.000000
0.000000 0.000000
0.000000 0.000000
0.000000 0.000000
0.000000 0.000000
0.000000 0.000000
0.000000 0.000000
0.000000 0.000000
0.000000 0.000000
0.000000 0.000000
0.000000 0.000000
0.000000 0.000000
0.000000 0.000000
0.000000 0.000000
0.000000 0.000000
0.000000 0.000000
0.000000 0.000000
0.000000 0.000000
0.000000 0.000000
0.000000 0.000000
0.000000 0.000000
0.000000 0.000000
3.138058 0.000000
6.148032 0.000000
9.029922 0.000000
11.783728 0.000000
14.409450 0.000000
21.518112 0.000000
25.616800 0.000000
29.203152 0.000000
34.838848 0.000000
38.937536 0.000000
39.513914 0.000000
32.565357 0.000000
11.767735 0.000000
0.000000 0.000000
0.000000 0.000000
0.000000 0.000000
0.000000 0.000000
0.000000 0.000000
0.000000 0.000000
0.000000 0.000000
0.000000 0.000000
0.000000 0.000000
0.000000 0.000000
0.000000 0.000000
0.000000 0.000000
0.000000 0.000000
0.000000 0.000000
0.000000 0.000000
0.000000 0.000000
0.000000 0.000000
0.000000 0.000000
0.000000 0.000000
0.000000 0.000000
0.000000 0.000000
0.000000 0.000000
0.000000 0.000000
0.000000 0.000000
0.000000 0.000000
0.000000 0.000000
0.000000 0.000000
0.000000 0.000000
0.000000 0.000000
0.000000 0.000000
0.000000 0.000000
0.000000 0.000000
0.000000 0.000000
0.000000 0.000000
0.000000 0.000000
0.000000 0.000000
0.000000 0.000000
0.000000 0.000000
0.000000 0.000000
0.000000 0.000000
0.000000 0.000000
0.000000 0.000000
0.000000 0.000000
0.000000 0.000000
0.000000 0.000000
0.000000 0.000000
0.000000 0.000000
0.000000 0.000000
0.000000 0.000000
0.000000 0.000000
0.000000 0.000000
0.000000 0.000000
0.000000 0.000000
0.000000 0.000000
0.000000 0.000000
0.000000 0.000000
0.000000 0.000000
0.000000 0.000000
0.000000 0.000000
0.000000 0.000000
0.000000 0.000000
0.000000 0.000000
0.000000 0.000000
0.000000 0.000000
0.000000 0.000000
0.000000 0.000000
0.000000 0.000000
0.000000 0.000000
0.000000 0.000000
0.000000 0.000000
0.000000 0.000000
0.000000 0.000000
0.000000 0.000000
0.000000 0.000000
0.000000 0.000000
0.000000 0.000000
0.000000 0.000000
0.000000 0.000000
0.000000 0.000000
0.000000 0.000000
0.000000 0.000000
0.000000 0.000000
0.000000 0.000000
0.000000 0.000000
0.000000 0.000000
0.000000 0.000000
0.000000 0.000000
0.000000 0.000000
0.000000 0.000000
0.000000 0.000000
0.000000 0.000000
0.000000 0.000000
0.000000 0.000000
0.000000 0.000000
0.000000 0.000000
0.000000 0.000000
0.000000 0.000000
0.000000 0.000000
0.000000 0.000000
0.000000 0.000000
0.000000 0.000000
0.000000 0.000000
0.000000 0.000000
0.000000 0.000000
0.000000 0.000000
0.000000 0.000000
0.000000 0.000000
0.000000 0.000000
0.000000 0.000000
0.000000 0.000000
0.000000 0.000000
0.000000 0.000000
0.000000 0.000000
0.000000 0.000000
0.000000 0.000000
0.000000 0.000000
0.000000 0.000000
0.000000 0.000000
0.000000 0.000000
0.000000 0.000000
0.000000 0.000000
0.000000 0.000000
0.000000 0.000000
0.000000 0.000000
0.000000 0.000000
0.000000 0.000000
0.000000 0.000000
0.000000 0.000000
0.000000 0.000000
0.000000 0.000000
0.000000 0.000000
0.000000 0.000000
0.000000 0.000000
0.000000 0.000000
0.000000 0.000000
0.000000 0.000000
0.000000 0.000000
0.000000 0.000000
0.000000 0.000000
0.000000 0.000000
0.000000 0.000000
0.000000 0.000000
0.000000 0.000000
0.000000 0.000000
0.000000 0.000000
0.000000 0.000000
0.000000 0.000000
0.000000 0.000000
0.000000 0.000000
0.000000 0.000000
0.000000 0.000000
0.000000 0.000000
0.000000 0.000000
0.000000 0.000000
0.000000 0.000000
0.000000 0.000000
0.000000 0.000000
0.000000 0.000000
0.000000 0.000000
0.000000 0.000000
0.000000 0.000000
0.000000 0.000000
0.000000 0.000000
0.000000 0.000000
0.000000 0.000000
0.000000 0.000000
0.000000 0.000000
0.000000 0.000000
0.000000 0.000000
0.000000 0.000000
0.000000 0.000000
0.000000 0.000000
0.000000 0.000000
0.000000 0.000000
0.000000 0.000000
0.000000 0.000000
0.000000 0.000000
0.000000 0.000000
0.000000 0.000000
0.000000 0.000000
0.000000 0.000000
0.000000 0.000000
0.000000 0.000000
0.000000 0.000000
0.000000 0.000000
0.000000 0.000000
0.000000 0.000000
0.000000 0.000000
0.000000 0.000000
0.000000 0.000000
0.000000 0.000000
0.000000 0.000000
0.000000 0.000000
0.000000 0.000000
0.000000 0.000000
0.000000 0.000000
0.000000 0.000000
0.000000 0.000000
0.000000 0.000000
0.000000 0.000000
0.000000 0.000000
0.000000 0.000000
0.000000 0.000000
0.000000 0.000000
0.000000 0.000000
0.000000 0.000000
0.000000 0.000000
0.000000 0.000000
0.000000 0.000000
0.000000 0.000000
0.000000 0.000000
0.000000 0.000000
0.000000 0.000000
0.000000 0.000000
0.000000 0.000000
0.000000 0.000000
0.000000 0.000000
0.000000 0.000000
0.000000 0.000000
0.000000 0.000000
0.000000 0.000000
0.000000 0.000000
0.000000 0.000000
0.000000 0.000000
0.000000 0.000000
0.000000 0.000000
0.000000 0.000000
0.000000 0.000000
0.000000 0.000000
0.000000 0.000000
0.000000 0.000000
0.000000 0.000000
0.000000 0.000000
0.000000 0.000000
0.000000 0.000000
0.000000 0.000000
0.000000 0.000000
0.000000 0.000000
0.000000 0.000000
0.000000 0.000000
0.000000 0.000000
0.000000 0.000000
0.000000 0.000000
0.000000 0.000000
0.000000 0.000000
0.000000 0.000000
0.000000 0.000000
0.000000 0.000000
0.000000 0.000000
0.000000 0.000000
0.000000 0.000000
0.000000 0.000000
0.000000 0.000000
0.000000 0.000000
0.000000 0.000000
0.000000 0.000000
0.000000 0.000000
0.000000 0.000000
0.000000 0.000000
0.000000 0.000000
0.000000 0.000000
0.000000 0.000000
0.000000 0.000000
0.000000 0.000000
0.000000 0.000000
0.000000 0.000000
0.000000 0.000000
0.000000 0.000000
0.000000 0.000000
0.000000 0.000000
0.000000 0.000000
0.000000 0.000000
0.000000 0.000000
0.000000 0.000000
0.000000 0.000000
0.000000 0.000000
0.000000 0.000000
0.000000 0.000000
0.000000 0.000000
0.000000 0.000000
0.000000 0.000000
0.000000 0.000000
0.000000 0.000000
0.000000 0.000000
0.000000 0.000000
0.000000 0.000000
0.000000 0.000000
0.000000 0.000000
0.000000 0.000000
0.000000 0.000000
0.000000 0.000000
0.000000 0.000000
0.000000 0.000000
0.000000 0.000000
0.000000 0.000000
0.000000 0.000000
0.000000 0.000000
0.000000 0.000000
0.000000 0.000000
0.000000 0.000000
0.000000 0.000000
0.000000 0.000000
0.000000 0.000000
0.000000 0.000000
0.000000 0.000000
0.000000 0.000000
0.000000 0.000000
0.000000 0.000000
0.000000 0.000000
0.000000 0.000000
0.000000 0.000000
0.000000 0.000000
0.000000 0.000000
0.000000 0.000000
0.000000 0.000000
0.000000 0.000000
0.000000 0.000000
0.000000 0.000000
0.000000 0.000000
0.000000 0.000000
0.000000 0.000000
0.000000 0.000000
0.000000 0.000000
0.000000 0.000000
0.000000 0.000000
0.000000 0.000000
0.000000 0.000000
0.000000 0.000000
0.000000 0.000000
0.000000 0.000000
0.000000 0.000000
0.000000 0.000000
0.000000 0.000000
0.000000 0.000000
0.000000 0.000000
0.000000 0.000000
0.000000 0.000000
0.000000 0.000000
0.000000 0.000000
0.000000 0.000000
0.000000 0.000000
0.000000 0.000000
0.000000 0.000000
0.000000 0.000000
0.000000 0.000000
0.000000 0.000000
0.000000 0.000000
0.000000 0.000000
0.000000 0.000000
0.000000 0.000000
0.000000 0.000000
0.000000 0.000000
0.000000 0.000000
0.000000 0.000000
0.000000 0.000000
0.000000 0.000000
0.000000 0.000000
0.000000 0.000000
0.000000 0.000000
0.000000 0.000000
0.000000 0.000000
0.000000 0.000000
0.000000 0.000000
0.000000 0.000000
0.000000 0.000000
0.000000 0.000000
0.000000 0.000000
0.000000 0.000000
0.000000 0.000000
0.000000 0.000000
0.000000 0.000000
0.000000 0.000000
0.000000 0.000000
0.000000 0.000000
0.000000 0.000000
0.000000 0.000000
0.000000 0.000000
0.000000 0.000000
0.000000 0.000000
0.000000 0.000000
0.000000 0.000000
0.000000 0.000000
0.000000 0.000000
0.000000 0.000000
0.000000 0.000000
0.000000 0.000000
0.000000 0.000000
0.000000 0.000000
0.000000 0.000000
0.000000 0.000000
0.000000 0.000000
0.000000 0.000000
0.000000 0.000000
0.000000 0.000000
0.000000 0.000000
0.000000 0.000000
0.000000 0.000000
0.000000 0.000000
0.000000 0.000000
0.000000 0.000000
0.000000 0.000000
0.000000 0.000000
0.000000 0.000000
0.000000 0.000000
0.000000 0.000000
0.000000 0.000000
0.000000 0.000000
0.000000 0.000000
0.000000 0.000000
0.000000 0.000000
0.000000 0.000000
0.000000 0.000000
0.000000 0.000000
0.000000 0.000000
0.000000 0.000000
0.000000 0.000000
0.000000 0.000000
0.000000 0.000000
0.000000 0.000000
0.000000 0.000000
0.000000 0.000000
0.000000 0.000000
0.000000 0.000000
0.000000 0.000000
0.000000 0.000000
0.000000 0.000000
0.000000 0.000000
0.000000 0.000000
0.000000 0.000000
0.000000 0.000000
0.000000 0.000000
0.000000 0.000000
0.000000 0.000000
0.000000 0.000000
0.000000 0.000000
0.000000 0.000000
0.000000 0.000000
0.000000 0.000000
0.000000 0.000000
0.000000 0.000000
0.000000 0.000000
0.000000 0.000000
0.000000 0.000000
0.000000 0.000000
0.000000 0.000000
0.000000 0.000000
0.000000 0.000000
0.000000 0.000000
0.000000 0.000000
0.000000 0.000000
0.000000 0.000000
0.000000 0.000000
0.000000 0.000000
0.000000 0.000000
0.000000 0.000000
0.000000 0.000000
0.000000 0.000000
0.000000 0.000000
0.000000 0.000000
0.000000 0.000000
0.000000 0.000000
0.000000 0.000000
0.000000 0.000000
0.000000 0.000000
0.000000 0.000000
0.000000 0.000000
0.000000 0.000000
0.000000 0.000000
0.000000 0.000000
0.000000 0.000000
0.000000 0.000000
0.000000 0.000000
0.000000 0.000000
0.000000 0.000000
0.000000 0.000000
0.000000 0.000000
0.000000 0.000000
0.000000 0.000000
0.000000 0.000000
0.000000 0.000000
0.000000 0.000000
0.000000 0.000000
0.000000 0.000000
0.000000 0.000000
0.000000 0.000000
0.000000 0.000000
0.000000 0.000000
0.000000 0.000000
