1155617.391452 0.000000
1119509.290687 0.000000
1080882.176352 0.000000
1074529.557022 0.000000
1019792.385251 0.000000
968552.318624 0.000000
931092.975459 0.000000
843295.436210 0.000000
857464.995102 0.000000
860705.844909 0.000000
871653.258782 0.000000
866002.368708 0.000000
858866.278842 0.000000
767083.741924 0.000000
673127.320609 0.000000
682288.912982 0.000000
637233.452107 0.000000
567651.127921 0.000000
485863.932827 0.000000
427524.167608 0.000000
437058.547368 0.000000
449405.316939 0.000000
419379.445501 0.000000
312136.419721 0.000000
330451.635916 0.000000
367972.978283 0.000000
424735.987251 0.000000
454898.660157 0.000000
463652.802224 0.000000
467446.938190 0.000000
417185.353615 0.000000
247385.591395 0.000000
119245.468121 0.000000
182283.182972 0.000000
201978.196643 0.000000
247799.922249 0.000000
321492.277325 0.000000
365065.066716 0.000000
422986.478036 0.000000
458968.909229 0.000000
477862.025978 0.000000
462530.587907 0.000000
390177.045977 0.000000
163295.300631 0.000000
177341.583849 0.000000
181847.978574 0.000000
156924.388408 0.000000
173000.242334 0.000000
120659.309065 0.000000
497.515459 0.000000
730.725830 0.000000
843.444176 0.000000
1368.167511 0.000000
1465.338499 0.000000
1993.948674 0.000000
2553.653565 0.000000
3095.867670 0.000000
3220.246534 0.000000
3170.365458 0.000000
2567.257630 0.000000
981.427280 0.000000
951.362441 0.000000
1133.075368 0.000000
1327.097546 0.000000
1782.450023 0.000000
1974.500751 0.000000
2016.138847 0.000000
1945.876464 0.000000
1484.272891 0.000000
532.578791 0.000000
0.000000 0.000000
145.144692 0.000000
287.357168 0.000000
426.637428 0.000000
562.985472 0.000000
696.401300 0.000000
1079.055488 0.000000
1319.497200 0.000000
1658.168148 0.000000
2210.157810 0.000000
2509.976896 0.000000
2987.561577 0.000000
3365.817441 0.000000
3549.080941 0.000000
3538.451658 0.000000
2909.857853 0.000000
2018.097662 0.000000
1691.155578 0.000000
1761.528762 0.000000
1698.852645 0.000000
1410.029369 0.000000
769.706700 0.000000
450.838740 0.000000
21.481012 0.000000
42.085248 0.000000
84.540449 0.000000
137.069598 0.000000
187.198571 0.000000
231.307526 0.000000
329.866850 0.000000
411.892195 0.000000
2409.756076 0.000000
4288.718223 0.000000
6120.771193 0.000000
9583.655419 0.000000
13012.815442 0.000000
14680.166394 0.000000
19329.024687 0.000000
23629.128690 0.000000
26310.438134 0.000000
30022.433598 0.000000
36363.112881 0.000000
43307.885039 0.000000
47766.049675 0.000000
48166.845126 0.000000
40764.686196 0.000000
10137.482876 0.000000
1489.490786 0.000000
1641.186072 0.000000
2719.514346 0.000000
3877.832248 0.000000
4563.310380 0.000000
5726.651082 0.000000
6544.847581 0.000000
7275.365746 0.000000
8107.202868 0.000000
8700.176563 0.000000
9222.139092 0.000000
5107.745316 0.000000
5637.603130 0.000000
6465.797620 0.000000
8104.625162 0.000000
9476.399804 0.000000
10269.228649 0.000000
10108.608194 0.000000
9638.333152 0.000000
7793.850652 0.000000
7889.656941 0.000000
8012.494622 0.000000
7822.792355 0.000000
7238.135199 0.000000
6797.796308 0.000000
5041.894375 0.000000
3196.702693 0.000000
1045.780267 0.000000
207.822342 0.000000
50.517675 0.000000
69.235803 0.000000
104.119587 0.000000
120.285243 0.000000
142.938432 0.000000
170.164800 0.000000
207.122444 0.000000
221.161043 0.000000
249.025512 0.000000
263.914952 0.000000
247.962107 0.000000
183.299643 0.000000
13.216367 0.000000
26.165737 0.000000
45.055835 0.000000
57.337711 0.000000
75.159816 0.000000
86.774198 0.000000
120.015359 0.000000
135.567981 0.000000
169.676909 0.000000
191.904453 0.000000
223.677164 0.000000
273.839254 0.000000
309.650247 0.000000
318.461142 0.000000
315.788301 0.000000
232.346206 0.000000
104.628951 0.000000
0.000000 0.000000
0.000000 0.000000
0.000000 0.000000
0.000000 0.000000
0.000000 0.000000
0.000000 0.000000
0.000000 0.000000
0.000000 0.000000
0.000000 0.000000
0.000000 0.000000
0.000000 0.000000
0.000000 0.000000
0.000000 0.000000
0.000000 0.000000
0.000000 0.000000
0.000000 0.000000
0.000000 0.000000
0.000000 0.000000
0.000000 0.000000
0.000000 0.000000
0.000000 0.000000
0.000000 0.000000
0.000000 0.000000
0.000000 0.000000
0.000000 0.000000
0.000000 0.000000
0.000000 0.000000
0.000000 0.000000
0.000000 0.000000
0.000000 0.000000
0.000000 0.000000
0.000000 0.000000
0.000000 0.000000
0.000000 0.000000
0.000000 0.000000
0.000000 0.000000
0.000000 0.000000
0.000000 0.000000
0.000000 0.000000
0.000000 0.000000
0.000000 0.000000
0.000000 0.000000
0.000000 0.000000
0.000000 0.000000
0.000000 0.000000
0.000000 0.000000
0.000000 0.000000
0.000000 0.000000
0.000000 0.000000
0.000000 0.000000
0.000000 0.000000
0.000000 0.000000
0.000000 0.000000
7.517763 0.000000
14.883652 0.000000
22.097667 0.000000
32.614896 0.000000
39.449227 0.000000
65.267811 0.000000
83.750362 0.000000
118.232073 0.000000
166.634089 0.000000
193.173926 0.000000
205.781609 0.000000
199.973728 0.000000
150.441500 0.000000
40.840895 0.000000
0.000000 0.000000
0.000000 0.000000
0.000000 0.000000
0.000000 0.000000
0.000000 0.000000
0.000000 0.000000
0.000000 0.000000
0.000000 0.000000
0.000000 0.000000
0.000000 0.000000
0.000000 0.000000
0.000000 0.000000
0.000000 0.000000
0.000000 0.000000
0.000000 0.000000
0.000000 0.000000
0.000000 0.000000
0.000000 0.000000
0.000000 0.000000
0.000000 0.000000
0.000000 0.000000
0.000000 0.000000
0.000000 0.000000
0.000000 0.000000
0.000000 0.000000
0.000000 0.000000
0.000000 0.000000
0.000000 0.000000
0.000000 0.000000
0.000000 0.000000
0.000000 0.000000
0.000000 0.000000
0.000000 0.000000
0.000000 0.000000
0.000000 0.000000
0.000000 0.000000
0.000000 0.000000
0.000000 0.000000
0.000000 0.000000
0.000000 0.000000
0.000000 0.000000
0.000000 0.000000
0.000000 0.000000
0.000000 0.000000
0.000000 0.000000
0.000000 0.000000
0.000000 0.000000
0.000000 0.000000
0.000000 0.000000
0.000000 0.000000
0.000000 0.000000
0.000000 0.000000
0.000000 0.000000
0.000000 0.000000
0.000000 0.000000
0.000000 0.000000
0.000000 0.000000
0.000000 0.000000
0.000000 0.000000
0.000000 0.000000
0.000000 0.000000
0.000000 0.000000
0.000000 0.000000
0.000000 0.000000
0.000000 0.000000
0.000000 0.000000
0.000000 0.000000
0.000000 0.000000
0.000000 0.000000
0.000000 0.000000
0.000000 0.000000
0.000000 0.000000
0.000000 0.000000
0.000000 0.000000
0.000000 0.000000
0.000000 0.000000
0.000000 0.000000
0.000000 0.000000
0.000000 0.000000
0.000000 0.000000
0.000000 0.000000
0.000000 0.000000
0.000000 0.000000
0.000000 0.000000
0.000000 0.000000
0.000000 0.000000
0.000000 0.000000
0.000000 0.000000
0.000000 0.000000
0.000000 0.000000
0.000000 0.000000
0.000000 0.000000
0.000000 0.000000
0.000000 0.000000
0.000000 0.000000
0.000000 0.000000
0.000000 0.000000
0.000000 0.000000
0.000000 0.000000
0.000000 0.000000
0.000000 0.000000
0.000000 0.000000
0.000000 0.000000
0.000000 0.000000
0.000000 0.000000
0.000000 0.000000
0.000000 0.000000
0.000000 0.000000
0.000000 0.000000
0.000000 0.000000
0.000000 0.000000
0.000000 0.000000
0.000000 0.000000
0.000000 0.000000
0.000000 0.000000
0.000000 0.000000
0.000000 0.000000
0.000000 0.000000
0.000000 0.000000
0.000000 0.000000
0.000000 0.000000
0.000000 0.000000
0.000000 0.000000
0.000000 0.000000
0.000000 0.000000
0.000000 0.000000
0.000000 0.000000
17.454888 0.000000
42.931972 0.000000
51.130480 0.000000
63.075618 0.000000
86.789582 0.000000
123.550634 0.000000
163.507341 0.000000
205.535714 0.000000
243.663184 0.000000
289.217797 0.000000
307.521191 0.000000
335.091969 0.000000
346.695468 0.000000
281.922842 0.000000
228.654609 0.000000
203.805627 0.000000
132.839955 0.000000
18.314065 0.000000
15.426796 0.000000
20.501171 0.000000
25.421265 0.000000
28.583704 0.000000
32.423899 0.000000
32.941839 0.000000
27.735324 0.000000
59.274512 0.000000
86.587508 0.000000
169.640832 0.000000
249.159972 0.000000
361.812087 0.000000
466.512288 0.000000
593.742912 0.000000
757.640639 0.000000
917.783346 0.000000
999.400883 0.000000
1084.331774 0.000000
1065.225234 0.000000
739.324831 0.000000
229.612340 0.000000
103.099474 0.000000
124.939775 0.000000
157.465533 0.000000
197.860426 0.000000
217.298570 0.000000
300.973988 0.000000
366.620091 0.000000
416.613769 0.000000
408.613008 0.000000
450.522224 0.000000
509.316330 0.000000
642.607917 0.000000
730.263334 0.000000
961.351765 0.000000
1069.900363 0.000000
1179.580047 0.000000
1495.750867 0.000000
1631.398356 0.000000
1711.506354 0.000000
1494.737835 0.000000
973.508124 0.000000
975.382255 0.000000
770.321509 0.000000
631.899735 0.000000
830.769885 0.000000
973.026227 0.000000
1266.697360 0.000000
1521.864360 0.000000
1754.931364 0.000000
1789.064717 0.000000
1692.152700 0.000000
1123.130077 0.000000
914.672755 0.000000
851.813664 0.000000
665.487959 0.000000
226.921876 0.000000
304.254988 0.000000
386.596577 0.000000
433.120468 0.000000
420.392447 0.000000
301.819627 0.000000
201.580616 0.000000
154.207055 0.000000
93.875788 0.000000
104.283456 0.000000
112.083464 0.000000
113.099250 0.000000
92.274822 0.000000
33.150494 0.000000
15.106425 0.000000
26.046657 0.000000
35.969193 0.000000
46.941228 0.000000
56.291256 0.000000
65.760621 0.000000
74.283837 0.000000
79.324628 0.000000
72.343938 0.000000
49.827573 0.000000
7.553450 0.000000
0.000000 0.000000
0.000000 0.000000
0.000000 0.000000
0.743391 0.000000
1.471764 0.000000
2.185119 0.000000
3.566775 0.000000
5.207534 0.000000
5.838289 0.000000
6.454026 0.000000
8.751849 0.000000
11.053376 0.000000
12.818031 0.000000
15.941759 0.000000
17.383439 0.000000
18.284471 0.000000
18.021504 0.000000
16.515770 0.000000
11.105151 0.000000
4.245774 0.000000
0.000000 0.000000
0.000000 0.000000
0.000000 0.000000
0.000000 0.000000
0.000000 0.000000
0.000000 0.000000
0.000000 0.000000
0.000000 0.000000
0.000000 0.000000
0.000000 0.000000
0.000000 0.000000
0.000000 0.000000
0.000000 0.000000
0.000000 0.000000
0.000000 0.000000
0.000000 0.000000
0.000000 0.000000
0.000000 0.000000
0.000000 0.000000
0.000000 0.000000
0.000000 0.000000
0.000000 0.000000
0.000000 0.000000
0.000000 0.000000
0.000000 0.000000
0.000000 0.000000
0.000000 0.000000
0.000000 0.000000
0.000000 0.000000
0.000000 0.000000
0.000000 0.000000
0.000000 0.000000
0.000000 0.000000
0.000000 0.000000
0.000000 0.000000
0.000000 0.000000
0.000000 0.000000
0.000000 0.000000
0.000000 0.000000
0.000000 0.000000
0.000000 0.000000
0.000000 0.000000
0.000000 0.000000
0.000000 0.000000
0.000000 0.000000
0.000000 0.000000
0.000000 0.000000
0.000000 0.000000
0.000000 0.000000
0.000000 0.000000
0.000000 0.000000
0.000000 0.000000
0.000000 0.000000
0.000000 0.000000
0.000000 0.000000
0.000000 0.000000
0.000000 0.000000
9.344511 0.000000
18.500244 0.000000
36.245376 0.000000
57.341274 0.000000
65.458729 0.000000
81.127305 0.000000
103.214334 0.000000
116.995130 0.000000
147.954666 0.000000
181.226784 0.000000
195.715489 0.000000
226.816695 0.000000
232.527329 0.000000
208.859447 0.000000
125.939013 0.000000
1.168101 0.000000
0.000000 0.000000
0.000000 0.000000
0.000000 0.000000
0.000000 0.000000
0.000000 0.000000
0.000000 0.000000
0.000000 0.000000
0.000000 0.000000
0.000000 0.000000
0.000000 0.000000
0.000000 0.000000
0.000000 0.000000
0.000000 0.000000
0.000000 0.000000
0.000000 0.000000
0.000000 0.000000
0.000000 0.000000
0.000000 0.000000
0.000000 0.000000
0.000000 0.000000
0.000000 0.000000
0.000000 0.000000
0.000000 0.000000
0.000000 0.000000
0.000000 0.000000
0.000000 0.000000
0.000000 0.000000
0.000000 0.000000
0.000000 0.000000
0.000000 0.000000
0.000000 0.000000
0.000000 0.000000
0.000000 0.000000
0.000000 0.000000
0.000000 0.000000
0.000000 0.000000
0.000000 0.000000
0.000000 0.000000
0.000000 0.000000
0.000000 0.000000
0.000000 0.000000
0.000000 0.000000
0.000000 0.000000
0.000000 0.000000
0.000000 0.000000
0.000000 0.000000
0.000000 0.000000
0.000000 0.000000
0.000000 0.000000
0.000000 0.000000
0.000000 0.000000
0.000000 0.000000
0.000000 0.000000
0.000000 0.000000
0.000000 0.000000
0.000000 0.000000
0.000000 0.000000
0.000000 0.000000
0.000000 0.000000
0.000000 0.000000
0.000000 0.000000
0.000000 0.000000
0.000000 0.000000
0.000000 0.000000
0.000000 0.000000
0.000000 0.000000
0.000000 0.000000
0.000000 0.000000
0.000000 0.000000
0.000000 0.000000
0.000000 0.000000
0.000000 0.000000
0.000000 0.000000
0.000000 0.000000
0.000000 0.000000
0.000000 0.000000
0.000000 0.000000
0.000000 0.000000
0.000000 0.000000
0.000000 0.000000
0.000000 0.000000
0.000000 0.000000
0.000000 0.000000
0.000000 0.000000
0.000000 0.000000
0.000000 0.000000
0.000000 0.000000
0.000000 0.000000
0.000000 0.000000
0.000000 0.000000
0.000000 0.000000
0.000000 0.000000
0.000000 0.000000
0.000000 0.000000
0.000000 0.000000
0.000000 0.000000
0.000000 0.000000
0.000000 0.000000
0.000000 0.000000
0.000000 0.000000
0.000000 0.000000
0.000000 0.000000
0.000000 0.000000
0.000000 0.000000
0.000000 0.000000
0.000000 0.000000
0.000000 0.000000
0.000000 0.000000
0.000000 0.000000
0.000000 0.000000
0.000000 0.000000
0.000000 0.000000
0.000000 0.000000
0.000000 0.000000
0.000000 0.000000
0.000000 0.000000
0.000000 0.000000
0.000000 0.000000
0.000000 0.000000
0.000000 0.000000
0.000000 0.000000
0.000000 0.000000
0.000000 0.000000
0.000000 0.000000
0.000000 0.000000
0.000000 0.000000
0.000000 0.000000
0.000000 0.000000
0.000000 0.000000
0.000000 0.000000
0.000000 0.000000
0.000000 0.000000
0.000000 0.000000
0.000000 0.000000
0.000000 0.000000
0.000000 0.000000
0.000000 0.000000
0.000000 0.000000
0.000000 0.000000
0.000000 0.000000
0.000000 0.000000
0.000000 0.000000
0.000000 0.000000
0.000000 0.000000
0.000000 0.000000
0.000000 0.000000
0.000000 0.000000
0.000000 0.000000
0.000000 0.000000
0.000000 0.000000
0.000000 0.000000
0.000000 0.000000
0.000000 0.000000
0.000000 0.000000
0.000000 0.000000
0.000000 0.000000
0.000000 0.000000
0.000000 0.000000
0.000000 0.000000
0.000000 0.000000
0.000000 0.000000
0.000000 0.000000
0.000000 0.000000
0.000000 0.000000
0.000000 0.000000
0.000000 0.000000
0.000000 0.000000
0.000000 0.000000
0.000000 0.000000
0.000000 0.000000
0.000000 0.000000
0.000000 0.000000
0.000000 0.000000
0.000000 0.000000
0.000000 0.000000
0.000000 0.000000
0.000000 0.000000
0.000000 0.000000
0.000000 0.000000
0.000000 0.000000
0.000000 0.000000
0.000000 0.000000
0.000000 0.000000
0.000000 0.000000
0.000000 0.000000
0.000000 0.000000
0.000000 0.000000
0.000000 0.000000
0.000000 0.000000
0.000000 0.000000
0.000000 0.000000
0.000000 0.000000
0.000000 0.000000
0.000000 0.000000
0.000000 0.000000
0.000000 0.000000
0.000000 0.000000
0.000000 0.000000
0.000000 0.000000
0.000000 0.000000
0.000000 0.000000
0.000000 0.000000
0.000000 0.000000
0.000000 0.000000
0.000000 0.000000
0.000000 0.000000
0.000000 0.000000
0.000000 0.000000
0.000000 0.000000
0.000000 0.000000
0.000000 0.000000
0.000000 0.000000
0.000000 0.000000
0.000000 0.000000
0.000000 0.000000
0.000000 0.000000
2.353428 0.000000
4.659312 0.000000
8.023050 0.000000
12.349554 0.000000
17.472420 0.000000
25.852050 0.000000
35.675829 0.000000
42.619745 0.000000
51.987906 0.000000
56.852872 0.000000
54.592822 0.000000
46.145730 0.000000
33.761696 0.000000
29.709530 0.000000
11.825236 0.000000
0.000000 0.000000
0.000000 0.000000
0.000000 0.000000
0.000000 0.000000
0.000000 0.000000
0.000000 0.000000
0.000000 0.000000
0.000000 0.000000
0.000000 0.000000
0.000000 0.000000
0.000000 0.000000
0.000000 0.000000
0.000000 0.000000
0.000000 0.000000
0.000000 0.000000
0.000000 0.000000
0.000000 0.000000
0.000000 0.000000
0.000000 0.000000
0.000000 0.000000
0.000000 0.000000
0.000000 0.000000
0.000000 0.000000
0.000000 0.000000
0.000000 0.000000
0.000000 0.000000
0.000000 0.000000
0.000000 0.000000
0.000000 0.000000
0.000000 0.000000
0.000000 0.000000
0.000000 0.000000
0.000000 0.000000
0.000000 0.000000
0.000000 0.000000
0.000000 0.000000
0.000000 0.000000
0.000000 0.000000
0.000000 0.000000
0.000000 0.000000
0.000000 0.000000
0.000000 0.000000
0.000000 0.000000
0.000000 0.000000
0.000000 0.000000
0.000000 0.000000
0.000000 0.000000
0.000000 0.000000
0.000000 0.000000
0.000000 0.000000
0.000000 0.000000
0.000000 0.000000
0.000000 0.000000
0.000000 0.000000
0.000000 0.000000
0.000000 0.000000
0.000000 0.000000
0.000000 0.000000
0.000000 0.000000
0.000000 0.000000
0.000000 0.000000
0.000000 0.000000
0.000000 0.000000
0.000000 0.000000
0.000000 0.000000
0.000000 0.000000
0.000000 0.000000
0.000000 0.000000
0.000000 0.000000
0.000000 0.000000
0.000000 0.000000
0.000000 0.000000
0.000000 0.000000
0.000000 0.000000
0.000000 0.000000
0.000000 0.000000
0.000000 0.000000
0.000000 0.000000
0.000000 0.000000
0.000000 0.000000
0.000000 0.000000
0.000000 0.000000
0.000000 0.000000
0.000000 0.000000
0.000000 0.000000
0.000000 0.000000
0.000000 0.000000
0.000000 0.000000
0.000000 0.000000
0.000000 0.000000
0.000000 0.000000
0.000000 0.000000
0.000000 0.000000
0.000000 0.000000
0.000000 0.000000
0.000000 0.000000
0.000000 0.000000
0.000000 0.000000
0.000000 0.000000
0.000000 0.000000
0.000000 0.000000
0.000000 0.000000
5394.735231 0.000000
10680.485913 0.000000
15857.252044 0.000000
20925.033625 0.000000
30733.643136 0.000000
44629.173278 0.000000
61630.763098 0.000000
80430.597995 0.000000
99393.909718 0.000000
112199.594358 0.000000
130787.748098 0.000000
136238.581870 0.000000
125586.097657 0.000000
77047.418681 0.000000
169.555864 0.000000
244.969853 0.000000
367.692984 0.000000
540.737990 0.000000
803.656363 0.000000
920.410180 0.000000
1054.644715 0.000000
1263.975858 0.000000
1730.497734 0.000000
2082.797655 0.000000
2231.511411 0.000000
2320.527426 0.000000
2159.721285 0.000000
2095.671049 0.000000
2705.897494 0.000000
3093.910851 0.000000
4141.662285 0.000000
4762.626381 0.000000
5111.443407 0.000000
5583.070105 0.000000
3537.762523 0.000000
2517.801677 0.000000
2418.989531 0.000000
1774.837139 0.000000
1016.311418 0.000000
1240.934748 0.000000
1361.678656 0.000000
1382.234140 0.000000
1121.733963 0.000000
1054.409721 0.000000
344.086404 0.000000
114.548174 0.000000
151.156354 0.000000
242.913553 0.000000
332.152667 0.000000
483.288899 0.000000
534.604659 0.000000
633.759447 0.000000
841.085810 0.000000
1048.312877 0.000000
1175.865421 0.000000
1314.309831 0.000000
1407.322561 0.000000
1518.335955 0.000000
1469.477261 0.000000
1503.962845 0.000000
1608.363318 0.000000
1594.685744 0.000000
1505.016429 0.000000
1413.671500 0.000000
1048.660192 0.000000
578.007823 0.000000
707.273265 0.000000
774.496659 0.000000
830.366963 0.000000
780.509890 0.000000
578.863412 0.000000
277.488364 0.000000
45.508447 0.000000
0.000000 0.000000
0.000000 0.000000
0.000000 0.000000
0.000000 0.000000
0.000000 0.000000
0.000000 0.000000
0.000000 0.000000
0.000000 0.000000
0.000000 0.000000
0.000000 0.000000
0.000000 0.000000
0.000000 0.000000
0.000000 0.000000
0.000000 0.000000
0.000000 0.000000
0.000000 0.000000
0.000000 0.000000
0.000000 0.000000
0.000000 0.000000
0.000000 0.000000
0.000000 0.000000
0.000000 0.000000
0.000000 0.000000
0.000000 0.000000
0.000000 0.000000
0.000000 0.000000
0.000000 0.000000
0.000000 0.000000
0.000000 0.000000
0.000000 0.000000
2.817441 0.000000
2.817441 0.000000
5.577964 0.000000
