28812458.273362 0.000000
26209337.787228 0.000000
24286814.058338 0.000000
22287483.526623 0.000000
20893777.720263 0.000000
19488020.644974 0.000000
18439717.975326 0.000000
17453201.032358 0.000000
16444615.756301 0.000000
15405092.531829 0.000000
14480220.145490 0.000000
13542908.771075 0.000000
12674217.452320 0.000000
11977446.101083 0.000000
10951518.937408 0.000000
10448783.290023 0.000000
9820136.809016 0.000000
9243648.198245 0.000000
8993946.581131 0.000000
8371568.619088 0.000000
7992578.246790 0.000000
7662518.449227 0.000000
7535153.912519 0.000000
7303758.101946 0.000000
6993434.355363 0.000000
6363122.873329 0.000000
5618793.968120 0.000000
5687023.083221 0.000000
5344466.934565 0.000000
5186497.617706 0.000000
5259468.165243 0.000000
5234922.560792 0.000000
5139899.018139 0.000000
4668004.871812 0.000000
4610443.485443 0.000000
4402646.083668 0.000000
3655587.549082 0.000000
3663699.309944 0.000000
3381586.722912 0.000000
2907252.900624 0.000000
3452909.250618 0.000000
3901075.605646 0.000000
3984369.428472 0.000000
4229986.382062 0.000000
4310272.791363 0.000000
3451443.190237 0.000000
3212825.213112 0.000000
3196049.154390 0.000000
2691963.721873 0.000000
2654174.972970 0.000000
2590925.875969 0.000000
2492645.227351 0.000000
2722658.448705 0.000000
2813944.359714 0.000000
2868630.603660 0.000000
3052116.533766 0.000000
2817603.485198 0.000000
2721429.042670 0.000000
2591990.222970 0.000000
2635928.833901 0.000000
2666335.611948 0.000000
2166949.493258 0.000000
1911963.133673 0.000000
1636275.146439 0.000000
1014136.892329 0.000000
1145009.324511 0.000000
1339079.194758 0.000000
1450121.514516 0.000000
1528395.206410 0.000000
1445606.660983 0.000000
1231763.408363 0.000000
1079438.887363 0.000000
1110231.691077 0.000000
1152157.264183 0.000000
1050519.565190 0.000000
962689.238940 0.000000
961188.268349 0.000000
640467.644051 0.000000
682662.679137 0.000000
680472.561917 0.000000
551269.889758 0.000000
522221.013678 0.000000
392521.681199 0.000000
314634.320804 0.000000
289068.200391 0.000000
360040.683712 0.000000
446987.899224 0.000000
526425.381629 0.000000
588611.422764 0.000000
629358.156143 0.000000
621691.224952 0.000000
627359.607732 0.000000
643399.998796 0.000000
556388.707137 0.000000
593126.805971 0.000000
589945.002628 0.000000
627234.164198 0.000000
611515.906583 0.000000
559750.157923 0.000000
580571.773150 0.000000
572626.939673 0.000000
530635.188311 0.000000
517663.385693 0.000000
521054.656325 0.000000
469673.630380 0.000000
497078.396471 0.000000
477006.601377 0.000000
502565.215052 0.000000
480435.501052 0.000000
419606.742634 0.000000
341770.185847 0.000000
290724.117091 0.000000
270260.005370 0.000000
204987.028885 0.000000
132733.438173 0.000000
80601.792823 0.000000
76126.761697 0.000000
87264.820593 0.000000
99729.294255 0.000000
110470.215301 0.000000
124416.846932 0.000000
119490.496889 0.000000
122335.528175 0.000000
144493.003483 0.000000
162252.763209 0.000000
176825.688888 0.000000
181594.460632 0.000000
145732.885408 0.000000
133095.600320 0.000000
135126.014620 0.000000
125615.060554 0.000000
98016.243276 0.000000
83007.372937 0.000000
100270.484060 0.000000
116001.665410 0.000000
129515.316957 0.000000
136337.721704 0.000000
132785.943219 0.000000
115931.490926 0.000000
92144.979672 0.000000
69402.343831 0.000000
61974.405258 0.000000
71097.866410 0.000000
76831.171168 0.000000
76405.642470 0.000000
62636.319370 0.000000
51029.875209 0.000000
57769.094010 0.000000
62161.756727 0.000000
64451.368439 0.000000
68936.683858 0.000000
75995.763568 0.000000
80634.423860 0.000000
71819.708460 0.000000
76460.764189 0.000000
87364.055586 0.000000
92476.846283 0.000000
94112.074931 0.000000
99296.992598 0.000000
95001.979340 0.000000
88149.385510 0.000000
88474.541893 0.000000
77188.047330 0.000000
73594.560509 0.000000
73278.235918 0.000000
74106.654848 0.000000
64816.913682 0.000000
61184.391620 0.000000
55723.399795 0.000000
57999.681255 0.000000
59107.987301 0.000000
64461.406174 0.000000
66909.952334 0.000000
59386.158506 0.000000
53620.856103 0.000000
42470.483146 0.000000
31406.987483 0.000000
24946.526650 0.000000
30088.618447 0.000000
35260.190163 0.000000
40432.057601 0.000000
44376.991252 0.000000
44289.353436 0.000000
48783.783764 0.000000
51111.596541 0.000000
55576.056123 0.000000
60694.244014 0.000000
63855.565667 0.000000
63018.811485 0.000000
59603.505076 0.000000
58537.184869 0.000000
67018.837590 0.000000
73512.503581 0.000000
73657.678766 0.000000
66862.584638 0.000000
45981.817592 0.000000
50519.912164 0.000000
52360.659293 0.000000
49376.174253 0.000000
34330.855689 0.000000
30064.149818 0.000000
25058.008012 0.000000
29905.423713 0.000000
35258.467898 0.000000
40521.761716 0.000000
45882.831399 0.000000
48622.638857 0.000000
48231.336311 0.000000
44167.561059 0.000000
47028.799255 0.000000
48064.053159 0.000000
43689.472611 0.000000
40917.155554 0.000000
41466.528537 0.000000
41269.193471 0.000000
43616.947677 0.000000
42570.121818 0.000000
33491.764414 0.000000
29665.683226 0.000000
33321.013154 0.000000
35455.261728 0.000000
34347.058832 0.000000
28969.512665 0.000000
24159.941966 0.000000
16671.778051 0.000000
14705.358696 0.000000
14849.408079 0.000000
12474.424805 0.000000
9000.469572 0.000000
9847.800200 0.000000
11571.893875 0.000000
13682.063244 0.000000
15328.925105 0.000000
17176.186081 0.000000
18223.020823 0.000000
17953.161142 0.000000
17580.168941 0.000000
18709.437611 0.000000
20562.227574 0.000000
22208.284694 0.000000
22278.483999 0.000000
21452.186495 0.000000
21343.160532 0.000000
22977.842918 0.000000
22561.846965 0.000000
20321.785535 0.000000
17907.933746 0.000000
15713.952728 0.000000
15240.775501 0.000000
19666.053431 0.000000
23584.016989 0.000000
27520.121223 0.000000
32534.914499 0.000000
35584.136814 0.000000
36674.048135 0.000000
33119.237013 0.000000
31159.987612 0.000000
25523.230010 0.000000
19812.898260 0.000000
18663.010130 0.000000
13293.179416 0.000000
14978.597750 0.000000
16660.028185 0.000000
15785.056512 0.000000
15762.363958 0.000000
14783.674873 0.000000
11144.323170 0.000000
9518.346325 0.000000
8718.863813 0.000000
9366.069488 0.000000
9367.134604 0.000000
8324.738598 0.000000
8675.874474 0.000000
9581.336726 0.000000
9721.343028 0.000000
8406.283193 0.000000
7232.734427 0.000000
5898.437271 0.000000
3681.228022 0.000000
850.110220 0.000000
971.076588 0.000000
1151.740331 0.000000
1578.473895 0.000000
1915.191838 0.000000
2413.933323 0.000000
2724.145793 0.000000
3557.636330 0.000000
4554.396990 0.000000
5494.569705 0.000000
6706.343263 0.000000
7928.273966 0.000000
9213.387298 0.000000
9662.772991 0.000000
10285.344422 0.000000
10729.648523 0.000000
10872.977405 0.000000
12350.048480 0.000000
13868.777805 0.000000
15027.577418 0.000000
14985.393507 0.000000
12129.698037 0.000000
4707.548420 0.000000
0.000000 0.000000
0.000000 0.000000
0.000000 0.000000
0.000000 0.000000
0.000000 0.000000
0.000000 0.000000
0.000000 0.000000
0.000000 0.000000
91.293048 0.000000
182.220192 0.000000
467.574105 0.000000
690.501117 0.000000
911.049753 0.000000
998.134905 0.000000
1422.244458 0.000000
1717.528986 0.000000
2267.313111 0.000000
2956.411336 0.000000
3659.344042 0.000000
4273.784385 0.000000
5335.900466 0.000000
6131.199662 0.000000
7189.172301 0.000000
8127.228105 0.000000
8890.721847 0.000000
8997.419038 0.000000
8371.623279 0.000000
5957.198920 0.000000
3000.533140 0.000000
617.250529 0.000000
281.711050 0.000000
450.085464 0.000000
660.997815 0.000000
951.125047 0.000000
1281.815633 0.000000
1676.147957 0.000000
2028.944803 0.000000
2605.132138 0.000000
3144.224549 0.000000
3806.384477 0.000000
4402.373748 0.000000
5050.031800 0.000000
6111.551083 0.000000
7251.392865 0.000000
8124.246741 0.000000
9296.245829 0.000000
10901.614232 0.000000
12306.034352 0.000000
13235.000501 0.000000
13083.825273 0.000000
10542.897639 0.000000
7693.738896 0.000000
7291.961787 0.000000
5575.985182 0.000000
2020.931575 0.000000
2033.557966 0.000000
2273.802426 0.000000
2634.229647 0.000000
2868.123675 0.000000
2188.978335 0.000000
2308.655393 0.000000
2693.964076 0.000000
3071.407882 0.000000
3357.462772 0.000000
2713.844460 0.000000
2525.095098 0.000000
2458.011939 0.000000
2616.554773 0.000000
2654.150341 0.000000
2521.288057 0.000000
2473.921798 0.000000
2684.452848 0.000000
2862.260238 0.000000
2911.557819 0.000000
2570.544017 0.000000
2701.550931 0.000000
3175.482659 0.000000
3761.644603 0.000000
4335.578116 0.000000
4745.237724 0.000000
5083.522607 0.000000
5464.159557 0.000000
5770.267237 0.000000
5446.184054 0.000000
5905.846072 0.000000
6315.911843 0.000000
6499.576366 0.000000
6193.048140 0.000000
4523.768615 0.000000
3118.423331 0.000000
2526.099950 0.000000
1198.832673 0.000000
160.943247 0.000000
204.364097 0.000000
290.676218 0.000000
465.712278 0.000000
592.106937 0.000000
756.483523 0.000000
899.902445 0.000000
1166.120647 0.000000
1477.813029 0.000000
1747.521792 0.000000
2356.332444 0.000000
2975.323787 0.000000
3512.944508 0.000000
4119.623223 0.000000
4950.496099 0.000000
5857.114869 0.000000
6565.064120 0.000000
7015.907288 0.000000
6826.879469 0.000000
5645.332318 0.000000
4882.421658 0.000000
5525.318345 0.000000
5888.917584 0.000000
5564.590076 0.000000
4151.527378 0.000000
4144.048616 0.000000
4495.088020 0.000000
4555.885207 0.000000
3962.498571 0.000000
3199.943012 0.000000
3166.031362 0.000000
3535.470684 0.000000
3860.608179 0.000000
3905.787443 0.000000
3441.723928 0.000000
2031.681602 0.000000
1618.440851 0.000000
1987.849475 0.000000
2282.191895 0.000000
2467.355180 0.000000
2522.131119 0.000000
2356.695175 0.000000
1763.647971 0.000000
1190.344939 0.000000
779.860162 0.000000
717.941398 0.000000
848.600161 0.000000
1065.093221 0.000000
1260.294719 0.000000
1404.791882 0.000000
1532.104609 0.000000
1530.802870 0.000000
1227.905492 0.000000
681.352403 0.000000
154.704324 0.000000
58.656233 0.000000
64.391327 0.000000
87.056542 0.000000
109.314667 0.000000
144.629499 0.000000
199.459079 0.000000
263.112697 0.000000
360.891718 0.000000
432.437224 0.000000
532.790075 0.000000
649.927122 0.000000
726.782491 0.000000
815.190567 0.000000
858.787797 0.000000
837.463283 0.000000
756.742951 0.000000
830.767623 0.000000
792.373973 0.000000
960.635951 0.000000
1180.960540 0.000000
1353.019098 0.000000
1500.057052 0.000000
1639.921155 0.000000
1672.548166 0.000000
1463.577361 0.000000
942.244785 0.000000
448.200760 0.000000
0.000000 0.000000
0.000000 0.000000
0.000000 0.000000
0.000000 0.000000
0.000000 0.000000
0.000000 0.000000
0.000000 0.000000
0.000000 0.000000
0.000000 0.000000
0.000000 0.000000
0.000000 0.000000
0.000000 0.000000
0.000000 0.000000
0.000000 0.000000
0.000000 0.000000
0.000000 0.000000
0.000000 0.000000
0.000000 0.000000
52.657973 0.000000
105.104892 0.000000
157.340757 0.000000
157.340757 0.000000
235.272201 0.000000
312.676013 0.000000
440.627264 0.000000
617.543052 0.000000
717.582656 0.000000
841.207313 0.000000
1108.031676 0.000000
1484.129088 0.000000
1755.965856 0.000000
2211.313221 0.000000
2847.613098 0.000000
3487.396281 0.000000
4030.410411 0.000000
4677.343026 0.000000
5351.186715 0.000000
5942.034587 0.000000
6177.418074 0.000000
5640.403454 0.000000
4067.558190 0.000000
3873.998835 0.000000
3457.638111 0.000000
1847.056584 0.000000
545.902737 0.000000
74.100204 0.000000
105.230969 0.000000
140.196903 0.000000
190.236315 0.000000
230.677930 0.000000
293.107103 0.000000
379.697606 0.000000
475.127782 0.000000
555.906181 0.000000
659.367363 0.000000
742.539866 0.000000
798.144220 0.000000
788.976301 0.000000
641.353856 0.000000
335.567564 0.000000
131.916702 0.000000
0.000000 0.000000
0.000000 0.000000
0.000000 0.000000
0.000000 0.000000
0.000000 0.000000
0.000000 0.000000
0.000000 0.000000
0.000000 0.000000
0.000000 0.000000
0.000000 0.000000
0.000000 0.000000
0.000000 0.000000
25.513371 0.000000
50.924484 0.000000
76.233339 0.000000
101.439936 0.000000
126.544275 0.000000
151.546356 0.000000
201.243744 0.000000
250.532100 0.000000
335.789944 0.000000
425.687622 0.000000
589.607638 0.000000
712.047024 0.000000
974.217807 0.000000
1206.311640 0.000000
1407.686672 0.000000
1740.892351 0.000000
1971.381219 0.000000
2287.706875 0.000000
2653.265646 0.000000
2901.470511 0.000000
3013.076792 0.000000
2812.237296 0.000000
2217.132562 0.000000
2201.024351 0.000000
1819.658099 0.000000
1167.860600 0.000000
343.670158 0.000000
441.682240 0.000000
490.166094 0.000000
576.626078 0.000000
687.711867 0.000000
815.372019 0.000000
976.424882 0.000000
1119.629283 0.000000
1292.965958 0.000000
1429.467893 0.000000
1503.298461 0.000000
1472.789320 0.000000
1173.870235 0.000000
813.436175 0.000000
547.856862 0.000000
130.575060 0.000000
24.871654 0.000000
55.674048 0.000000
61.779589 0.000000
107.259324 0.000000
125.226344 0.000000
142.906191 0.000000
177.903797 0.000000
240.870112 0.000000
315.266810 0.000000
368.244428 0.000000
452.592705 0.000000
548.059174 0.000000
653.888685 0.000000
827.453630 0.000000
982.727706 0.000000
1119.161980 0.000000
1226.174513 0.000000
1282.500151 0.000000
1185.756899 0.000000
902.012414 0.000000
612.885985 0.000000
257.891277 0.000000
15.317258 0.000000
0.000000 0.000000
0.000000 0.000000
0.000000 0.000000
0.000000 0.000000
0.000000 0.000000
0.000000 0.000000
0.000000 0.000000
0.000000 0.000000
0.000000 0.000000
0.000000 0.000000
0.000000 0.000000
0.000000 0.000000
0.000000 0.000000
0.000000 0.000000
0.000000 0.000000
0.000000 0.000000
0.000000 0.000000
0.000000 0.000000
0.000000 0.000000
0.000000 0.000000
0.000000 0.000000
0.000000 0.000000
0.000000 0.000000
0.000000 0.000000
0.000000 0.000000
0.000000 0.000000
0.000000 0.000000
0.000000 0.000000
0.000000 0.000000
0.000000 0.000000
0.000000 0.000000
0.000000 0.000000
25.650097 0.000000
51.197388 0.000000
76.641873 0.000000
101.983552 0.000000
152.358492 0.000000
177.391753 0.000000
276.496737 0.000000
373.956825 0.000000
481.620178 0.000000
610.358772 0.000000
690.624342 0.000000
944.991072 0.000000
1144.716903 0.000000
1411.883209 0.000000
1764.841383 0.000000
2084.952833 0.000000
2406.284803 0.000000
2767.764274 0.000000
3000.877869 0.000000
3113.454978 0.000000
2999.155057 0.000000
2375.498429 0.000000
1332.250304 0.000000
758.151315 0.000000
0.000000 0.000000
0.000000 0.000000
0.000000 0.000000
0.000000 0.000000
0.000000 0.000000
0.000000 0.000000
0.000000 0.000000
0.000000 0.000000
0.000000 0.000000
0.000000 0.000000
0.000000 0.000000
0.000000 0.000000
0.000000 0.000000
0.000000 0.000000
0.000000 0.000000
0.000000 0.000000
0.000000 0.000000
0.000000 0.000000
0.000000 0.000000
0.000000 0.000000
0.000000 0.000000
27.446996 0.000000
54.783984 0.000000
82.010964 0.000000
136.134900 0.000000
189.818804 0.000000
282.693058 0.000000
335.166874 0.000000
425.895972 0.000000
489.838122 0.000000
546.808515 0.000000
769.079679 0.000000
1085.050157 0.000000
1306.991297 0.000000
1634.952647 0.000000
1965.540438 0.000000
2315.420882 0.000000
2668.271542 0.000000
3030.637894 0.000000
3278.637203 0.000000
3240.553992 0.000000
2691.231154 0.000000
1524.592073 0.000000
936.818737 0.000000
0.000000 0.000000
0.000000 0.000000
0.000000 0.000000
0.000000 0.000000
0.000000 0.000000
0.000000 0.000000
0.000000 0.000000
0.000000 0.000000
0.000000 0.000000
0.000000 0.000000
0.000000 0.000000
0.000000 0.000000
0.000000 0.000000
0.000000 0.000000
0.000000 0.000000
0.000000 0.000000
0.000000 0.000000
0.000000 0.000000
0.000000 0.000000
0.000000 0.000000
0.000000 0.000000
0.000000 0.000000
0.000000 0.000000
0.000000 0.000000
0.000000 0.000000
0.000000 0.000000
0.000000 0.000000
0.000000 0.000000
0.000000 0.000000
0.000000 0.000000
0.000000 0.000000
0.000000 0.000000
0.000000 0.000000
0.000000 0.000000
0.000000 0.000000
0.000000 0.000000
0.000000 0.000000
0.000000 0.000000
0.000000 0.000000
0.000000 0.000000
0.000000 0.000000
0.000000 0.000000
0.000000 0.000000
0.000000 0.000000
0.000000 0.000000
0.000000 0.000000
0.000000 0.000000
0.000000 0.000000
0.000000 0.000000
0.000000 0.000000
0.000000 0.000000
0.000000 0.000000
0.000000 0.000000
0.000000 0.000000
0.000000 0.000000
0.000000 0.000000
0.000000 0.000000
0.000000 0.000000
0.000000 0.000000
0.000000 0.000000
0.000000 0.000000
0.000000 0.000000
0.000000 0.000000
0.000000 0.000000
0.000000 0.000000
0.000000 0.000000
0.000000 0.000000
0.000000 0.000000
0.000000 0.000000
0.000000 0.000000
0.000000 0.000000
0.000000 0.000000
0.000000 0.000000
0.000000 0.000000
0.000000 0.000000
0.000000 0.000000
0.000000 0.000000
0.000000 0.000000
0.000000 0.000000
0.000000 0.000000
0.000000 0.000000
0.000000 0.000000
0.000000 0.000000
0.000000 0.000000
0.000000 0.000000
0.000000 0.000000
0.000000 0.000000
0.000000 0.000000
0.000000 0.000000
0.000000 0.000000
0.000000 0.000000
0.000000 0.000000
0.000000 0.000000
0.000000 0.000000
0.000000 0.000000
0.000000 0.000000
0.000000 0.000000
0.000000 0.000000
0.000000 0.000000
0.000000 0.000000
0.000000 0.000000
0.000000 0.000000
0.000000 0.000000
0.000000 0.000000
0.000000 0.000000
0.000000 0.000000
0.000000 0.000000
0.000000 0.000000
0.000000 0.000000
0.000000 0.000000
0.000000 0.000000
0.000000 0.000000
0.000000 0.000000
0.000000 0.000000
0.000000 0.000000
0.000000 0.000000
0.000000 0.000000
0.000000 0.000000
0.000000 0.000000
0.000000 0.000000
0.000000 0.000000
0.000000 0.000000
0.000000 0.000000
0.000000 0.000000
0.000000 0.000000
0.000000 0.000000
0.000000 0.000000
0.000000 0.000000
0.000000 0.000000
0.000000 0.000000
0.000000 0.000000
0.000000 0.000000
0.000000 0.000000
0.000000 0.000000
0.000000 0.000000
0.000000 0.000000
0.000000 0.000000
0.000000 0.000000
0.000000 0.000000
0.000000 0.000000
0.000000 0.000000
0.000000 0.000000
0.000000 0.000000
0.000000 0.000000
0.000000 0.000000
0.000000 0.000000
0.000000 0.000000
0.000000 0.000000
0.000000 0.000000
0.000000 0.000000
0.000000 0.000000
0.000000 0.000000
0.000000 0.000000
0.000000 0.000000
0.000000 0.000000
0.000000 0.000000
0.000000 0.000000
0.000000 0.000000
0.000000 0.000000
0.000000 0.000000
0.000000 0.000000
3.150187 0.000000
6.287748 0.000000
9.412683 0.000000
18.711732 0.000000
21.786163 0.000000
27.897147 0.000000
38.468503 0.000000
50.350032 0.000000
67.749552 0.000000
87.497008 0.000000
107.923291 0.000000
144.690493 0.000000
172.239765 0.000000
220.293247 0.000000
257.918664 0.000000
303.867917 0.000000
341.935751 0.000000
377.797178 0.000000
405.771852 0.000000
418.831405 0.000000
371.566665 0.000000
245.852027 0.000000
185.105700 0.000000
0.000000 0.000000
0.000000 0.000000
0.000000 0.000000
0.000000 0.000000
0.000000 0.000000
0.000000 0.000000
0.000000 0.000000
0.000000 0.000000
0.000000 0.000000
0.000000 0.000000
0.000000 0.000000
0.000000 0.000000
26.048798 0.000000
51.993192 0.000000
77.833182 0.000000
129.199950 0.000000
230.680638 0.000000
293.244735 0.000000
342.732231 0.000000
440.454375 0.000000
524.264686 0.000000
583.213236 0.000000
716.279995 0.000000
912.429526 0.000000
1073.958535 0.000000
1250.346282 0.000000
1438.898205 0.000000
1680.338518 0.000000
2038.606828 0.000000
2344.062003 0.000000
2623.260689 0.000000
2873.501410 0.000000
2839.403143 0.000000
2416.274265 0.000000
1621.830772 0.000000
1553.040817 0.000000
1262.710196 0.000000
498.490107 0.000000
578.728779 0.000000
655.976128 0.000000
761.042622 0.000000
854.420536 0.000000
903.578279 0.000000
876.683034 0.000000
724.029730 0.000000
419.368379 0.000000
178.922919 0.000000
84.434369 0.000000
99.461258 0.000000
121.825345 0.000000
143.497290 0.000000
169.177577 0.000000
195.870789 0.000000
212.472903 0.000000
231.085382 0.000000
228.169975 0.000000
193.089521 0.000000
102.571587 0.000000
51.578012 0.000000
65.361030 0.000000
89.016322 0.000000
104.899854 0.000000
127.228921 0.000000
160.482913 0.000000
204.989445 0.000000
247.733839 0.000000
280.722109 0.000000
310.715723 0.000000
329.341246 0.000000
334.190159 0.000000
314.324977 0.000000
257.763882 0.000000
149.718216 0.000000
74.705286 0.000000
0.000000 0.000000
6.155165 0.000000
12.285660 0.000000
24.472640 0.000000
36.560940 0.000000
48.550560 0.000000
60.441500 0.000000
78.092885 0.000000
118.416000 0.000000
163.006581 0.000000
213.857000 0.000000
277.338540 0.000000
329.872637 0.000000
393.196644 0.000000
476.880621 0.000000
542.187924 0.000000
593.889708 0.000000
681.027449 0.000000
733.307061 0.000000
752.845272 0.000000
678.716856 0.000000
457.131557 0.000000
388.235969 0.000000
422.875005 0.000000
436.498670 0.000000
403.621815 0.000000
256.314176 0.000000
87.407304 0.000000
