121935598.894305 0.000000
117760672.680216 0.000000
114089114.680373 0.000000
112220152.192882 0.000000
110745208.018396 0.000000
108330474.456464 0.000000
107440315.398478 0.000000
105998999.013993 0.000000
104843656.690408 0.000000
104227614.223245 0.000000
103843022.953398 0.000000
102617715.317782 0.000000
102954407.507211 0.000000
101297349.941559 0.000000
99641710.372569 0.000000
98351969.881699 0.000000
95465862.834094 0.000000
87823959.623809 0.000000
86353498.806287 0.000000
78752194.431314 0.000000
73799651.485265 0.000000
70296849.409884 0.000000
66498858.382197 0.000000
59372165.640598 0.000000
55444655.629171 0.000000
51126493.940750 0.000000
50608852.288203 0.000000
52013766.957735 0.000000
50654109.996490 0.000000
48167925.403459 0.000000
43469342.773504 0.000000
38038655.432764 0.000000
37829669.105074 0.000000
40869082.471472 0.000000
40114130.614466 0.000000
37977723.495436 0.000000
36032652.691426 0.000000
34692062.334646 0.000000
32072089.509326 0.000000
30103336.126738 0.000000
27870941.649567 0.000000
24699625.579667 0.000000
21360707.514503 0.000000
15362844.877079 0.000000
8723699.378331 0.000000
2561866.491882 0.000000
3148766.780888 0.000000
4017915.888384 0.000000
4828575.239591 0.000000
5758005.805894 0.000000
6745007.908613 0.000000
8106293.427417 0.000000
9490188.084759 0.000000
11045703.320099 0.000000
12587705.049927 0.000000
13481364.723011 0.000000
13389547.691727 0.000000
13344035.450696 0.000000
13005454.537781 0.000000
11334690.609911 0.000000
10944803.582892 0.000000
10215226.685147 0.000000
9106231.482220 0.000000
8367383.850761 0.000000
6620917.400476 0.000000
5410818.056564 0.000000
3847635.333187 0.000000
4230159.491989 0.000000
4676269.144233 0.000000
4968399.647959 0.000000
4791437.656102 0.000000
3843494.422570 0.000000
2291738.916932 0.000000
2616041.829817 0.000000
2962548.534169 0.000000
3220605.235414 0.000000
3401039.647709 0.000000
3277238.988867 0.000000
2607234.963991 0.000000
2085483.457823 0.000000
1453476.422648 0.000000
1678202.967913 0.000000
1972566.829010 0.000000
2293281.471640 0.000000
2636306.144387 0.000000
2839026.859509 0.000000
2839795.874455 0.000000
2721900.399221 0.000000
2740834.308719 0.000000
2493172.911831 0.000000
2077656.096217 0.000000
2035723.324387 0.000000
2144964.102975 0.000000
2163269.060090 0.000000
2254592.468289 0.000000
2132450.084354 0.000000
2026266.206418 0.000000
2419000.015950 0.000000
2752688.947980 0.000000
2960475.367641 0.000000
2956927.343077 0.000000
2520656.959581 0.000000
1837467.437098 0.000000
1439055.486031 0.000000
519027.564329 0.000000
0.000000 0.000000
0.000000 0.000000
0.000000 0.000000
0.000000 0.000000
0.000000 0.000000
0.000000 0.000000
0.000000 0.000000
0.000000 0.000000
0.000000 0.000000
0.000000 0.000000
0.000000 0.000000
0.000000 0.000000
0.000000 0.000000
11.907081 0.000000
23.790324 0.000000
47.485296 0.000000
59.297025 0.000000
71.084916 0.000000
106.305561 0.000000
123.832940 0.000000
164.518929 0.000000
210.669289 0.000000
262.118121 0.000000
329.938156 0.000000
435.523956 0.000000
538.596600 0.000000
628.902996 0.000000
758.673016 0.000000
970.390189 0.000000
1189.365884 0.000000
1442.277941 0.000000
1699.705756 0.000000
2014.910894 0.000000
2299.027715 0.000000
2605.552914 0.000000
2774.069315 0.000000
2678.596271 0.000000
2147.539339 0.000000
1396.460654 0.000000
1011.927664 0.000000
274.413300 0.000000
335.898150 0.000000
416.773115 0.000000
497.970752 0.000000
578.082151 0.000000
669.171144 0.000000
738.212621 0.000000
770.321482 0.000000
729.116315 0.000000
543.493682 0.000000
235.715518 0.000000
8.847367 0.000000
0.000000 0.000000
0.000000 0.000000
0.000000 0.000000
0.000000 0.000000
0.000000 0.000000
0.000000 0.000000
0.000000 0.000000
0.000000 0.000000
0.000000 0.000000
0.000000 0.000000
0.000000 0.000000
39969.818908 0.000000
79859.618159 0.000000
119669.397752 0.000000
159399.157688 0.000000
199048.897967 0.000000
297813.160581 0.000000
396057.295418 0.000000
513206.074702 0.000000
783832.556993 0.000000
850718.988362 0.000000
1106551.836638 0.000000
1460018.670323 0.000000
1870244.770552 0.000000
2270072.437167 0.000000
2897917.169576 0.000000
3528742.211360 0.000000
4365970.488475 0.000000
5357715.087484 0.000000
6468136.071374 0.000000
7476817.219010 0.000000
8526511.564027 0.000000
9069256.127262 0.000000
8982153.457941 0.000000
7568593.496705 0.000000
6876175.442775 0.000000
5398548.482655 0.000000
3634344.185942 0.000000
1911974.275326 0.000000
2295148.068011 0.000000
2745881.754853 0.000000
3288815.135320 0.000000
3861465.220917 0.000000
4574177.589952 0.000000
5180177.782044 0.000000
5618466.670017 0.000000
5701871.362642 0.000000
5760166.447043 0.000000
5703611.358106 0.000000
5204363.531828 0.000000
4293268.782049 0.000000
4009664.691412 0.000000
3857208.510101 0.000000
3370397.095093 0.000000
2739992.932736 0.000000
2883701.260496 0.000000
2681466.482199 0.000000
1532013.938901 0.000000
743865.140772 0.000000
584033.682532 0.000000
758301.503306 0.000000
886339.845486 0.000000
1035610.624229 0.000000
1192263.580051 0.000000
1509556.964209 0.000000
1818522.479138 0.000000
2139696.730042 0.000000
2444623.453782 0.000000
2640386.777370 0.000000
2711945.132557 0.000000
2462247.992019 0.000000
1941587.439588 0.000000
1707645.650724 0.000000
1699145.970264 0.000000
1612412.586846 0.000000
1232081.870788 0.000000
638879.934027 0.000000
279967.324047 0.000000
78297.079053 0.000000
94327.588809 0.000000
117218.899410 0.000000
147192.319987 0.000000
197671.613957 0.000000
257756.059822 0.000000
322049.665482 0.000000
403546.472389 0.000000
500061.306446 0.000000
545367.000438 0.000000
596128.477450 0.000000
603982.427341 0.000000
552251.494716 0.000000
582147.540174 0.000000
524760.402033 0.000000
623269.645381 0.000000
756836.190686 0.000000
847952.324494 0.000000
1095501.041616 0.000000
1330278.000526 0.000000
1614158.333116 0.000000
1948321.030047 0.000000
2333336.647931 0.000000
2643309.152793 0.000000
2968822.428197 0.000000
3148465.075030 0.000000
3037197.081113 0.000000
2390857.331616 0.000000
1745168.067593 0.000000
856382.679696 0.000000
217500.734822 0.000000
118514.765651 0.000000
113018.206199 0.000000
115818.111049 0.000000
102141.524579 0.000000
66828.177087 0.000000
57223.238851 0.000000
70477.596427 0.000000
88749.963319 0.000000
112372.255172 0.000000
136463.430718 0.000000
158325.935279 0.000000
181103.292772 0.000000
210735.792697 0.000000
233544.491610 0.000000
248495.746276 0.000000
243383.544584 0.000000
205887.643717 0.000000
216393.945182 0.000000
208235.200133 0.000000
235780.696946 0.000000
252392.744940 0.000000
242272.999444 0.000000
267651.306120 0.000000
296432.492950 0.000000
312762.438496 0.000000
385151.503684 0.000000
413113.864190 0.000000
542576.280791 0.000000
736180.451745 0.000000
859474.601942 0.000000
1040047.562443 0.000000
1415641.912115 0.000000
1735454.437237 0.000000
2085056.872882 0.000000
2450553.916025 0.000000
2810855.620488 0.000000
3273173.022020 0.000000
3770575.807503 0.000000
4373528.203672 0.000000
4779145.899347 0.000000
4845054.150042 0.000000
4320294.806768 0.000000
2906492.254860 0.000000
2890019.187846 0.000000
2407064.906570 0.000000
1311296.507819 0.000000
192561.047678 0.000000
38266.355226 0.000000
37859.452528 0.000000
35081.887584 0.000000
35858.495633 0.000000
30931.789985 0.000000
19594.932968 0.000000
9912.077788 0.000000
520.402101 0.000000
0.000000 0.000000
104.203692 0.000000
208.198768 0.000000
311.985228 0.000000
518.932300 0.000000
518.932300 0.000000
827.788288 0.000000
1185.721190 0.000000
1287.317182 0.000000
1438.928860 0.000000
1842.079280 0.000000
2241.683228 0.000000
2833.735436 0.000000
3270.368724 0.000000
3798.010742 0.000000
5156.257364 0.000000
5949.389319 0.000000
7458.804310 0.000000
8871.134630 0.000000
10204.060485 0.000000
12549.386471 0.000000
15174.649173 0.000000
17145.783342 0.000000
19556.771717 0.000000
20956.918430 0.000000
21449.125268 0.000000
19335.571133 0.000000
14739.256431 0.000000
10821.835019 0.000000
4829.101098 0.000000
642.867361 0.000000
301.883701 0.000000
360.274465 0.000000
420.414089 0.000000
503.489409 0.000000
662.388004 0.000000
809.121001 0.000000
1007.134864 0.000000
1262.330796 0.000000
1519.945991 0.000000
1801.104520 0.000000
2079.785309 0.000000
2383.680879 0.000000
2601.763235 0.000000
2598.486286 0.000000
2098.314011 0.000000
1501.680504 0.000000
628.322074 0.000000
157.956780 0.000000
67.074500 0.000000
83.252250 0.000000
105.362385 0.000000
131.370656 0.000000
162.752138 0.000000
199.444145 0.000000
237.264897 0.000000
277.878381 0.000000
318.230601 0.000000
359.431952 0.000000
384.975681 0.000000
382.664784 0.000000
329.857566 0.000000
212.193212 0.000000
219.609573 0.000000
200.653798 0.000000
134.289192 0.000000
37.597914 0.000000
0.000000 0.000000
0.000000 0.000000
0.000000 0.000000
0.000000 0.000000
0.000000 0.000000
0.000000 0.000000
0.000000 0.000000
0.000000 0.000000
0.000000 0.000000
0.000000 0.000000
0.000000 0.000000
0.000000 0.000000
0.000000 0.000000
0.000000 0.000000
0.000000 0.000000
0.000000 0.000000
0.000000 0.000000
0.000000 0.000000
0.000000 0.000000
0.000000 0.000000
0.000000 0.000000
0.000000 0.000000
0.000000 0.000000
0.000000 0.000000
0.000000 0.000000
0.000000 0.000000
0.000000 0.000000
0.000000 0.000000
0.000000 0.000000
0.000000 0.000000
0.000000 0.000000
0.000000 0.000000
0.000000 0.000000
0.000000 0.000000
0.000000 0.000000
0.000000 0.000000
0.000000 0.000000
0.000000 0.000000
0.000000 0.000000
0.000000 0.000000
0.000000 0.000000
0.000000 0.000000
0.000000 0.000000
0.000000 0.000000
0.000000 0.000000
0.000000 0.000000
0.000000 0.000000
0.000000 0.000000
0.000000 0.000000
0.000000 0.000000
0.000000 0.000000
0.000000 0.000000
0.000000 0.000000
0.000000 0.000000
0.000000 0.000000
0.000000 0.000000
0.000000 0.000000
0.000000 0.000000
0.000000 0.000000
0.000000 0.000000
0.000000 0.000000
0.000000 0.000000
0.000000 0.000000
0.000000 0.000000
0.000000 0.000000
0.000000 0.000000
0.000000 0.000000
0.000000 0.000000
0.000000 0.000000
0.000000 0.000000
0.000000 0.000000
0.000000 0.000000
0.000000 0.000000
0.000000 0.000000
0.000000 0.000000
0.000000 0.000000
0.000000 0.000000
0.000000 0.000000
0.000000 0.000000
0.000000 0.000000
0.000000 0.000000
0.000000 0.000000
0.000000 0.000000
0.000000 0.000000
0.000000 0.000000
0.000000 0.000000
0.000000 0.000000
0.000000 0.000000
0.000000 0.000000
0.000000 0.000000
0.000000 0.000000
0.000000 0.000000
0.000000 0.000000
0.000000 0.000000
0.000000 0.000000
0.000000 0.000000
0.000000 0.000000
0.000000 0.000000
0.000000 0.000000
0.000000 0.000000
0.000000 0.000000
0.000000 0.000000
0.000000 0.000000
0.000000 0.000000
0.000000 0.000000
0.000000 0.000000
0.000000 0.000000
0.000000 0.000000
0.000000 0.000000
0.000000 0.000000
0.000000 0.000000
0.000000 0.000000
9530.559551 0.000000
19042.038903 0.000000
28534.438055 0.000000
47461.995762 0.000000
56897.154316 0.000000
75710.230827 0.000000
113107.421458 0.000000
154811.967080 0.000000
196125.368617 0.000000
255116.574806 0.000000
286536.893006 0.000000
333190.365321 0.000000
411891.417389 0.000000
541715.478458 0.000000
664615.812205 0.000000
863770.162461 0.000000
1010816.488424 0.000000
1199581.670162 0.000000
1415805.643713 0.000000
1672974.532901 0.000000
1947874.889664 0.000000
2127388.559641 0.000000
2265477.924571 0.000000
2170073.350499 0.000000
1644420.416971 0.000000
990180.053452 0.000000
461839.778549 0.000000
0.000000 0.000000
0.000000 0.000000
0.000000 0.000000
0.000000 0.000000
0.000000 0.000000
0.000000 0.000000
0.000000 0.000000
0.000000 0.000000
0.000000 0.000000
0.000000 0.000000
0.000000 0.000000
0.000000 0.000000
0.000000 0.000000
0.000000 0.000000
0.000000 0.000000
0.000000 0.000000
0.000000 0.000000
0.000000 0.000000
41.857101 0.000000
83.630404 0.000000
125.319909 0.000000
166.925616 0.000000
229.166086 0.000000
331.535853 0.000000
490.100343 0.000000
631.911440 0.000000
792.717448 0.000000
1051.611054 0.000000
1287.454694 0.000000
1665.197330 0.000000
2190.611366 0.000000
2493.743960 0.000000
3106.627556 0.000000
3891.898522 0.000000
4710.781935 0.000000
5412.033360 0.000000
6508.287598 0.000000
7492.201668 0.000000
8567.636127 0.000000
9573.760604 0.000000
9762.119154 0.000000
8683.873345 0.000000
7061.976003 0.000000
5491.243698 0.000000
4950.819931 0.000000
2854.941059 0.000000
815.840265 0.000000
1017.886953 0.000000
1244.393968 0.000000
1466.099589 0.000000
1682.418833 0.000000
1923.350841 0.000000
2154.742358 0.000000
2268.137306 0.000000
2150.562063 0.000000
1640.023281 0.000000
1393.911991 0.000000
1001.404832 0.000000
581.253863 0.000000
260.922648 0.000000
184.211986 0.000000
160.736398 0.000000
192.533903 0.000000
229.098566 0.000000
274.152164 0.000000
315.906904 0.000000
354.460587 0.000000
374.849569 0.000000
363.269028 0.000000
285.834372 0.000000
160.027238 0.000000
94.399490 0.000000
38.101875 0.000000
23.238960 0.000000
25.113930 0.000000
27.962414 0.000000
29.200850 0.000000
27.515993 0.000000
20.750642 0.000000
10.424310 0.000000
12.311631 0.000000
14.095348 0.000000
15.469917 0.000000
16.192448 0.000000
15.239154 0.000000
11.160398 0.000000
5.581676 0.000000
1.742133 0.000000
0.972288 0.000000
1.327414 0.000000
1.614312 0.000000
1.956678 0.000000
2.327888 0.000000
2.729369 0.000000
3.192797 0.000000
3.556765 0.000000
3.785087 0.000000
3.787164 0.000000
3.316335 0.000000
2.099519 0.000000
1.364827 0.000000
0.309935 0.000000
0.225556 0.000000
0.290025 0.000000
0.348372 0.000000
0.428323 0.000000
0.518755 0.000000
0.627622 0.000000
0.729475 0.000000
0.823723 0.000000
0.912862 0.000000
0.953743 0.000000
0.905793 0.000000
0.672891 0.000000
0.468316 0.000000
0.492112 0.000000
0.461595 0.000000
0.328555 0.000000
0.189496 0.000000
0.203344 0.000000
0.229551 0.000000
0.247791 0.000000
0.245376 0.000000
0.209196 0.000000
0.106359 0.000000
0.097900 0.000000
0.116044 0.000000
0.133719 0.000000
0.156364 0.000000
0.178176 0.000000
0.204631 0.000000
0.104076 0.000000
0.000000 0.000000
0.000000 0.000000
0.000000 0.000000
0.000000 0.000000
0.000000 0.000000
0.000000 0.000000
0.000000 0.000000
0.000000 0.000000
0.000000 0.000000
0.000000 0.000000
0.000000 0.000000
0.000000 0.000000
0.000000 0.000000
0.000000 0.000000
0.000000 0.000000
0.000000 0.000000
0.000000 0.000000
0.000000 0.000000
0.000000 0.000000
0.000000 0.000000
0.000000 0.000000
0.000000 0.000000
0.000000 0.000000
0.000000 0.000000
0.000000 0.000000
0.000000 0.000000
0.000000 0.000000
0.000000 0.000000
0.000000 0.000000
0.000000 0.000000
0.000000 0.000000
0.000000 0.000000
0.000000 0.000000
0.000000 0.000000
0.000000 0.000000
0.000000 0.000000
0.000000 0.000000
0.000000 0.000000
0.000000 0.000000
0.000000 0.000000
0.000000 0.000000
0.000000 0.000000
0.000000 0.000000
0.000000 0.000000
0.000000 0.000000
0.000000 0.000000
0.000000 0.000000
0.000000 0.000000
0.000000 0.000000
0.000000 0.000000
0.000000 0.000000
0.000000 0.000000
0.000000 0.000000
0.000000 0.000000
0.000000 0.000000
0.000000 0.000000
0.000000 0.000000
0.000000 0.000000
0.000000 0.000000
0.000000 0.000000
0.000000 0.000000
0.000000 0.000000
0.000000 0.000000
0.000000 0.000000
0.000000 0.000000
0.000000 0.000000
0.000000 0.000000
0.000000 0.000000
0.000000 0.000000
0.000000 0.000000
0.000000 0.000000
0.000000 0.000000
0.000000 0.000000
0.000000 0.000000
0.000000 0.000000
0.000000 0.000000
0.000000 0.000000
0.000000 0.000000
0.000000 0.000000
0.000000 0.000000
0.000000 0.000000
0.000000 0.000000
0.000000 0.000000
0.000000 0.000000
0.000000 0.000000
0.000000 0.000000
0.000000 0.000000
0.000000 0.000000
0.000000 0.000000
0.000000 0.000000
0.000000 0.000000
0.000000 0.000000
0.000000 0.000000
0.000000 0.000000
0.000000 0.000000
0.000000 0.000000
0.000000 0.000000
0.000000 0.000000
0.000000 0.000000
0.000000 0.000000
0.000000 0.000000
0.000000 0.000000
0.000000 0.000000
0.000000 0.000000
0.000000 0.000000
0.000000 0.000000
0.000000 0.000000
0.000000 0.000000
0.000000 0.000000
0.000000 0.000000
0.000000 0.000000
0.000000 0.000000
0.000000 0.000000
0.000000 0.000000
0.000000 0.000000
0.000000 0.000000
0.000000 0.000000
0.000000 0.000000
0.000000 0.000000
0.000000 0.000000
0.000000 0.000000
0.000000 0.000000
0.000000 0.000000
0.000000 0.000000
0.000000 0.000000
0.000000 0.000000
0.000000 0.000000
0.000000 0.000000
0.000000 0.000000
0.000000 0.000000
0.000000 0.000000
0.000000 0.000000
0.000000 0.000000
0.000000 0.000000
0.000000 0.000000
0.000000 0.000000
0.000000 0.000000
0.000000 0.000000
0.000000 0.000000
0.000000 0.000000
0.000000 0.000000
0.000000 0.000000
0.000000 0.000000
0.000000 0.000000
0.000000 0.000000
0.000000 0.000000
0.000000 0.000000
0.000000 0.000000
0.000000 0.000000
0.000000 0.000000
0.000000 0.000000
0.000000 0.000000
0.000000 0.000000
0.000000 0.000000
0.000000 0.000000
0.000000 0.000000
0.000000 0.000000
0.000000 0.000000
0.000000 0.000000
0.000000 0.000000
0.000000 0.000000
0.000000 0.000000
0.000000 0.000000
0.000000 0.000000
0.000000 0.000000
0.000000 0.000000
0.000000 0.000000
0.000000 0.000000
0.000000 0.000000
0.000000 0.000000
0.000000 0.000000
0.000000 0.000000
0.000000 0.000000
0.000000 0.000000
0.000000 0.000000
0.000000 0.000000
0.000000 0.000000
0.000000 0.000000
0.000000 0.000000
0.000000 0.000000
0.000000 0.000000
0.000000 0.000000
0.000000 0.000000
0.000000 0.000000
0.000000 0.000000
0.000000 0.000000
0.294705 0.000000
0.588820 0.000000
0.882345 0.000000
1.467625 0.000000
2.486604 0.000000
3.209988 0.000000
4.645236 0.000000
5.923269 0.000000
7.606621 0.000000
9.122449 0.000000
11.097278 0.000000
14.087645 0.000000
16.234305 0.000000
18.771055 0.000000
23.415352 0.000000
28.644024 0.000000
34.127262 0.000000
40.212504 0.000000
47.113561 0.000000
53.852543 0.000000
59.041535 0.000000
62.170172 0.000000
58.006549 0.000000
45.185464 0.000000
34.094792 0.000000
24.151803 0.000000
4.773165 0.000000
6.247267 0.000000
7.530874 0.000000
9.433530 0.000000
10.800741 0.000000
12.749427 0.000000
14.553552 0.000000
16.205225 0.000000
17.172833 0.000000
16.895083 0.000000
13.982867 0.000000
8.296114 0.000000
5.712979 0.000000
0.655984 0.000000
0.110604 0.000000
0.154259 0.000000
0.192679 0.000000
0.222204 0.000000
0.293696 0.000000
0.387576 0.000000
0.501233 0.000000
0.607650 0.000000
0.795409 0.000000
1.018055 0.000000
1.233944 0.000000
1.447199 0.000000
1.697490 0.000000
1.908859 0.000000
2.113467 0.000000
2.192664 0.000000
2.063282 0.000000
1.563367 0.000000
0.767751 0.000000
0.123453 0.000000
0.147888 0.000000
0.196159 0.000000
0.244026 0.000000
0.287326 0.000000
0.337496 0.000000
0.395916 0.000000
0.457525 0.000000
0.552525 0.000000
0.627725 0.000000
0.702111 0.000000
0.734316 0.000000
0.685687 0.000000
0.501392 0.000000
0.440995 0.000000
0.481527 0.000000
0.498470 0.000000
0.470355 0.000000
0.354523 0.000000
0.123975 0.000000
0.042975 0.000000
0.059031 0.000000
0.076111 0.000000
0.094764 0.000000
0.109375 0.000000
0.130284 0.000000
0.153279 0.000000
0.178711 0.000000
0.203344 0.000000
0.231504 0.000000
0.248844 0.000000
0.239799 0.000000
0.182919 0.000000
0.044791 0.000000
0.055519 0.000000
0.070224 0.000000
0.084351 0.000000
0.099456 0.000000
0.000000 0.000000
0.000000 0.000000
0.000000 0.000000
0.000000 0.000000
0.000000 0.000000
0.000000 0.000000
0.000000 0.000000
0.000000 0.000000
0.000000 0.000000
0.000000 0.000000
0.000000 0.000000
0.000000 0.000000
0.000000 0.000000
0.000000 0.000000
0.000000 0.000000
0.000000 0.000000
0.000000 0.000000
0.000000 0.000000
0.000000 0.000000
0.000000 0.000000
0.000000 0.000000
0.000000 0.000000
0.000000 0.000000
0.000000 0.000000
0.000000 0.000000
0.000000 0.000000
0.000000 0.000000
0.000000 0.000000
0.000000 0.000000
0.000000 0.000000
0.000000 0.000000
0.000000 0.000000
0.000000 0.000000
0.000000 0.000000
0.000000 0.000000
0.000000 0.000000
0.000000 0.000000
0.000000 0.000000
0.000000 0.000000
0.000000 0.000000
0.000000 0.000000
0.000000 0.000000
0.000000 0.000000
0.000000 0.000000
0.000000 0.000000
0.000000 0.000000
0.000000 0.000000
0.000000 0.000000
0.000000 0.000000
0.000000 0.000000
0.000000 0.000000
0.000000 0.000000
0.000000 0.000000
0.000000 0.000000
0.000000 0.000000
0.000000 0.000000
0.000000 0.000000
0.000000 0.000000
