1225966.380466 0.000000
1213870.855103 0.000000
1177130.450434 0.000000
1140235.808253 0.000000
1103065.521560 0.000000
1072200.126352 0.000000
1017590.119706 0.000000
980773.790488 0.000000
937539.117352 0.000000
878889.666591 0.000000
870579.429486 0.000000
840033.347241 0.000000
809670.411701 0.000000
691778.503951 0.000000
687825.551762 0.000000
744138.589272 0.000000
742176.639737 0.000000
807665.850619 0.000000
840018.519737 0.000000
798908.983994 0.000000
739262.559369 0.000000
767315.427083 0.000000
720324.306942 0.000000
668198.536158 0.000000
652280.220792 0.000000
562798.688572 0.000000
532103.306797 0.000000
260540.283447 0.000000
164888.008004 0.000000
212602.852811 0.000000
270585.449033 0.000000
284074.455792 0.000000
334003.913650 0.000000
396818.392889 0.000000
463860.769770 0.000000
493456.053258 0.000000
502113.371564 0.000000
478946.065485 0.000000
342940.684867 0.000000
54405.031706 0.000000
18885.870382 0.000000
22424.486096 0.000000
29263.159160 0.000000
38944.098950 0.000000
50712.102446 0.000000
63632.919095 0.000000
74565.749389 0.000000
90004.584095 0.000000
101375.094925 0.000000
108756.365509 0.000000
110597.301093 0.000000
99452.093674 0.000000
62245.779431 0.000000
56676.533114 0.000000
63290.850458 0.000000
71064.892687 0.000000
79106.513397 0.000000
87411.273595 0.000000
93377.173017 0.000000
84310.186754 0.000000
58993.180597 0.000000
8547.823138 0.000000
9736.502389 0.000000
10484.293596 0.000000
10794.821541 0.000000
9674.130675 0.000000
4130.802228 0.000000
4234.329844 0.000000
4023.525596 0.000000
3292.155439 0.000000
2184.647769 0.000000
1865.928716 0.000000
1103.929693 0.000000
526.949023 0.000000
637.543239 0.000000
740.330744 0.000000
967.157305 0.000000
1131.313836 0.000000
1445.531554 0.000000
1580.413098 0.000000
1743.919112 0.000000
1857.766296 0.000000
1721.692202 0.000000
1239.632051 0.000000
933.654667 0.000000
430.450227 0.000000
271.606268 0.000000
330.589782 0.000000
337.203782 0.000000
421.342078 0.000000
529.442414 0.000000
567.553953 0.000000
514.750398 0.000000
345.822888 0.000000
140.681385 0.000000
48.791232 0.000000
61.314315 0.000000
74.569209 0.000000
83.216086 0.000000
92.540607 0.000000
104.494434 0.000000
117.288590 0.000000
127.670308 0.000000
125.732328 0.000000
118.820342 0.000000
89.871216 0.000000
71.554364 0.000000
72.110007 0.000000
65.319819 0.000000
38.663967 0.000000
0.000000 0.000000
0.000000 0.000000
4.801500 0.000000
9.506000 0.000000
18.624000 0.000000
27.354000 0.000000
41.685750 0.000000
56.623750 0.000000
70.009750 0.000000
88.415500 0.000000
106.287750 0.000000
140.608844 0.000000
161.029183 0.000000
158.988517 0.000000
153.517150 0.000000
275.375512 0.000000
294.559596 0.000000
349.204044 0.000000
418.557421 0.000000
518.851583 0.000000
586.661072 0.000000
691.419738 0.000000
704.635050 0.000000
609.933217 0.000000
261.666818 0.000000
72.116401 0.000000
65.251432 0.000000
87.402560 0.000000
104.757672 0.000000
122.639403 0.000000
140.224730 0.000000
161.904497 0.000000
168.585419 0.000000
157.310911 0.000000
95.685402 0.000000
90.731397 0.000000
98.308709 0.000000
101.709947 0.000000
122.932554 0.000000
150.677955 0.000000
171.341432 0.000000
201.393115 0.000000
220.518970 0.000000
219.307387 0.000000
166.402113 0.000000
80.649468 0.000000
93.939509 0.000000
103.514020 0.000000
112.075200 0.000000
112.436332 0.000000
92.553719 0.000000
58.414253 0.000000
63.469510 0.000000
60.784878 0.000000
47.541682 0.000000
18.591069 0.000000
1.141501 0.000000
0.000000 0.000000
0.000000 0.000000
0.000000 0.000000
28.161540 0.000000
55.754160 0.000000
82.777860 0.000000
3126.166234 0.000000
6107.448390 0.000000
9002.156785 0.000000
11883.406931 0.000000
11944.791451 0.000000
14767.571616 0.000000
17490.755847 0.000000
25300.619633 0.000000
34849.922593 0.000000
43404.091481 0.000000
50982.455743 0.000000
61797.728137 0.000000
66574.848981 0.000000
72673.114227 0.000000
76287.818393 0.000000
72598.036782 0.000000
58724.985508 0.000000
46988.152243 0.000000
55694.583218 0.000000
65346.385291 0.000000
69529.275285 0.000000
74469.179221 0.000000
76405.576992 0.000000
73390.252176 0.000000
65322.230500 0.000000
73176.171293 0.000000
76104.471821 0.000000
71082.365997 0.000000
52344.426883 0.000000
3063.590345 0.000000
0.000000 0.000000
0.000000 0.000000
0.000000 0.000000
0.000000 0.000000
0.000000 0.000000
0.000000 0.000000
0.000000 0.000000
0.000000 0.000000
40.545351 0.000000
144.142465 0.000000
263.732908 0.000000
354.573806 0.000000
515.037246 0.000000
666.128589 0.000000
836.379419 0.000000
945.003388 0.000000
1135.262097 0.000000
1376.082455 0.000000
1539.060489 0.000000
1477.003824 0.000000
608.574399 0.000000
492.504646 0.000000
379.081368 0.000000
419.325170 0.000000
539.323485 0.000000
669.453695 0.000000
864.611858 0.000000
1093.820471 0.000000
1175.500414 0.000000
1312.069404 0.000000
1401.253745 0.000000
1371.528702 0.000000
1029.621972 0.000000
724.582192 0.000000
570.821323 0.000000
644.442468 0.000000
672.177985 0.000000
594.859031 0.000000
367.220412 0.000000
433.013287 0.000000
487.183125 0.000000
573.442498 0.000000
659.945587 0.000000
686.952467 0.000000
676.362667 0.000000
648.689443 0.000000
486.305359 0.000000
213.934233 0.000000
254.724374 0.000000
288.371606 0.000000
323.033163 0.000000
358.363476 0.000000
375.426302 0.000000
342.459563 0.000000
223.065374 0.000000
177.335591 0.000000
166.419335 0.000000
121.941001 0.000000
11.186537 0.000000
0.000000 0.000000
0.000000 0.000000
0.000000 0.000000
0.000000 0.000000
0.000000 0.000000
0.000000 0.000000
0.000000 0.000000
0.000000 0.000000
0.000000 0.000000
0.000000 0.000000
0.000000 0.000000
0.000000 0.000000
0.000000 0.000000
19.060965 0.000000
37.736860 0.000000
56.027685 0.000000
73.933440 0.000000
108.589740 0.000000
173.281500 0.000000
265.216996 0.000000
324.902841 0.000000
407.692921 0.000000
458.907225 0.000000
476.620417 0.000000
449.713526 0.000000
336.069529 0.000000
111.092141 0.000000
18.483072 0.000000
22.863175 0.000000
31.286536 0.000000
41.274169 0.000000
50.636068 0.000000
59.372233 0.000000
74.967361 0.000000
85.556646 0.000000
95.833023 0.000000
108.756673 0.000000
116.048743 0.000000
108.660006 0.000000
80.489716 0.000000
37.723455 0.000000
1.191267 0.000000
0.000000 0.000000
0.000000 0.000000
0.000000 0.000000
0.000000 0.000000
0.000000 0.000000
0.000000 0.000000
0.000000 0.000000
0.000000 0.000000
0.000000 0.000000
0.000000 0.000000
0.000000 0.000000
0.000000 0.000000
0.000000 0.000000
0.000000 0.000000
0.000000 0.000000
0.000000 0.000000
0.000000 0.000000
0.000000 0.000000
0.000000 0.000000
0.000000 0.000000
0.000000 0.000000
0.000000 0.000000
0.000000 0.000000
0.000000 0.000000
0.000000 0.000000
0.000000 0.000000
0.000000 0.000000
0.000000 0.000000
0.000000 0.000000
0.000000 0.000000
0.000000 0.000000
0.000000 0.000000
0.000000 0.000000
0.000000 0.000000
0.000000 0.000000
0.000000 0.000000
0.000000 0.000000
0.000000 0.000000
0.000000 0.000000
0.000000 0.000000
0.000000 0.000000
0.000000 0.000000
0.000000 0.000000
0.000000 0.000000
0.000000 0.000000
39.511989 0.000000
78.225756 0.000000
153.258624 0.000000
225.098604 0.000000
326.871909 0.000000
436.427916 0.000000
521.837736 0.000000
671.105289 0.000000
808.399481 0.000000
901.591869 0.000000
962.256701 0.000000
972.833025 0.000000
781.858029 0.000000
406.593334 0.000000
444.109702 0.000000
493.898649 0.000000
483.870920 0.000000
389.331545 0.000000
146.871872 0.000000
188.329259 0.000000
230.501262 0.000000
257.383981 0.000000
262.983253 0.000000
224.595410 0.000000
196.290153 0.000000
214.669243 0.000000
225.937081 0.000000
197.736529 0.000000
208.496081 0.000000
257.988320 0.000000
284.465753 0.000000
303.341512 0.000000
269.756953 0.000000
181.269192 0.000000
137.239936 0.000000
82.344029 0.000000
0.000000 0.000000
0.000000 0.000000
0.000000 0.000000
0.000000 0.000000
0.000000 0.000000
0.000000 0.000000
0.000000 0.000000
0.000000 0.000000
0.000000 0.000000
0.000000 0.000000
0.000000 0.000000
0.000000 0.000000
0.000000 0.000000
0.000000 0.000000
0.000000 0.000000
0.000000 0.000000
0.000000 0.000000
0.000000 0.000000
0.000000 0.000000
0.000000 0.000000
0.000000 0.000000
0.000000 0.000000
0.000000 0.000000
0.000000 0.000000
0.000000 0.000000
0.000000 0.000000
0.000000 0.000000
0.000000 0.000000
0.000000 0.000000
0.000000 0.000000
0.000000 0.000000
0.000000 0.000000
0.000000 0.000000
0.000000 0.000000
0.000000 0.000000
0.000000 0.000000
0.000000 0.000000
0.000000 0.000000
0.000000 0.000000
0.000000 0.000000
0.000000 0.000000
0.000000 0.000000
0.000000 0.000000
0.000000 0.000000
0.000000 0.000000
0.000000 0.000000
0.000000 0.000000
0.000000 0.000000
0.000000 0.000000
0.000000 0.000000
0.000000 0.000000
0.000000 0.000000
0.000000 0.000000
0.000000 0.000000
0.000000 0.000000
0.000000 0.000000
0.000000 0.000000
2.230767 0.000000
4.416468 0.000000
6.557103 0.000000
6.557103 0.000000
12.708612 0.000000
15.626593 0.000000
19.367073 0.000000
25.462216 0.000000
32.391025 0.000000
40.294388 0.000000
43.381392 0.000000
47.930264 0.000000
52.205964 0.000000
51.217682 0.000000
57.965832 0.000000
67.244981 0.000000
120.160072 0.000000
167.582186 0.000000
203.509113 0.000000
270.559892 0.000000
300.370808 0.000000
366.230419 0.000000
409.028885 0.000000
506.291263 0.000000
551.936222 0.000000
467.330933 0.000000
378.271525 0.000000
299.435360 0.000000
185.752432 0.000000
7.725492 0.000000
28.524137 0.000000
48.987517 0.000000
86.085325 0.000000
111.468604 0.000000
155.954767 0.000000
181.321612 0.000000
246.997051 0.000000
277.931337 0.000000
362.374715 0.000000
424.828715 0.000000
449.862646 0.000000
428.076627 0.000000
368.605029 0.000000
220.906559 0.000000
155.547466 0.000000
0.000000 0.000000
0.000000 0.000000
0.000000 0.000000
0.000000 0.000000
0.000000 0.000000
0.000000 0.000000
0.000000 0.000000
0.000000 0.000000
0.000000 0.000000
0.000000 0.000000
0.000000 0.000000
0.000000 0.000000
0.000000 0.000000
0.000000 0.000000
0.000000 0.000000
0.000000 0.000000
0.000000 0.000000
0.000000 0.000000
0.000000 0.000000
0.000000 0.000000
0.000000 0.000000
0.000000 0.000000
0.000000 0.000000
0.000000 0.000000
0.000000 0.000000
0.000000 0.000000
0.000000 0.000000
0.000000 0.000000
0.000000 0.000000
0.000000 0.000000
6.676857 0.000000
13.218828 0.000000
22.762059 0.000000
37.970497 0.000000
46.636962 0.000000
64.357618 0.000000
84.084751 0.000000
99.090893 0.000000
121.869769 0.000000
135.644974 0.000000
145.778235 0.000000
151.460187 0.000000
147.784246 0.000000
117.198320 0.000000
83.547058 0.000000
75.979163 0.000000
55.899822 0.000000
20.440418 0.000000
13.855622 0.000000
15.992925 0.000000
18.081095 0.000000
22.110035 0.000000
26.863639 0.000000
33.791361 0.000000
41.407061 0.000000
45.964164 0.000000
51.491701 0.000000
56.503343 0.000000
60.415619 0.000000
59.273402 0.000000
43.157971 0.000000
8.519024 0.000000
0.000000 0.000000
0.000000 0.000000
0.000000 0.000000
0.000000 0.000000
13.138389 0.000000
26.011356 0.000000
38.618901 0.000000
50.961024 0.000000
63.037725 0.000000
86.394861 0.000000
108.690309 0.000000
150.096141 0.000000
182.809436 0.000000
223.949841 0.000000
264.294024 0.000000
298.168510 0.000000
327.497602 0.000000
324.378807 0.000000
268.474045 0.000000
72.559155 0.000000
0.000000 0.000000
0.000000 0.000000
0.000000 0.000000
0.000000 0.000000
0.000000 0.000000
0.000000 0.000000
0.000000 0.000000
0.000000 0.000000
0.000000 0.000000
0.000000 0.000000
0.000000 0.000000
0.000000 0.000000
0.000000 0.000000
0.000000 0.000000
0.000000 0.000000
0.000000 0.000000
0.000000 0.000000
0.000000 0.000000
0.000000 0.000000
0.000000 0.000000
0.000000 0.000000
0.000000 0.000000
0.000000 0.000000
0.000000 0.000000
0.000000 0.000000
0.000000 0.000000
0.000000 0.000000
0.000000 0.000000
0.000000 0.000000
0.000000 0.000000
0.000000 0.000000
0.000000 0.000000
0.000000 0.000000
0.000000 0.000000
0.000000 0.000000
0.000000 0.000000
0.000000 0.000000
0.000000 0.000000
0.000000 0.000000
0.000000 0.000000
0.000000 0.000000
0.000000 0.000000
0.000000 0.000000
0.000000 0.000000
0.000000 0.000000
0.000000 0.000000
0.000000 0.000000
0.000000 0.000000
0.000000 0.000000
0.000000 0.000000
0.000000 0.000000
0.000000 0.000000
0.000000 0.000000
0.000000 0.000000
0.000000 0.000000
0.000000 0.000000
0.000000 0.000000
0.000000 0.000000
0.000000 0.000000
0.000000 0.000000
0.000000 0.000000
0.000000 0.000000
0.000000 0.000000
0.000000 0.000000
0.000000 0.000000
0.000000 0.000000
0.000000 0.000000
0.000000 0.000000
0.000000 0.000000
3.214332 0.000000
6.363728 0.000000
12.467712 0.000000
18.279484 0.000000
21.104200 0.000000
26.558824 0.000000
41.364232 0.000000
49.838380 0.000000
60.301193 0.000000
75.544919 0.000000
79.254388 0.000000
72.403640 0.000000
55.106313 0.000000
23.896448 0.000000
1.590932 0.000000
0.000000 0.000000
0.000000 0.000000
0.000000 0.000000
0.000000 0.000000
0.000000 0.000000
0.000000 0.000000
0.000000 0.000000
0.000000 0.000000
0.000000 0.000000
0.000000 0.000000
0.000000 0.000000
0.000000 0.000000
0.000000 0.000000
0.000000 0.000000
0.000000 0.000000
0.000000 0.000000
0.000000 0.000000
0.000000 0.000000
0.000000 0.000000
0.000000 0.000000
0.000000 0.000000
0.000000 0.000000
0.000000 0.000000
0.000000 0.000000
0.000000 0.000000
0.000000 0.000000
0.000000 0.000000
0.000000 0.000000
0.000000 0.000000
0.000000 0.000000
0.000000 0.000000
0.000000 0.000000
0.000000 0.000000
0.000000 0.000000
0.000000 0.000000
0.000000 0.000000
0.000000 0.000000
0.000000 0.000000
0.000000 0.000000
0.000000 0.000000
0.000000 0.000000
0.000000 0.000000
0.000000 0.000000
0.000000 0.000000
0.000000 0.000000
0.000000 0.000000
0.000000 0.000000
0.000000 0.000000
0.000000 0.000000
0.000000 0.000000
0.000000 0.000000
0.000000 0.000000
0.000000 0.000000
0.000000 0.000000
0.000000 0.000000
0.000000 0.000000
0.000000 0.000000
0.000000 0.000000
0.000000 0.000000
0.000000 0.000000
0.000000 0.000000
0.000000 0.000000
0.000000 0.000000
0.000000 0.000000
0.000000 0.000000
0.000000 0.000000
0.000000 0.000000
0.000000 0.000000
0.000000 0.000000
0.000000 0.000000
0.000000 0.000000
0.000000 0.000000
0.000000 0.000000
0.000000 0.000000
0.000000 0.000000
0.000000 0.000000
0.000000 0.000000
0.000000 0.000000
0.000000 0.000000
0.000000 0.000000
0.000000 0.000000
0.000000 0.000000
0.000000 0.000000
0.000000 0.000000
0.000000 0.000000
0.000000 0.000000
0.000000 0.000000
0.000000 0.000000
0.000000 0.000000
0.000000 0.000000
0.000000 0.000000
0.000000 0.000000
0.000000 0.000000
0.000000 0.000000
0.000000 0.000000
0.000000 0.000000
0.000000 0.000000
0.000000 0.000000
0.000000 0.000000
0.000000 0.000000
0.000000 0.000000
0.000000 0.000000
0.000000 0.000000
0.000000 0.000000
0.000000 0.000000
0.000000 0.000000
0.000000 0.000000
0.000000 0.000000
0.000000 0.000000
0.000000 0.000000
0.000000 0.000000
0.000000 0.000000
0.000000 0.000000
0.000000 0.000000
0.000000 0.000000
0.000000 0.000000
0.000000 0.000000
0.000000 0.000000
0.000000 0.000000
0.000000 0.000000
0.000000 0.000000
0.000000 0.000000
0.000000 0.000000
0.000000 0.000000
0.000000 0.000000
0.000000 0.000000
0.000000 0.000000
0.000000 0.000000
0.000000 0.000000
0.000000 0.000000
0.000000 0.000000
0.000000 0.000000
0.000000 0.000000
0.000000 0.000000
0.000000 0.000000
0.000000 0.000000
0.000000 0.000000
0.000000 0.000000
0.000000 0.000000
0.000000 0.000000
0.000000 0.000000
0.000000 0.000000
0.000000 0.000000
0.000000 0.000000
0.000000 0.000000
0.000000 0.000000
0.000000 0.000000
0.000000 0.000000
0.045639 0.000000
0.090356 0.000000
0.134151 0.000000
0.259631 0.000000
0.377180 0.000000
0.486431 0.000000
0.554655 0.000000
0.694130 0.000000
0.833440 0.000000
0.922864 0.000000
1.052511 0.000000
1.090185 0.000000
1.140306 0.000000
1.082499 0.000000
0.890951 0.000000
0.373115 0.000000
0.000000 0.000000
0.000000 0.000000
0.000000 0.000000
0.000000 0.000000
0.000000 0.000000
0.000000 0.000000
0.000000 0.000000
0.000000 0.000000
0.000000 0.000000
0.000000 0.000000
0.000000 0.000000
0.000000 0.000000
0.000000 0.000000
0.000000 0.000000
0.000000 0.000000
0.000000 0.000000
0.000000 0.000000
0.000000 0.000000
0.000000 0.000000
0.000000 0.000000
0.000000 0.000000
0.000000 0.000000
0.000000 0.000000
0.000000 0.000000
0.000000 0.000000
0.000000 0.000000
0.000000 0.000000
0.000000 0.000000
0.000000 0.000000
0.000000 0.000000
0.000000 0.000000
0.000000 0.000000
0.000000 0.000000
0.000000 0.000000
0.000000 0.000000
0.000000 0.000000
0.000000 0.000000
0.000000 0.000000
0.000000 0.000000
0.000000 0.000000
0.000000 0.000000
0.000000 0.000000
0.000000 0.000000
0.000000 0.000000
0.000000 0.000000
0.000000 0.000000
0.000000 0.000000
0.000000 0.000000
0.000000 0.000000
0.000000 0.000000
0.000000 0.000000
0.000000 0.000000
0.000000 0.000000
0.000000 0.000000
0.000000 0.000000
0.000000 0.000000
0.000000 0.000000
0.000000 0.000000
5.191263 0.000000
10.277652 0.000000
20.135808 0.000000
38.593632 0.000000
49.264601 0.000000
65.769264 0.000000
81.959239 0.000000
97.205294 0.000000
111.205922 0.000000
120.565892 0.000000
128.850861 0.000000
129.598010 0.000000
110.458205 0.000000
46.484514 0.000000
13.462943 0.000000
0.000000 0.000000
0.000000 0.000000
0.000000 0.000000
0.000000 0.000000
0.000000 0.000000
0.000000 0.000000
0.000000 0.000000
0.000000 0.000000
0.000000 0.000000
0.000000 0.000000
0.000000 0.000000
0.000000 0.000000
0.000000 0.000000
0.000000 0.000000
0.000000 0.000000
0.000000 0.000000
0.000000 0.000000
0.000000 0.000000
0.000000 0.000000
0.000000 0.000000
0.000000 0.000000
0.000000 0.000000
0.000000 0.000000
0.000000 0.000000
0.000000 0.000000
0.000000 0.000000
0.000000 0.000000
0.000000 0.000000
0.000000 0.000000
0.000000 0.000000
0.000000 0.000000
0.000000 0.000000
0.000000 0.000000
0.000000 0.000000
0.000000 0.000000
0.000000 0.000000
0.000000 0.000000
0.000000 0.000000
0.000000 0.000000
0.000000 0.000000
0.000000 0.000000
0.000000 0.000000
0.000000 0.000000
0.000000 0.000000
0.000000 0.000000
0.000000 0.000000
0.000000 0.000000
0.000000 0.000000
0.000000 0.000000
0.000000 0.000000
0.000000 0.000000
0.000000 0.000000
0.000000 0.000000
0.000000 0.000000
0.000000 0.000000
0.000000 0.000000
0.000000 0.000000
0.000000 0.000000
0.000000 0.000000
0.000000 0.000000
0.000000 0.000000
0.000000 0.000000
0.000000 0.000000
0.000000 0.000000
0.000000 0.000000
0.000000 0.000000
0.000000 0.000000
0.000000 0.000000
0.000000 0.000000
0.000000 0.000000
0.000000 0.000000
0.000000 0.000000
0.000000 0.000000
0.000000 0.000000
0.000000 0.000000
0.000000 0.000000
0.000000 0.000000
0.000000 0.000000
0.000000 0.000000
0.000000 0.000000
0.000000 0.000000
0.000000 0.000000
0.000000 0.000000
0.000000 0.000000
0.000000 0.000000
0.000000 0.000000
0.000000 0.000000
0.000000 0.000000
0.000000 0.000000
0.000000 0.000000
0.000000 0.000000
0.000000 0.000000
0.000000 0.000000
0.000000 0.000000
0.000000 0.000000
0.000000 0.000000
0.000000 0.000000
0.000000 0.000000
0.000000 0.000000
0.000000 0.000000
0.000000 0.000000
0.000000 0.000000
0.000000 0.000000
0.000000 0.000000
0.000000 0.000000
0.000000 0.000000
0.000000 0.000000
0.000000 0.000000
0.000000 0.000000
0.000000 0.000000
