1157441.641793 0.000000
1087490.577743 0.000000
1024307.656853 0.000000
1056584.538858 0.000000
1024578.655003 0.000000
969472.854422 0.000000
950400.647653 0.000000
929193.206584 0.000000
899427.473523 0.000000
825434.472930 0.000000
779971.006345 0.000000
766866.727528 0.000000
747863.025902 0.000000
688341.793733 0.000000
659582.283766 0.000000
572503.911387 0.000000
434381.607186 0.000000
400746.748364 0.000000
408149.258958 0.000000
376769.513948 0.000000
292510.498183 0.000000
219783.408028 0.000000
162969.772006 0.000000
57399.563892 0.000000
0.000000 0.000000
0.000000 0.000000
0.000000 0.000000
0.000000 0.000000
0.000000 0.000000
0.000000 0.000000
0.000000 0.000000
0.000000 0.000000
0.000000 0.000000
0.000000 0.000000
0.000000 0.000000
0.000000 0.000000
0.000000 0.000000
0.000000 0.000000
0.000000 0.000000
0.000000 0.000000
0.000000 0.000000
0.000000 0.000000
0.000000 0.000000
0.000000 0.000000
0.000000 0.000000
17.626851 0.000000
34.897604 0.000000
51.812259 0.000000
76.472000 0.000000
92.496411 0.000000
108.164724 0.000000
138.433056 0.000000
184.503219 0.000000
276.465508 0.000000
337.046635 0.000000
402.168096 0.000000
430.074397 0.000000
443.749797 0.000000
430.931770 0.000000
358.669706 0.000000
183.510825 0.000000
2.048607 0.000000
4.055828 0.000000
6.021663 0.000000
9.829175 0.000000
13.471143 0.000000
19.441034 0.000000
28.463121 0.000000
34.246799 0.000000
40.051137 0.000000
46.657387 0.000000
50.066650 0.000000
48.690772 0.000000
36.565095 0.000000
19.907628 0.000000
22.132233 0.000000
25.655391 0.000000
25.019028 0.000000
21.301769 0.000000
10.132075 0.000000
5.018044 0.000000
6.145812 0.000000
8.335309 0.000000
10.136809 0.000000
11.548981 0.000000
11.780412 0.000000
11.031429 0.000000
8.823343 0.000000
7.156968 0.000000
5.884145 0.000000
2.678096 0.000000
0.248064 0.000000
0.000000 0.000000
0.000000 0.000000
0.000000 0.000000
0.000000 0.000000
0.000000 0.000000
0.000000 0.000000
0.000000 0.000000
0.000000 0.000000
0.000000 0.000000
0.000000 0.000000
0.000000 0.000000
0.000000 0.000000
0.000000 0.000000
0.000000 0.000000
0.000000 0.000000
0.000000 0.000000
0.000000 0.000000
0.000000 0.000000
0.000000 0.000000
0.000000 0.000000
0.000000 0.000000
0.000000 0.000000
0.000000 0.000000
0.000000 0.000000
0.000000 0.000000
0.000000 0.000000
0.000000 0.000000
0.000000 0.000000
0.000000 0.000000
0.000000 0.000000
0.000000 0.000000
0.000000 0.000000
0.000000 0.000000
0.000000 0.000000
0.000000 0.000000
0.000000 0.000000
0.000000 0.000000
0.000000 0.000000
0.000000 0.000000
0.000000 0.000000
0.000000 0.000000
0.000000 0.000000
0.000000 0.000000
0.000000 0.000000
0.000000 0.000000
0.000000 0.000000
0.000000 0.000000
0.000000 0.000000
0.000000 0.000000
0.000000 0.000000
0.000000 0.000000
0.000000 0.000000
0.000000 0.000000
0.000000 0.000000
0.000000 0.000000
0.000000 0.000000
0.000000 0.000000
0.000000 0.000000
0.000000 0.000000
0.000000 0.000000
0.000000 0.000000
0.000000 0.000000
0.000000 0.000000
0.000000 0.000000
0.000000 0.000000
0.000000 0.000000
0.000000 0.000000
0.000000 0.000000
0.000000 0.000000
0.000000 0.000000
0.000000 0.000000
0.000000 0.000000
0.000000 0.000000
0.000000 0.000000
0.000000 0.000000
0.000000 0.000000
0.000000 0.000000
0.000000 0.000000
0.000000 0.000000
0.000000 0.000000
0.000000 0.000000
0.000000 0.000000
0.000000 0.000000
0.000000 0.000000
0.000000 0.000000
0.000000 0.000000
0.000000 0.000000
0.000000 0.000000
0.000000 0.000000
0.000000 0.000000
0.000000 0.000000
0.000000 0.000000
0.000000 0.000000
0.000000 0.000000
0.000000 0.000000
0.000000 0.000000
0.000000 0.000000
0.206613 0.000000
0.409052 0.000000
0.607317 0.000000
0.801408 0.000000
1.177068 0.000000
1.709253 0.000000
2.043173 0.000000
2.732892 0.000000
3.460188 0.000000
4.051793 0.000000
4.490088 0.000000
4.961769 0.000000
5.148075 0.000000
4.793438 0.000000
3.404253 0.000000
0.811710 0.000000
0.000000 0.000000
0.000000 0.000000
0.000000 0.000000
0.000000 0.000000
0.000000 0.000000
0.000000 0.000000
0.000000 0.000000
0.000000 0.000000
0.000000 0.000000
0.000000 0.000000
0.000000 0.000000
0.000000 0.000000
0.000000 0.000000
0.000000 0.000000
0.000000 0.000000
0.000000 0.000000
0.000000 0.000000
0.000000 0.000000
0.000000 0.000000
0.000000 0.000000
0.000000 0.000000
0.000000 0.000000
0.000000 0.000000
0.000000 0.000000
0.000000 0.000000
0.000000 0.000000
0.000000 0.000000
0.000000 0.000000
0.000000 0.000000
0.000000 0.000000
0.000000 0.000000
0.000000 0.000000
0.000000 0.000000
0.000000 0.000000
0.000000 0.000000
0.000000 0.000000
0.000000 0.000000
0.000000 0.000000
0.000000 0.000000
0.000000 0.000000
0.000000 0.000000
0.000000 0.000000
0.000000 0.000000
0.000000 0.000000
0.000000 0.000000
0.000000 0.000000
0.000000 0.000000
0.000000 0.000000
0.000000 0.000000
0.000000 0.000000
0.000000 0.000000
0.000000 0.000000
0.000000 0.000000
0.000000 0.000000
0.000000 0.000000
0.000000 0.000000
0.000000 0.000000
0.000000 0.000000
0.000000 0.000000
0.000000 0.000000
0.000000 0.000000
0.000000 0.000000
0.000000 0.000000
0.000000 0.000000
0.000000 0.000000
2577.528911 0.000000
5102.986532 0.000000
7576.372861 0.000000
9997.687899 0.000000
16949.205266 0.000000
18055.720203 0.000000
24408.417722 0.000000
32114.968810 0.000000
36501.975089 0.000000
45080.720304 0.000000
54661.837874 0.000000
60545.893773 0.000000
62420.460255 0.000000
50834.598011 0.000000
30041.880562 0.000000
20564.905625 0.000000
0.000000 0.000000
0.000000 0.000000
0.000000 0.000000
0.000000 0.000000
0.000000 0.000000
0.000000 0.000000
0.000000 0.000000
0.000000 0.000000
0.000000 0.000000
0.000000 0.000000
0.000000 0.000000
0.000000 0.000000
0.000000 0.000000
0.000000 0.000000
0.000000 0.000000
0.000000 0.000000
0.000000 0.000000
0.000000 0.000000
0.000000 0.000000
0.000000 0.000000
0.000000 0.000000
0.000000 0.000000
0.000000 0.000000
0.000000 0.000000
0.000000 0.000000
0.000000 0.000000
0.000000 0.000000
0.000000 0.000000
0.000000 0.000000
0.000000 0.000000
0.000000 0.000000
0.000000 0.000000
0.000000 0.000000
0.000000 0.000000
0.000000 0.000000
0.000000 0.000000
0.000000 0.000000
0.000000 0.000000
5.611023 0.000000
11.108692 0.000000
16.493007 0.000000
21.763968 0.000000
26.864808 0.000000
39.192018 0.000000
49.578067 0.000000
63.563113 0.000000
79.560139 0.000000
94.069467 0.000000
115.592626 0.000000
125.659991 0.000000
128.904872 0.000000
115.578985 0.000000
65.831246 0.000000
47.601696 0.000000
34.714100 0.000000
34.685664 0.000000
30.767736 0.000000
20.172590 0.000000
0.000000 0.000000
0.000000 0.000000
0.000000 0.000000
0.000000 0.000000
0.000000 0.000000
0.000000 0.000000
0.000000 0.000000
0.000000 0.000000
0.000000 0.000000
0.000000 0.000000
0.000000 0.000000
0.000000 0.000000
0.000000 0.000000
0.000000 0.000000
0.000000 0.000000
0.000000 0.000000
0.000000 0.000000
0.000000 0.000000
0.000000 0.000000
0.000000 0.000000
0.000000 0.000000
0.000000 0.000000
0.000000 0.000000
0.000000 0.000000
0.000000 0.000000
0.000000 0.000000
0.000000 0.000000
0.000000 0.000000
0.000000 0.000000
0.000000 0.000000
0.000000 0.000000
0.000000 0.000000
0.000000 0.000000
0.000000 0.000000
0.000000 0.000000
0.000000 0.000000
0.000000 0.000000
0.000000 0.000000
0.000000 0.000000
0.000000 0.000000
0.000000 0.000000
0.000000 0.000000
0.000000 0.000000
0.000000 0.000000
0.000000 0.000000
0.000000 0.000000
0.000000 0.000000
0.000000 0.000000
0.000000 0.000000
0.000000 0.000000
0.000000 0.000000
0.000000 0.000000
0.000000 0.000000
0.000000 0.000000
0.000000 0.000000
0.000000 0.000000
0.000000 0.000000
0.000000 0.000000
0.000000 0.000000
0.000000 0.000000
0.000000 0.000000
0.000000 0.000000
0.000000 0.000000
0.000000 0.000000
0.000000 0.000000
0.000000 0.000000
0.000000 0.000000
0.000000 0.000000
0.000000 0.000000
0.000000 0.000000
0.000000 0.000000
0.000000 0.000000
0.000000 0.000000
0.000000 0.000000
0.000000 0.000000
0.000000 0.000000
0.000000 0.000000
0.000000 0.000000
0.000000 0.000000
0.000000 0.000000
0.000000 0.000000
0.000000 0.000000
0.000000 0.000000
0.000000 0.000000
0.000000 0.000000
0.000000 0.000000
0.000000 0.000000
0.000000 0.000000
0.000000 0.000000
0.000000 0.000000
0.000000 0.000000
0.000000 0.000000
0.000000 0.000000
0.000000 0.000000
0.000000 0.000000
0.000000 0.000000
0.000000 0.000000
0.000000 0.000000
0.000000 0.000000
0.000000 0.000000
0.000000 0.000000
0.000000 0.000000
0.000000 0.000000
0.000000 0.000000
0.000000 0.000000
0.000000 0.000000
0.000000 0.000000
0.000000 0.000000
0.000000 0.000000
0.000000 0.000000
0.000000 0.000000
0.000000 0.000000
0.000000 0.000000
0.000000 0.000000
0.000000 0.000000
0.000000 0.000000
0.000000 0.000000
0.000000 0.000000
0.000000 0.000000
0.000000 0.000000
0.000000 0.000000
0.000000 0.000000
0.000000 0.000000
7174.696922 0.000000
14204.450472 0.000000
21089.260650 0.000000
34424.050889 0.000000
40874.030950 0.000000
53339.160956 0.000000
65224.517474 0.000000
76457.628824 0.000000
92111.513024 0.000000
106315.963501 0.000000
134724.864445 0.000000
151429.588089 0.000000
160234.897950 0.000000
171576.716811 0.000000
174167.579565 0.000000
147950.947103 0.000000
77363.524872 0.000000
85625.297087 0.000000
89357.588854 0.000000
85607.178947 0.000000
68177.738163 0.000000
35175.943559 0.000000
42395.935064 0.000000
44823.736474 0.000000
43220.300468 0.000000
31239.825234 0.000000
14761.576113 0.000000
18439.514076 0.000000
20572.899269 0.000000
22339.396558 0.000000
22352.984988 0.000000
19599.060974 0.000000
14779.693957 0.000000
7247.168252 0.000000
9131.431997 0.000000
10956.812500 0.000000
11205.933897 0.000000
9451.892649 0.000000
7481.488900 0.000000
5833.773938 0.000000
8623.654064 0.000000
13572.772363 0.000000
18224.717689 0.000000
22504.014023 0.000000
28747.141639 0.000000
38102.976772 0.000000
45792.886953 0.000000
53734.742078 0.000000
57470.341211 0.000000
61413.248553 0.000000
61492.677094 0.000000
51622.427116 0.000000
23986.632157 0.000000
2986.301923 0.000000
3550.535567 0.000000
4371.181678 0.000000
6412.111396 0.000000
9100.889795 0.000000
11008.159831 0.000000
13277.705929 0.000000
15266.037077 0.000000
15390.583552 0.000000
13226.725804 0.000000
7500.606722 0.000000
1102.493224 0.000000
324.014168 0.000000
481.061851 0.000000
785.238417 0.000000
1004.278641 0.000000
1146.448122 0.000000
1645.281234 0.000000
1830.432212 0.000000
2262.313341 0.000000
2919.020657 0.000000
3474.473533 0.000000
3803.033793 0.000000
3876.598158 0.000000
3577.380779 0.000000
2372.865793 0.000000
2230.696387 0.000000
1807.391249 0.000000
935.605686 0.000000
369.404137 0.000000
3.373824 0.000000
4.955304 0.000000
6.466496 0.000000
9.269230 0.000000
12.959350 0.000000
16.464964 0.000000
19.630138 0.000000
21.639934 0.000000
20.407680 0.000000
13.780803 0.000000
3.215508 0.000000
0.000000 0.000000
0.000000 0.000000
0.000000 0.000000
9958.548950 0.000000
19715.915092 0.000000
29272.098428 0.000000
38526.507570 0.000000
43002.825035 0.000000
79542.652367 0.000000
123048.434405 0.000000
148171.137452 0.000000
179807.133883 0.000000
203672.444397 0.000000
215592.525724 0.000000
204175.401377 0.000000
142009.913923 0.000000
113898.468520 0.000000
40022.804986 0.000000
5983.510386 0.000000
7113.023199 0.000000
9285.363266 0.000000
10347.899683 0.000000
10366.219283 0.000000
12393.363479 0.000000
14332.681890 0.000000
17034.336109 0.000000
19499.704560 0.000000
24040.908032 0.000000
27007.966574 0.000000
30155.752116 0.000000
21876.087879 0.000000
1835.145573 0.000000
2414.296209 0.000000
2986.434113 0.000000
4627.401067 0.000000
6155.197887 0.000000
7780.446669 0.000000
10633.277090 0.000000
12882.533487 0.000000
14552.578957 0.000000
14923.525648 0.000000
12399.596287 0.000000
7666.098741 0.000000
7930.948351 0.000000
7552.142835 0.000000
5084.798010 0.000000
2305.842335 0.000000
545.024812 0.000000
642.869916 0.000000
885.714405 0.000000
1101.838144 0.000000
1444.099600 0.000000
1743.922207 0.000000
1917.017735 0.000000
1900.710246 0.000000
1701.287059 0.000000
916.758060 0.000000
542.372832 0.000000
199.914824 0.000000
250.311078 0.000000
266.614606 0.000000
325.102583 0.000000
394.180807 0.000000
442.535332 0.000000
475.558094 0.000000
499.696665 0.000000
492.463873 0.000000
424.278636 0.000000
436.634391 0.000000
518.954299 0.000000
525.699603 0.000000
437.839428 0.000000
157.402550 0.000000
62.227987 0.000000
62.690461 0.000000
59.451934 0.000000
61.005120 0.000000
41.714909 0.000000
51.590179 0.000000
60.827930 0.000000
68.844092 0.000000
75.783993 0.000000
84.399133 0.000000
41.080545 0.000000
0.874000 0.000000
1.354240 0.000000
2.081040 0.000000
2.280680 0.000000
2.884200 0.000000
3.392040 0.000000
3.772000 0.000000
4.259600 0.000000
4.521800 0.000000
4.404960 0.000000
3.914600 0.000000
2.338180 0.000000
2.198340 0.000000
2.295400 0.000000
2.214900 0.000000
1.275810 0.000000
0.045080 0.000000
0.066930 0.000000
0.088320 0.000000
0.109250 0.000000
0.129720 0.000000
0.149730 0.000000
0.169280 0.000000
0.197685 0.000000
0.215625 0.000000
0.283705 0.000000
0.374932 0.000000
0.425345 0.000000
0.508720 0.000000
0.538926 0.000000
0.529840 0.000000
0.336309 0.000000
0.334041 0.000000
0.330830 0.000000
0.295624 0.000000
0.186318 0.000000
0.109386 0.000000
0.061482 0.000000
0.055965 0.000000
0.064485 0.000000
0.067465 0.000000
0.069073 0.000000
0.064085 0.000000
0.042153 0.000000
0.039425 0.000000
0.039130 0.000000
0.036021 0.000000
0.023897 0.000000
0.004296 0.000000
0.000784 0.000000
0.001164 0.000000
0.001536 0.000000
0.001900 0.000000
0.002256 0.000000
0.002774 0.000000
0.003912 0.000000
0.004366 0.000000
0.005360 0.000000
0.006847 0.000000
0.008061 0.000000
0.009253 0.000000
0.009481 0.000000
0.008515 0.000000
0.005720 0.000000
0.005348 0.000000
0.004884 0.000000
0.003895 0.000000
0.002056 0.000000
0.000564 0.000000
0.000000 0.000000
0.000000 0.000000
0.000000 0.000000
0.000000 0.000000
0.000000 0.000000
0.000000 0.000000
0.000000 0.000000
0.000000 0.000000
0.000000 0.000000
0.000000 0.000000
0.000000 0.000000
0.000000 0.000000
0.000000 0.000000
0.000000 0.000000
0.000000 0.000000
0.000000 0.000000
0.000000 0.000000
0.000000 0.000000
0.000000 0.000000
0.000000 0.000000
0.000000 0.000000
0.000000 0.000000
0.000000 0.000000
0.000000 0.000000
0.000000 0.000000
0.000000 0.000000
0.000000 0.000000
0.000000 0.000000
0.000000 0.000000
0.000000 0.000000
0.000000 0.000000
0.000000 0.000000
0.000000 0.000000
0.000000 0.000000
0.000000 0.000000
0.000000 0.000000
0.000000 0.000000
0.000000 0.000000
0.000000 0.000000
0.000000 0.000000
0.000000 0.000000
0.000000 0.000000
0.000000 0.000000
0.000000 0.000000
0.000000 0.000000
0.000000 0.000000
0.000000 0.000000
0.000000 0.000000
0.000000 0.000000
0.000000 0.000000
0.000000 0.000000
0.000000 0.000000
0.000000 0.000000
0.000000 0.000000
0.000000 0.000000
0.000000 0.000000
0.000000 0.000000
0.000000 0.000000
0.000000 0.000000
0.000000 0.000000
0.000000 0.000000
0.000000 0.000000
0.000000 0.000000
0.000000 0.000000
0.000000 0.000000
0.000000 0.000000
0.000000 0.000000
0.000000 0.000000
0.000000 0.000000
0.000000 0.000000
0.000000 0.000000
0.000000 0.000000
0.000000 0.000000
0.000000 0.000000
0.000000 0.000000
0.000000 0.000000
0.000000 0.000000
0.000000 0.000000
0.000000 0.000000
0.000000 0.000000
0.000000 0.000000
0.000000 0.000000
0.000000 0.000000
0.000000 0.000000
0.000000 0.000000
0.000000 0.000000
0.000000 0.000000
0.000000 0.000000
0.000000 0.000000
0.000000 0.000000
0.000000 0.000000
0.000000 0.000000
0.000000 0.000000
0.000000 0.000000
0.000000 0.000000
0.000000 0.000000
0.000000 0.000000
0.000000 0.000000
0.000000 0.000000
0.000000 0.000000
0.000000 0.000000
0.000000 0.000000
0.000000 0.000000
0.000000 0.000000
0.000000 0.000000
0.000000 0.000000
0.000000 0.000000
0.000000 0.000000
0.000000 0.000000
0.000000 0.000000
0.000000 0.000000
0.000000 0.000000
0.000000 0.000000
0.000000 0.000000
0.000000 0.000000
0.000000 0.000000
0.000000 0.000000
0.000000 0.000000
0.000000 0.000000
0.000000 0.000000
0.000000 0.000000
0.000000 0.000000
0.000000 0.000000
0.000000 0.000000
0.000000 0.000000
0.000000 0.000000
0.000000 0.000000
0.000000 0.000000
0.000000 0.000000
0.000000 0.000000
0.000000 0.000000
0.000000 0.000000
0.000000 0.000000
0.000000 0.000000
0.000000 0.000000
0.000000 0.000000
0.000000 0.000000
0.000000 0.000000
0.000000 0.000000
0.000000 0.000000
0.000000 0.000000
0.000000 0.000000
0.000000 0.000000
0.000000 0.000000
0.000000 0.000000
0.000000 0.000000
0.000000 0.000000
0.000000 0.000000
0.000000 0.000000
0.000000 0.000000
0.000000 0.000000
0.000000 0.000000
0.000000 0.000000
0.000000 0.000000
0.000000 0.000000
0.000000 0.000000
0.000000 0.000000
0.000000 0.000000
0.000000 0.000000
0.000000 0.000000
0.000000 0.000000
0.000000 0.000000
0.000000 0.000000
0.000000 0.000000
0.000000 0.000000
0.000000 0.000000
0.000000 0.000000
0.000000 0.000000
0.000000 0.000000
0.000000 0.000000
0.000000 0.000000
0.000000 0.000000
0.000000 0.000000
0.000000 0.000000
0.000000 0.000000
0.000000 0.000000
0.000000 0.000000
0.000000 0.000000
0.000000 0.000000
0.000000 0.000000
0.000000 0.000000
0.000000 0.000000
0.000000 0.000000
0.000000 0.000000
0.000000 0.000000
0.000000 0.000000
0.000000 0.000000
0.000000 0.000000
0.000000 0.000000
0.000000 0.000000
0.000000 0.000000
0.000000 0.000000
0.000000 0.000000
0.000000 0.000000
0.000000 0.000000
0.000000 0.000000
0.000000 0.000000
0.000000 0.000000
0.000000 0.000000
0.000000 0.000000
0.000000 0.000000
0.000000 0.000000
0.000000 0.000000
0.000000 0.000000
0.000000 0.000000
0.000000 0.000000
0.000000 0.000000
0.000000 0.000000
0.000000 0.000000
0.000000 0.000000
0.000000 0.000000
0.000000 0.000000
0.000000 0.000000
0.000000 0.000000
0.000000 0.000000
0.000000 0.000000
0.000000 0.000000
0.000000 0.000000
0.000000 0.000000
0.000000 0.000000
0.000000 0.000000
0.000000 0.000000
0.000000 0.000000
0.000000 0.000000
0.000000 0.000000
0.000000 0.000000
0.000000 0.000000
0.000000 0.000000
0.000000 0.000000
0.000000 0.000000
0.000000 0.000000
0.000000 0.000000
0.000000 0.000000
0.000000 0.000000
0.000000 0.000000
0.000000 0.000000
0.000000 0.000000
0.000000 0.000000
0.000000 0.000000
0.000000 0.000000
0.000000 0.000000
0.000000 0.000000
0.000000 0.000000
0.000000 0.000000
0.000000 0.000000
0.000000 0.000000
0.000000 0.000000
0.000000 0.000000
0.000000 0.000000
0.000000 0.000000
0.000000 0.000000
0.000000 0.000000
0.000000 0.000000
0.000000 0.000000
0.000000 0.000000
0.000000 0.000000
0.000000 0.000000
0.000000 0.000000
0.000000 0.000000
0.000000 0.000000
0.000000 0.000000
0.000000 0.000000
0.000000 0.000000
0.000000 0.000000
0.000000 0.000000
0.000000 0.000000
0.000000 0.000000
0.000000 0.000000
0.000000 0.000000
0.000000 0.000000
0.000000 0.000000
0.000000 0.000000
0.000000 0.000000
0.000000 0.000000
0.000000 0.000000
0.000000 0.000000
0.000000 0.000000
0.000000 0.000000
0.000000 0.000000
0.000000 0.000000
0.000000 0.000000
0.000000 0.000000
0.000000 0.000000
0.000000 0.000000
0.000000 0.000000
0.000000 0.000000
