1160234.275616 0.000000
1109357.609030 0.000000
1033740.436880 0.000000
990221.124515 0.000000
935140.536409 0.000000
907745.524721 0.000000
895716.969294 0.000000
863100.904353 0.000000
780941.082467 0.000000
713009.042324 0.000000
661753.940308 0.000000
662879.542854 0.000000
634790.877115 0.000000
615836.668840 0.000000
562498.556744 0.000000
522742.611406 0.000000
525461.577295 0.000000
466722.180073 0.000000
427557.600043 0.000000
394590.453090 0.000000
357883.705649 0.000000
350890.080723 0.000000
324543.197091 0.000000
301075.130336 0.000000
272106.161421 0.000000
260553.194344 0.000000
220507.250878 0.000000
205773.430061 0.000000
213847.051144 0.000000
241824.058842 0.000000
232317.164642 0.000000
256672.165772 0.000000
266262.791633 0.000000
242999.120689 0.000000
257667.830685 0.000000
231126.221559 0.000000
241641.194129 0.000000
119633.172786 0.000000
131208.606382 0.000000
143321.335764 0.000000
114896.313033 0.000000
100871.251205 0.000000
90402.326820 0.000000
73022.708974 0.000000
69923.231463 0.000000
57693.745996 0.000000
39416.841697 0.000000
37815.457504 0.000000
37361.982300 0.000000
30323.766910 0.000000
31343.947809 0.000000
29922.017273 0.000000
38369.617102 0.000000
45012.790775 0.000000
56976.835272 0.000000
64593.931654 0.000000
66547.806176 0.000000
60804.948852 0.000000
40060.040126 0.000000
22943.742264 0.000000
4572.854880 0.000000
0.000000 0.000000
0.000000 0.000000
7712.640538 0.000000
15269.470157 0.000000
23171.694141 0.000000
30897.594210 0.000000
38166.302147 0.000000
41621.364554 0.000000
64583.028480 0.000000
73879.872546 0.000000
89222.143928 0.000000
110587.803452 0.000000
130019.751852 0.000000
151241.711355 0.000000
157838.363681 0.000000
146313.168764 0.000000
107772.746501 0.000000
67319.227354 0.000000
48740.164014 0.000000
24020.240428 0.000000
506.506209 0.000000
2817.293863 0.000000
4933.548758 0.000000
6934.680413 0.000000
9092.718729 0.000000
11147.199138 0.000000
14608.204658 0.000000
15644.296039 0.000000
18908.788370 0.000000
20638.953251 0.000000
24296.274295 0.000000
28214.688557 0.000000
32553.367709 0.000000
38630.874740 0.000000
40600.190892 0.000000
41465.489013 0.000000
40053.596616 0.000000
30120.828882 0.000000
24353.403641 0.000000
17655.945320 0.000000
9596.154001 0.000000
11445.493226 0.000000
12694.960609 0.000000
12421.197561 0.000000
12331.800866 0.000000
11365.835931 0.000000
7542.762956 0.000000
3152.301433 0.000000
3749.889379 0.000000
4499.922456 0.000000
4650.381039 0.000000
2851.195416 0.000000
2954.403694 0.000000
3845.598106 0.000000
4550.613548 0.000000
7485.545356 0.000000
10978.829733 0.000000
14739.758089 0.000000
13388.137834 0.000000
15417.747374 0.000000
19010.901320 0.000000
27392.490752 0.000000
35931.316732 0.000000
41733.393907 0.000000
49093.684363 0.000000
59393.005001 0.000000
65025.501822 0.000000
62947.117505 0.000000
56831.149541 0.000000
49464.029008 0.000000
49563.076869 0.000000
40561.954110 0.000000
28292.862507 0.000000
29980.193347 0.000000
36157.930445 0.000000
43137.653902 0.000000
48505.037479 0.000000
45817.942093 0.000000
32143.386333 0.000000
31313.890182 0.000000
33582.901883 0.000000
34268.930216 0.000000
32074.511966 0.000000
26827.947703 0.000000
28638.299245 0.000000
21172.600298 0.000000
19986.152757 0.000000
18986.848035 0.000000
13262.884151 0.000000
5141.025593 0.000000
1394.172267 0.000000
1714.548262 0.000000
1865.564950 0.000000
1757.514347 0.000000
1448.892377 0.000000
1598.979006 0.000000
2181.841737 0.000000
2240.860917 0.000000
2376.606941 0.000000
2848.632709 0.000000
3469.243051 0.000000
4150.934516 0.000000
4696.510638 0.000000
5207.135919 0.000000
5453.995305 0.000000
5097.083611 0.000000
5215.697561 0.000000
4861.721986 0.000000
3154.078452 0.000000
1890.470705 0.000000
1315.171427 0.000000
1432.919593 0.000000
1820.117791 0.000000
2154.530092 0.000000
2433.237738 0.000000
2611.652485 0.000000
2533.558200 0.000000
2358.506148 0.000000
1592.059310 0.000000
1358.506981 0.000000
1139.172284 0.000000
1148.838833 0.000000
1056.280313 0.000000
570.595838 0.000000
424.452943 0.000000
201.074853 0.000000
29.524656 0.000000
43.835076 0.000000
118.353066 0.000000
516.834484 0.000000
2737.184642 0.000000
4529.205543 0.000000
6706.232670 0.000000
8508.272586 0.000000
10442.654826 0.000000
15956.405153 0.000000
20874.779713 0.000000
26442.266737 0.000000
31837.774710 0.000000
37371.316736 0.000000
39548.999772 0.000000
40915.391608 0.000000
41790.678220 0.000000
36339.915997 0.000000
26016.407300 0.000000
24392.308452 0.000000
16345.883245 0.000000
9799.482620 0.000000
12159.757333 0.000000
10435.913548 0.000000
12843.451639 0.000000
13766.363864 0.000000
6117.593255 0.000000
4728.937194 0.000000
4548.762573 0.000000
849.578446 0.000000
0.000000 0.000000
259.017759 0.000000
512.802836 0.000000
883.015041 0.000000
1002.058511 0.000000
1287.893656 0.000000
1397.779936 0.000000
1505.049876 0.000000
2195.109735 0.000000
2465.900925 0.000000
3077.460189 0.000000
3494.864471 0.000000
3950.716079 0.000000
4325.685278 0.000000
4415.446360 0.000000
4251.977876 0.000000
3653.956324 0.000000
2872.625902 0.000000
1141.121729 0.000000
694.121496 0.000000
930.582096 0.000000
1166.438227 0.000000
1330.257007 0.000000
1548.802578 0.000000
1775.911118 0.000000
1917.186183 0.000000
1889.994486 0.000000
1263.220158 0.000000
617.556927 0.000000
222.788975 0.000000
243.938884 0.000000
242.114736 0.000000
168.810505 0.000000
27.820530 0.000000
12.681900 0.000000
17.811024 0.000000
24.424400 0.000000
30.737168 0.000000
35.227500 0.000000
1556.857357 0.000000
3048.351141 0.000000
4586.339165 0.000000
7486.421784 0.000000
11705.220079 0.000000
19341.538753 0.000000
20896.856193 0.000000
26271.493960 0.000000
32106.835031 0.000000
35878.190224 0.000000
37033.765833 0.000000
29846.695066 0.000000
13889.837197 0.000000
7743.770867 0.000000
115.683732 0.000000
133.528563 0.000000
150.963168 0.000000
184.601700 0.000000
239.469391 0.000000
315.463732 0.000000
378.946191 0.000000
433.506228 0.000000
490.425123 0.000000
510.577537 0.000000
432.173195 0.000000
183.986808 0.000000
0.000000 0.000000
0.000000 0.000000
0.000000 0.000000
0.000000 0.000000
0.000000 0.000000
0.000000 0.000000
0.000000 0.000000
0.000000 0.000000
0.000000 0.000000
0.000000 0.000000
0.000000 0.000000
0.000000 0.000000
0.000000 0.000000
0.000000 0.000000
0.000000 0.000000
0.000000 0.000000
0.000000 0.000000
0.000000 0.000000
0.000000 0.000000
0.000000 0.000000
0.000000 0.000000
4.891194 0.000000
9.683576 0.000000
14.377146 0.000000
21.219877 0.000000
30.014145 0.000000
44.415994 0.000000
66.204040 0.000000
74.183109 0.000000
94.612490 0.000000
207.766143 0.000000
311.385566 0.000000
404.133591 0.000000
477.047291 0.000000
525.692032 0.000000
590.504706 0.000000
653.641290 0.000000
822.322913 0.000000
1097.936675 0.000000
1412.708727 0.000000
1780.188904 0.000000
2239.580139 0.000000
2453.877113 0.000000
2601.959465 0.000000
2514.556953 0.000000
2141.267376 0.000000
1615.942121 0.000000
1813.416990 0.000000
1853.542901 0.000000
1710.120101 0.000000
2007.450685 0.000000
2341.660812 0.000000
2492.095534 0.000000
2361.774893 0.000000
1776.008172 0.000000
682.337428 0.000000
306.941587 0.000000
450.343287 0.000000
563.869622 0.000000
651.503977 0.000000
798.114490 0.000000
934.213337 0.000000
1053.714805 0.000000
1073.963699 0.000000
827.879311 0.000000
426.129736 0.000000
258.952713 0.000000
370.411053 0.000000
440.885552 0.000000
468.482061 0.000000
533.837034 0.000000
576.107448 0.000000
587.823411 0.000000
727.876312 0.000000
861.351451 0.000000
989.325166 0.000000
1041.817316 0.000000
1023.359296 0.000000
837.594671 0.000000
527.131399 0.000000
362.714893 0.000000
87.994614 0.000000
0.000000 0.000000
15.422418 0.000000
30.533272 0.000000
45.332562 0.000000
59.820288 0.000000
89.145894 0.000000
102.746702 0.000000
154.034292 0.000000
166.077280 0.000000
216.019529 0.000000
314.014618 0.000000
369.673399 0.000000
462.053065 0.000000
481.365063 0.000000
501.075359 0.000000
462.603801 0.000000
317.339468 0.000000
95.553833 0.000000
0.000000 0.000000
0.000000 0.000000
0.000000 0.000000
0.000000 0.000000
0.000000 0.000000
0.000000 0.000000
0.000000 0.000000
0.000000 0.000000
0.000000 0.000000
0.000000 0.000000
0.000000 0.000000
0.000000 0.000000
0.000000 0.000000
0.000000 0.000000
0.000000 0.000000
0.000000 0.000000
0.000000 0.000000
0.000000 0.000000
0.000000 0.000000
0.000000 0.000000
0.000000 0.000000
0.000000 0.000000
0.000000 0.000000
0.000000 0.000000
0.000000 0.000000
0.000000 0.000000
0.000000 0.000000
0.000000 0.000000
0.000000 0.000000
0.000000 0.000000
0.000000 0.000000
0.000000 0.000000
0.000000 0.000000
0.000000 0.000000
0.000000 0.000000
0.000000 0.000000
0.000000 0.000000
0.000000 0.000000
0.000000 0.000000
0.000000 0.000000
94.555296 0.000000
187.200384 0.000000
277.935264 0.000000
366.759936 0.000000
580.225680 0.000000
858.638496 0.000000
1032.944976 0.000000
1344.308880 0.000000
1547.507256 0.000000
1727.305584 0.000000
1843.111944 0.000000
1953.904008 0.000000
2002.494924 0.000000
1758.227076 0.000000
1239.247440 0.000000
939.344784 0.000000
336.912936 0.000000
374.758932 0.000000
416.305956 0.000000
505.608180 0.000000
549.184800 0.000000
593.656830 0.000000
554.497566 0.000000
383.295174 0.000000
129.711326 0.000000
104.400576 0.000000
155.002896 0.000000
2448.111611 0.000000
4646.316099 0.000000
6799.153369 0.000000
8952.989505 0.000000
15045.338701 0.000000
18971.482625 0.000000
27474.903885 0.000000
36142.778264 0.000000
42864.557924 0.000000
50631.106964 0.000000
57969.805641 0.000000
59492.069412 0.000000
54903.095269 0.000000
32317.578935 0.000000
32311.757116 0.000000
35340.639425 0.000000
36248.137640 0.000000
28316.380708 0.000000
29249.285743 0.000000
26878.444028 0.000000
27945.736208 0.000000
29800.050196 0.000000
24777.134312 0.000000
16994.063004 0.000000
5909.356541 0.000000
1831.777581 0.000000
2168.503068 0.000000
2560.096621 0.000000
3121.281009 0.000000
3649.994820 0.000000
3918.607515 0.000000
3861.410340 0.000000
2403.428392 0.000000
1654.384362 0.000000
1138.589746 0.000000
494.752086 0.000000
677.834569 0.000000
1019.031999 0.000000
1253.083476 0.000000
1601.556711 0.000000
1898.482867 0.000000
2382.595670 0.000000
2555.494405 0.000000
2563.567640 0.000000
2125.906609 0.000000
1004.173326 0.000000
626.268283 0.000000
816.385478 0.000000
905.852442 0.000000
1090.117901 0.000000
1216.775940 0.000000
1276.593787 0.000000
1180.364604 0.000000
944.993518 0.000000
519.374979 0.000000
620.935333 0.000000
756.628099 0.000000
1772.171456 0.000000
2629.521439 0.000000
3186.724315 0.000000
4206.457169 0.000000
7314.893159 0.000000
9824.027917 0.000000
12046.202406 0.000000
15364.292957 0.000000
18500.704175 0.000000
21808.474814 0.000000
23308.777842 0.000000
22541.201891 0.000000
18220.670138 0.000000
12538.141383 0.000000
12599.044337 0.000000
11807.989913 0.000000
9076.931811 0.000000
8108.447082 0.000000
9521.659383 0.000000
9879.716156 0.000000
9928.243291 0.000000
7215.491840 0.000000
6272.407677 0.000000
6537.553021 0.000000
5966.258933 0.000000
3588.100035 0.000000
3404.253542 0.000000
3639.649632 0.000000
3967.191851 0.000000
4131.040369 0.000000
3662.670117 0.000000
2293.645330 0.000000
1193.730464 0.000000
563.696303 0.000000
863.364897 0.000000
1272.305586 0.000000
1689.345976 0.000000
2065.140444 0.000000
2154.192007 0.000000
2605.569903 0.000000
3219.225004 0.000000
3998.114965 0.000000
4766.330150 0.000000
5221.251173 0.000000
5960.617868 0.000000
6238.978411 0.000000
4504.659477 0.000000
3566.138404 0.000000
2899.886615 0.000000
1212.093250 0.000000
1637.916627 0.000000
1723.119074 0.000000
2097.737603 0.000000
2443.694082 0.000000
2597.958476 0.000000
2799.786180 0.000000
2461.283431 0.000000
998.117696 0.000000
33.504125 0.000000
0.000000 0.000000
0.000000 0.000000
0.000000 0.000000
0.000000 0.000000
0.000000 0.000000
0.000000 0.000000
0.000000 0.000000
0.000000 0.000000
0.000000 0.000000
0.000000 0.000000
0.000000 0.000000
0.000000 0.000000
0.000000 0.000000
0.000000 0.000000
0.000000 0.000000
0.000000 0.000000
0.000000 0.000000
0.000000 0.000000
0.000000 0.000000
0.000000 0.000000
0.000000 0.000000
0.000000 0.000000
0.000000 0.000000
0.000000 0.000000
0.000000 0.000000
0.000000 0.000000
0.000000 0.000000
0.000000 0.000000
0.000000 0.000000
0.000000 0.000000
0.000000 0.000000
0.000000 0.000000
0.000000 0.000000
0.000000 0.000000
0.000000 0.000000
0.000000 0.000000
0.000000 0.000000
0.000000 0.000000
0.000000 0.000000
0.000000 0.000000
0.000000 0.000000
0.000000 0.000000
0.000000 0.000000
0.000000 0.000000
0.000000 0.000000
0.000000 0.000000
0.000000 0.000000
0.000000 0.000000
0.000000 0.000000
0.000000 0.000000
0.000000 0.000000
0.000000 0.000000
0.000000 0.000000
0.000000 0.000000
0.000000 0.000000
0.000000 0.000000
6.167601 0.000000
6.167601 0.000000
12.210604 0.000000
23.922816 0.000000
35.136636 0.000000
60.928500 0.000000
78.870744 0.000000
104.304364 0.000000
116.748600 0.000000
137.190354 0.000000
142.960760 0.000000
143.217516 0.000000
110.408768 0.000000
60.701841 0.000000
27.789302 0.000000
31.683059 0.000000
34.245234 0.000000
34.728342 0.000000
29.281676 0.000000
19.170162 0.000000
17.592113 0.000000
11.842608 0.000000
7.813261 0.000000
8.718626 0.000000
9.345544 0.000000
9.179080 0.000000
7.287154 0.000000
4.454825 0.000000
4.604223 0.000000
4.791550 0.000000
4.557670 0.000000
4.011823 0.000000
1.770654 0.000000
0.749784 0.000000
0.702952 0.000000
0.848028 0.000000
1.018197 0.000000
1.185789 0.000000
1.181898 0.000000
0.977757 0.000000
0.516379 0.000000
0.501687 0.000000
0.581866 0.000000
0.627460 0.000000
0.583996 0.000000
157.929985 0.000000
312.086697 0.000000
463.116844 0.000000
611.123258 0.000000
921.614828 0.000000
1195.296249 0.000000
1775.791487 0.000000
2042.290849 0.000000
2773.614188 0.000000
3221.001682 0.000000
3697.439129 0.000000
3995.034332 0.000000
4064.361616 0.000000
3872.112656 0.000000
2524.756169 0.000000
786.575156 0.000000
247.350693 0.000000
326.400914 0.000000
403.751130 0.000000
479.401342 0.000000
660.876888 0.000000
796.877337 0.000000
889.527694 0.000000
987.915574 0.000000
1179.166167 0.000000
1255.241392 0.000000
1354.054205 0.000000
1599.279900 0.000000
1730.180235 0.000000
1854.067966 0.000000
1821.767605 0.000000
1507.584949 0.000000
1114.883565 0.000000
589.901396 0.000000
72.568854 0.000000
0.000000 0.000000
0.000000 0.000000
0.000000 0.000000
0.000000 0.000000
0.000000 0.000000
0.000000 0.000000
0.000000 0.000000
0.000000 0.000000
0.000000 0.000000
0.000000 0.000000
0.000000 0.000000
0.000000 0.000000
0.000000 0.000000
0.000000 0.000000
0.000000 0.000000
0.000000 0.000000
9.819018 0.000000
26.837186 0.000000
43.405268 0.000000
56.972124 0.000000
65.798253 0.000000
74.426017 0.000000
86.901872 0.000000
106.716125 0.000000
141.855232 0.000000
183.210868 0.000000
217.140796 0.000000
255.681945 0.000000
283.620175 0.000000
287.330407 0.000000
250.416962 0.000000
179.230913 0.000000
36.972210 0.000000
0.000000 0.000000
0.000000 0.000000
0.000000 0.000000
0.000000 0.000000
0.000000 0.000000
0.000000 0.000000
0.000000 0.000000
0.000000 0.000000
0.000000 0.000000
0.000000 0.000000
0.000000 0.000000
0.000000 0.000000
0.000000 0.000000
0.000000 0.000000
0.000000 0.000000
0.000000 0.000000
0.000000 0.000000
0.000000 0.000000
0.000000 0.000000
0.000000 0.000000
0.000000 0.000000
0.000000 0.000000
0.000000 0.000000
0.000000 0.000000
0.000000 0.000000
0.000000 0.000000
0.000000 0.000000
0.000000 0.000000
0.000000 0.000000
44.248842 0.000000
87.603768 0.000000
171.631872 0.000000
328.961088 0.000000
402.262200 0.000000
521.823465 0.000000
645.183873 0.000000
791.115660 0.000000
1015.041618 0.000000
1091.471436 0.000000
1106.221050 0.000000
1026.886005 0.000000
602.834576 0.000000
21.900844 0.000000
42.907776 0.000000
67.881399 0.000000
72.630264 0.000000
89.956214 0.000000
124.358191 0.000000
144.382314 0.000000
208.617954 0.000000
261.227228 0.000000
285.105777 0.000000
328.991607 0.000000
351.764633 0.000000
319.822566 0.000000
266.167504 0.000000
274.977247 0.000000
258.117174 0.000000
207.479521 0.000000
171.824148 0.000000
175.811048 0.000000
149.173122 0.000000
81.502116 0.000000
56.451957 0.000000
66.154638 0.000000
78.521184 0.000000
85.904030 0.000000
87.544642 0.000000
82.763768 0.000000
58.039375 0.000000
18.628728 0.000000
0.873182 0.000000
1.728725 0.000000
1.728725 0.000000
2.566627 0.000000
4.581968 0.000000
5.732948 0.000000
7.563075 0.000000
9.591628 0.000000
12.173665 0.000000
14.718177 0.000000
16.594643 0.000000
17.406057 0.000000
19.875737 0.000000
20.502087 0.000000
18.229024 0.000000
12.666163 0.000000
10.646159 0.000000
10.315458 0.000000
8.885469 0.000000
6.097179 0.000000
6.441186 0.000000
6.180668 0.000000
4.901187 0.000000
2.570008 0.000000
1.775604 0.000000
0.642647 0.000000
0.846588 0.000000
1.003465 0.000000
1.084381 0.000000
1.234653 0.000000
1.358228 0.000000
1.369237 0.000000
1.237130 0.000000
0.671270 0.000000
0.000000 0.000000
0.000000 0.000000
0.000000 0.000000
0.000000 0.000000
0.000000 0.000000
0.000000 0.000000
0.000000 0.000000
0.000000 0.000000
0.000000 0.000000
0.000000 0.000000
0.000000 0.000000
0.000000 0.000000
0.000000 0.000000
0.000000 0.000000
0.000000 0.000000
0.000000 0.000000
0.000000 0.000000
0.000000 0.000000
0.000000 0.000000
0.000000 0.000000
0.000000 0.000000
0.000000 0.000000
0.000000 0.000000
0.000000 0.000000
0.000000 0.000000
0.000000 0.000000
1.210176 0.000000
2.395904 0.000000
3.557184 0.000000
5.250208 0.000000
6.350368 0.000000
10.506528 0.000000
14.705472 0.000000
19.509504 0.000000
22.247680 0.000000
25.059200 0.000000
28.442192 0.000000
30.135216 0.000000
225.116851 0.000000
399.868269 0.000000
750.748494 0.000000
929.439660 0.000000
1107.168231 0.000000
1523.797383 0.000000
1848.685041 0.000000
2503.274268 0.000000
3455.949371 0.000000
3793.972296 0.000000
4455.558321 0.000000
4745.546994 0.000000
4612.961756 0.000000
3839.997105 0.000000
1923.459576 0.000000
543.906622 0.000000
0.000000 0.000000
0.000000 0.000000
0.000000 0.000000
0.000000 0.000000
0.000000 0.000000
0.000000 0.000000
0.000000 0.000000
0.000000 0.000000
0.000000 0.000000
0.000000 0.000000
0.000000 0.000000
0.000000 0.000000
0.000000 0.000000
0.000000 0.000000
0.000000 0.000000
0.000000 0.000000
0.000000 0.000000
0.000000 0.000000
0.000000 0.000000
0.000000 0.000000
0.000000 0.000000
0.000000 0.000000
0.000000 0.000000
0.000000 0.000000
0.000000 0.000000
0.000000 0.000000
0.000000 0.000000
0.000000 0.000000
0.000000 0.000000
0.000000 0.000000
0.000000 0.000000
0.000000 0.000000
0.000000 0.000000
0.000000 0.000000
0.000000 0.000000
0.000000 0.000000
7.639137 0.000000
15.123948 0.000000
22.454433 0.000000
29.630592 0.000000
43.519932 0.000000
69.369457 0.000000
89.933367 0.000000
115.860087 0.000000
127.318776 0.000000
155.676159 0.000000
178.014873 0.000000
185.171873 0.000000
166.633887 0.000000
96.657442 0.000000
68.155045 0.000000
12.770544 0.000000
0.000000 0.000000
0.000000 0.000000
0.000000 0.000000
0.000000 0.000000
0.000000 0.000000
0.000000 0.000000
0.000000 0.000000
0.000000 0.000000
0.000000 0.000000
0.000000 0.000000
0.000000 0.000000
0.000000 0.000000
0.000000 0.000000
0.000000 0.000000
0.000000 0.000000
0.000000 0.000000
0.000000 0.000000
0.000000 0.000000
0.000000 0.000000
0.000000 0.000000
0.000000 0.000000
0.000000 0.000000
0.000000 0.000000
0.000000 0.000000
0.000000 0.000000
0.000000 0.000000
0.000000 0.000000
0.000000 0.000000
0.000000 0.000000
0.000000 0.000000
0.000000 0.000000
0.000000 0.000000
0.000000 0.000000
0.000000 0.000000
0.000000 0.000000
0.000000 0.000000
0.000000 0.000000
0.000000 0.000000
27.751482 0.000000
54.942328 0.000000
81.572538 0.000000
107.642112 0.000000
145.625201 0.000000
157.819034 0.000000
233.855253 0.000000
309.681276 0.000000
381.652890 0.000000
462.945120 0.000000
543.746741 0.000000
617.680629 0.000000
603.069090 0.000000
479.799465 0.000000
393.671945 0.000000
339.325148 0.000000
194.750993 0.000000
112.266885 0.000000
0.000000 0.000000
0.000000 0.000000
0.000000 0.000000
0.000000 0.000000
0.000000 0.000000
0.000000 0.000000
0.000000 0.000000
0.000000 0.000000
0.000000 0.000000
0.000000 0.000000
0.000000 0.000000
0.000000 0.000000
0.000000 0.000000
0.000000 0.000000
0.000000 0.000000
0.000000 0.000000
0.000000 0.000000
0.000000 0.000000
0.000000 0.000000
0.000000 0.000000
0.000000 0.000000
0.000000 0.000000
0.000000 0.000000
0.000000 0.000000
30.619215 0.000000
60.619860 0.000000
104.383641 0.000000
139.719431 0.000000
207.452807 0.000000
239.695751 0.000000
295.444360 0.000000
368.976791 0.000000
435.125104 0.000000
525.629582 0.000000
607.899433 0.000000
690.169282 0.000000
733.933317 0.000000
655.162755 0.000000
455.403683 0.000000
216.210400 0.000000
14.845824 0.000000
0.000000 0.000000
0.000000 0.000000
0.000000 0.000000
0.000000 0.000000
0.000000 0.000000
0.000000 0.000000
0.000000 0.000000
0.000000 0.000000
0.000000 0.000000
0.000000 0.000000
0.000000 0.000000
0.000000 0.000000
0.000000 0.000000
0.000000 0.000000
0.000000 0.000000
0.000000 0.000000
0.000000 0.000000
0.301950 0.000000
0.597800 0.000000
1.171200 0.000000
1.720200 0.000000
2.244800 0.000000
2.745000 0.000000
4.300500 0.000000
5.657010 0.000000
6.585728 0.000000
7.402348 0.000000
7.278795 0.000000
5.877286 0.000000
2.859375 0.000000
0.858487 0.000000
0.000000 0.000000
0.000000 0.000000
0.000000 0.000000
0.000000 0.000000
0.000000 0.000000
0.000000 0.000000
0.000000 0.000000
0.000000 0.000000
0.000000 0.000000
0.000000 0.000000
0.000000 0.000000
0.000000 0.000000
0.000000 0.000000
0.000000 0.000000
0.000000 0.000000
0.000000 0.000000
0.000000 0.000000
0.000000 0.000000
0.000000 0.000000
0.000000 0.000000
0.000000 0.000000
0.000000 0.000000
0.000000 0.000000
0.000000 0.000000
0.000000 0.000000
0.000000 0.000000
0.000000 0.000000
0.000000 0.000000
0.000000 0.000000
0.000000 0.000000
0.000000 0.000000
0.000000 0.000000
0.000000 0.000000
0.000000 0.000000
0.000000 0.000000
0.000000 0.000000
0.000000 0.000000
0.000000 0.000000
0.000000 0.000000
0.000000 0.000000
0.000000 0.000000
0.000000 0.000000
0.000000 0.000000
0.000000 0.000000
0.000000 0.000000
0.000000 0.000000
0.000000 0.000000
0.000000 0.000000
0.000000 0.000000
0.000000 0.000000
0.000000 0.000000
0.000000 0.000000
0.000000 0.000000
0.000000 0.000000
0.000000 0.000000
0.000000 0.000000
0.000000 0.000000
0.000000 0.000000
0.000000 0.000000
0.000000 0.000000
0.000000 0.000000
0.000000 0.000000
0.000000 0.000000
0.000000 0.000000
0.000000 0.000000
0.000000 0.000000
0.000000 0.000000
0.000000 0.000000
0.000000 0.000000
0.000000 0.000000
0.000000 0.000000
0.000000 0.000000
0.000000 0.000000
0.000000 0.000000
0.000000 0.000000
0.000000 0.000000
0.000000 0.000000
0.000000 0.000000
0.000000 0.000000
0.000000 0.000000
0.000000 0.000000
0.000000 0.000000
0.000000 0.000000
0.000000 0.000000
0.000000 0.000000
0.000000 0.000000
0.000000 0.000000
0.257994 0.000000
0.510776 0.000000
1.000704 0.000000
1.583145 0.000000
1.807261 0.000000
2.548668 0.000000
3.127200 0.000000
3.987180 0.000000
12.719709 0.000000
21.046718 0.000000
36.387865 0.000000
43.629357 0.000000
42.380390 0.000000
47.157009 0.000000
52.606257 0.000000
64.464057 0.000000
83.035392 0.000000
105.681408 0.000000
128.130844 0.000000
158.443480 0.000000
179.556172 0.000000
195.321888 0.000000
177.669004 0.000000
91.763544 0.000000
69.471372 0.000000
83.418723 0.000000
94.623783 0.000000
96.992572 0.000000
83.625132 0.000000
54.285567 0.000000
12.797358 0.000000
0.000000 0.000000
0.000000 0.000000
0.000000 0.000000
0.000000 0.000000
0.000000 0.000000
0.000000 0.000000
0.000000 0.000000
0.000000 0.000000
0.000000 0.000000
0.000000 0.000000
0.000000 0.000000
0.000000 0.000000
0.000000 0.000000
0.000000 0.000000
0.000000 0.000000
0.000000 0.000000
0.000000 0.000000
0.000000 0.000000
0.000000 0.000000
0.000000 0.000000
0.000000 0.000000
0.000000 0.000000
0.000000 0.000000
0.000000 0.000000
0.000000 0.000000
0.000000 0.000000
0.000000 0.000000
0.000000 0.000000
0.000000 0.000000
0.000000 0.000000
0.000000 0.000000
0.000000 0.000000
0.000000 0.000000
0.000000 0.000000
0.000000 0.000000
0.000000 0.000000
0.000000 0.000000
0.000000 0.000000
0.000000 0.000000
0.000000 0.000000
0.000000 0.000000
0.000000 0.000000
0.000000 0.000000
0.000000 0.000000
0.000000 0.000000
0.000000 0.000000
0.000000 0.000000
0.000000 0.000000
0.000000 0.000000
0.000000 0.000000
0.000000 0.000000
0.000000 0.000000
0.000000 0.000000
0.000000 0.000000
0.000000 0.000000
0.000000 0.000000
0.000000 0.000000
0.000000 0.000000
0.000000 0.000000
0.000000 0.000000
0.000000 0.000000
0.000000 0.000000
0.000000 0.000000
0.000000 0.000000
0.000000 0.000000
0.000000 0.000000
0.000000 0.000000
0.000000 0.000000
0.000000 0.000000
0.000000 0.000000
0.000000 0.000000
0.000000 0.000000
0.000000 0.000000
17.428851 0.000000
34.505604 0.000000
51.230259 0.000000
91.457411 0.000000
121.737756 0.000000
170.767296 0.000000
196.294339 0.000000
244.003584 0.000000
289.600235 0.000000
303.067976 0.000000
347.388255 0.000000
381.717951 0.000000
372.343731 0.000000
309.164730 0.000000
232.253655 0.000000
184.714535 0.000000
88.524604 0.000000
49.787765 0.000000
73.919590 0.000000
120.405137 0.000000
143.012846 0.000000
165.112516 0.000000
223.754564 0.000000
292.289419 0.000000
343.016774 0.000000
393.312573 0.000000
506.152402 0.000000
576.251604 0.000000
635.216042 0.000000
619.682072 0.000000
537.323345 0.000000
308.276594 0.000000
186.951833 0.000000
173.986370 0.000000
253.371227 0.000000
270.529543 0.000000
378.353414 0.000000
426.238222 0.000000
488.685621 0.000000
594.246967 0.000000
648.678263 0.000000
758.891285 0.000000
912.797225 0.000000
1011.504503 0.000000
1012.561051 0.000000
808.812046 0.000000
589.658933 0.000000
391.378094 0.000000
53.235077 0.000000
59.333519 0.000000
70.632851 0.000000
83.074105 0.000000
104.248319 0.000000
129.558061 0.000000
153.777044 0.000000
155.786672 0.000000
156.349864 0.000000
150.900588 0.000000
94.686563 0.000000
0.000000 0.000000
0.000000 0.000000
0.000000 0.000000
0.000000 0.000000
0.000000 0.000000
0.000000 0.000000
0.000000 0.000000
0.000000 0.000000
0.000000 0.000000
0.000000 0.000000
0.000000 0.000000
0.000000 0.000000
0.000000 0.000000
0.000000 0.000000
0.000000 0.000000
0.000000 0.000000
0.000000 0.000000
0.000000 0.000000
0.000000 0.000000
0.000000 0.000000
0.000000 0.000000
0.000000 0.000000
0.000000 0.000000
0.000000 0.000000
0.000000 0.000000
0.000000 0.000000
0.000000 0.000000
0.000000 0.000000
9.218583 0.000000
18.250932 0.000000
27.097047 0.000000
44.230575 0.000000
52.517988 0.000000
60.619167 0.000000
76.262823 0.000000
121.936677 0.000000
146.147101 0.000000
177.736989 0.000000
214.634591 0.000000
227.170511 0.000000
228.183232 0.000000
211.922854 0.000000
146.275710 0.000000
84.888549 0.000000
98.105436 0.000000
109.943129 0.000000
110.880221 0.000000
102.057504 0.000000
77.812196 0.000000
40.693440 0.000000
41.319090 0.000000
36.476850 0.000000
24.134085 0.000000
7.362300 0.000000
1.270215 0.000000
1.676160 0.000000
1.676160 0.000000
2.651781 0.000000
3.570652 0.000000
4.592132 0.000000
6.425408 0.000000
8.167015 0.000000
9.670773 0.000000
10.669206 0.000000
10.593784 0.000000
7.441895 0.000000
2.207093 0.000000
0.000000 0.000000
0.000000 0.000000
0.000000 0.000000
0.000000 0.000000
0.000000 0.000000
0.000000 0.000000
0.000000 0.000000
0.000000 0.000000
0.000000 0.000000
0.000000 0.000000
0.000000 0.000000
0.000000 0.000000
0.000000 0.000000
0.000000 0.000000
0.000000 0.000000
0.000000 0.000000
0.000000 0.000000
0.000000 0.000000
0.000000 0.000000
0.000000 0.000000
0.000000 0.000000
0.000000 0.000000
0.000000 0.000000
0.000000 0.000000
0.000000 0.000000
0.000000 0.000000
0.000000 0.000000
0.000000 0.000000
44.132478 0.000000
86.892312 0.000000
132.510444 0.000000
190.323507 0.000000
272.015243 0.000000
324.380299 0.000000
374.112387 0.000000
506.458503 0.000000
605.612414 0.000000
715.149863 0.000000
754.514305 0.000000
747.223458 0.000000
668.081147 0.000000
359.728160 0.000000
871.692173 0.000000
1389.877574 0.000000
2032.523125 0.000000
3262.189960 0.000000
4434.971874 0.000000
6106.945640 0.000000
6636.008029 0.000000
7647.937180 0.000000
10538.692612 0.000000
13000.520455 0.000000
14514.848921 0.000000
16297.618051 0.000000
15305.774162 0.000000
8054.573715 0.000000
4770.705842 0.000000
5723.899804 0.000000
6859.038855 0.000000
7544.444637 0.000000
7853.705825 0.000000
7109.481619 0.000000
5201.455532 0.000000
3423.311852 0.000000
1993.694626 0.000000
957.247863 0.000000
546.987889 0.000000
320.199097 0.000000
357.294758 0.000000
568.619965 0.000000
600.599011 0.000000
676.709105 0.000000
774.138593 0.000000
933.484331 0.000000
1015.350883 0.000000
1221.594862 0.000000
1380.954564 0.000000
1420.450913 0.000000
1262.795548 0.000000
847.926026 0.000000
404.534977 0.000000
50.633429 0.000000
69.394447 0.000000
78.455166 0.000000
112.566108 0.000000
135.910783 0.000000
196.937412 0.000000
227.877111 0.000000
242.880600 0.000000
257.217842 0.000000
258.843411 0.000000
219.855610 0.000000
118.721855 0.000000
124.024915 0.000000
132.086274 0.000000
124.411321 0.000000
105.090713 0.000000
34.843600 0.000000
40.772946 0.000000
48.181375 0.000000
59.960333 0.000000
64.011046 0.000000
64.497454 0.000000
61.959299 0.000000
56.876191 0.000000
37.782762 0.000000
26.227005 0.000000
12.264032 0.000000
9.772296 0.000000
11.471216 0.000000
14.893259 0.000000
17.722321 0.000000
18.808293 0.000000
17.537387 0.000000
10.525949 0.000000
3.592161 0.000000
0.432750 0.000000
0.000000 0.000000
0.000000 0.000000
0.000000 0.000000
0.000000 0.000000
0.000000 0.000000
0.000000 0.000000
0.000000 0.000000
0.000000 0.000000
0.000000 0.000000
0.000000 0.000000
0.000000 0.000000
0.000000 0.000000
0.000000 0.000000
0.000000 0.000000
0.000000 0.000000
0.000000 0.000000
0.000000 0.000000
0.000000 0.000000
0.000000 0.000000
0.000000 0.000000
0.000000 0.000000
0.000000 0.000000
0.000000 0.000000
0.000000 0.000000
0.000000 0.000000
0.000000 0.000000
0.000000 0.000000
0.000000 0.000000
0.000000 0.000000
0.000000 0.000000
0.000000 0.000000
0.000000 0.000000
0.000000 0.000000
0.000000 0.000000
0.000000 0.000000
0.000000 0.000000
0.000000 0.000000
0.000000 0.000000
0.000000 0.000000
0.000000 0.000000
0.000000 0.000000
0.000000 0.000000
0.000000 0.000000
0.000000 0.000000
0.000000 0.000000
0.000000 0.000000
0.000000 0.000000
0.000000 0.000000
0.000000 0.000000
0.000000 0.000000
0.000000 0.000000
0.000000 0.000000
0.000000 0.000000
0.000000 0.000000
268.793680 0.000000
532.157184 0.000000
790.090513 0.000000
1289.666645 0.000000
1998.304527 0.000000
3070.764158 0.000000
3646.362717 0.000000
4087.564452 0.000000
4941.459522 0.000000
5477.689299 0.000000
6157.818772 0.000000
6470.053880 0.000000
6353.305196 0.000000
5645.346221 0.000000
3087.055162 0.000000
3321.910282 0.000000
3385.036080 0.000000
2996.226997 0.000000
1376.932877 0.000000
865.434330 0.000000
1043.951398 0.000000
1182.081513 0.000000
1419.312351 0.000000
1503.819466 0.000000
1590.362906 0.000000
1631.937617 0.000000
1521.423106 0.000000
1018.088530 0.000000
882.949071 0.000000
857.452772 0.000000
684.717353 0.000000
339.507377 0.000000
72.798328 0.000000
44.056447 0.000000
66.124157 0.000000
73.782422 0.000000
77.572661 0.000000
108.537278 0.000000
121.111813 0.000000
120.020662 0.000000
15.573872 0.000000
4.864706 0.000000
6.585861 0.000000
7.781166 0.000000
9.301506 0.000000
11.244960 0.000000
11.901106 0.000000
11.567566 0.000000
9.643084 0.000000
3.284687 0.000000
0.117208 0.000000
0.229632 0.000000
0.284050 0.000000
23.642296 0.000000
23.741566 0.000000
46.661670 0.000000
90.936280 0.000000
635.386276 0.000000
1152.347749 0.000000
1667.843020 0.000000
2231.822019 0.000000
2688.786031 0.000000
3540.738599 0.000000
3956.598312 0.000000
5139.880581 0.000000
6167.692357 0.000000
7974.062956 0.000000
9174.656239 0.000000
10852.512753 0.000000
11343.416196 0.000000
11205.050940 0.000000
9080.687753 0.000000
4784.687706 0.000000
170.351346 0.000000
76.508544 0.000000
112.371924 0.000000
202.727756 0.000000
280.929876 0.000000
357.737295 0.000000
421.095951 0.000000
462.637680 0.000000
494.665606 0.000000
473.097655 0.000000
321.026654 0.000000
115.110910 0.000000
44.829000 0.000000
62.941327 0.000000
79.002451 0.000000
92.581658 0.000000
104.381024 0.000000
115.107315 0.000000
124.301273 0.000000
113.469522 0.000000
82.902861 0.000000
36.734811 0.000000
1.232748 0.000000
0.000000 0.000000
0.000000 0.000000
0.000000 0.000000
0.000000 0.000000
0.000000 0.000000
0.000000 0.000000
0.000000 0.000000
0.000000 0.000000
0.000000 0.000000
0.000000 0.000000
0.000000 0.000000
0.000000 0.000000
0.000000 0.000000
0.000000 0.000000
0.000000 0.000000
0.000000 0.000000
0.000000 0.000000
13.406778 0.000000
26.542712 0.000000
52.002048 0.000000
70.351729 0.000000
99.128904 0.000000
125.603905 0.000000
165.147129 0.000000
189.793933 0.000000
218.841952 0.000000
246.975865 0.000000
263.666642 0.000000
253.306897 0.000000
209.396365 0.000000
138.502972 0.000000
53.593397 0.000000
0.000000 0.000000
0.000000 0.000000
0.000000 0.000000
0.000000 0.000000
0.000000 0.000000
0.000000 0.000000
0.000000 0.000000
0.000000 0.000000
0.000000 0.000000
0.000000 0.000000
0.000000 0.000000
0.000000 0.000000
0.000000 0.000000
0.000000 0.000000
0.000000 0.000000
0.000000 0.000000
0.000000 0.000000
0.000000 0.000000
0.000000 0.000000
0.000000 0.000000
0.000000 0.000000
0.000000 0.000000
0.000000 0.000000
0.000000 0.000000
0.000000 0.000000
0.000000 0.000000
0.000000 0.000000
0.000000 0.000000
0.000000 0.000000
0.000000 0.000000
0.000000 0.000000
0.000000 0.000000
0.000000 0.000000
0.000000 0.000000
0.000000 0.000000
0.000000 0.000000
0.000000 0.000000
0.000000 0.000000
0.000000 0.000000
0.000000 0.000000
0.000000 0.000000
0.000000 0.000000
0.000000 0.000000
0.000000 0.000000
0.000000 0.000000
0.000000 0.000000
0.000000 0.000000
0.000000 0.000000
0.000000 0.000000
0.000000 0.000000
0.000000 0.000000
0.000000 0.000000
0.000000 0.000000
0.000000 0.000000
0.000000 0.000000
0.000000 0.000000
0.000000 0.000000
0.000000 0.000000
0.000000 0.000000
0.000000 0.000000
0.000000 0.000000
0.000000 0.000000
0.000000 0.000000
0.000000 0.000000
0.000000 0.000000
0.000000 0.000000
9.283428 0.000000
18.379312 0.000000
40.275074 0.000000
48.714554 0.000000
65.030882 0.000000
80.597034 0.000000
109.291266 0.000000
142.134909 0.000000
220.649641 0.000000
293.246619 0.000000
306.047844 0.000000
282.976531 0.000000
213.938871 0.000000
56.891300 0.000000
38.897916 0.000000
51.848875 0.000000
57.757420 0.000000
64.658124 0.000000
69.216331 0.000000
72.081011 0.000000
63.460461 0.000000
43.007800 0.000000
29.265580 0.000000
6.945260 0.000000
0.000000 0.000000
0.000000 0.000000
0.000000 0.000000
0.000000 0.000000
0.000000 0.000000
0.000000 0.000000
0.000000 0.000000
0.000000 0.000000
0.000000 0.000000
0.000000 0.000000
0.000000 0.000000
0.000000 0.000000
0.000000 0.000000
0.000000 0.000000
0.000000 0.000000
0.000000 0.000000
0.000000 0.000000
0.000000 0.000000
0.000000 0.000000
0.000000 0.000000
0.000000 0.000000
0.000000 0.000000
0.000000 0.000000
0.000000 0.000000
0.000000 0.000000
0.000000 0.000000
0.000000 0.000000
0.000000 0.000000
0.000000 0.000000
0.000000 0.000000
0.000000 0.000000
0.000000 0.000000
0.000000 0.000000
0.000000 0.000000
0.000000 0.000000
0.000000 0.000000
0.000000 0.000000
0.000000 0.000000
0.000000 0.000000
0.000000 0.000000
0.000000 0.000000
0.000000 0.000000
0.000000 0.000000
0.000000 0.000000
0.000000 0.000000
0.000000 0.000000
0.000000 0.000000
0.000000 0.000000
0.000000 0.000000
0.000000 0.000000
0.000000 0.000000
0.000000 0.000000
0.000000 0.000000
0.000000 0.000000
0.000000 0.000000
0.000000 0.000000
0.000000 0.000000
0.000000 0.000000
0.000000 0.000000
0.000000 0.000000
0.000000 0.000000
0.000000 0.000000
0.000000 0.000000
0.000000 0.000000
365.852173 0.000000
724.313392 0.000000
1423.538198 0.000000
1759.779764 0.000000
2410.090037 0.000000
3476.048143 0.000000
4318.476397 0.000000
4711.951369 0.000000
6544.533342 0.000000
7564.506271 0.000000
8254.834253 0.000000
8918.897826 0.000000
8874.662627 0.000000
7502.602829 0.000000
4011.549515 0.000000
0.000000 0.000000
0.000000 0.000000
117.138285 0.000000
231.910140 0.000000
231.910140 0.000000
454.354560 0.000000
667.333260 0.000000
870.846240 0.000000
1433.635599 0.000000
1717.015559 0.000000
2038.258408 0.000000
2190.301464 0.000000
2524.912100 0.000000
2800.094268 0.000000
2942.969456 0.000000
2694.820821 0.000000
1626.571669 0.000000
1529.769493 0.000000
1610.054437 0.000000
1561.927116 0.000000
1205.026857 0.000000
487.010240 0.000000
77.125307 0.000000
104.497745 0.000000
124.864953 0.000000
157.128973 0.000000
173.319661 0.000000
200.017301 0.000000
210.713717 0.000000
211.786150 0.000000
213.682695 0.000000
215.244746 0.000000
243.398011 0.000000
252.528864 0.000000
239.644104 0.000000
198.506044 0.000000
63.044185 0.000000
18.808480 0.000000
28.877224 0.000000
34.320433 0.000000
39.955395 0.000000
48.497183 0.000000
53.454839 0.000000
58.942775 0.000000
61.648285 0.000000
55.166571 0.000000
26.074737 0.000000
12.975159 0.000000
3.034775 0.000000
4.159239 0.000000
4.967406 0.000000
7.219496 0.000000
8.787969 0.000000
10.196724 0.000000
12.190020 0.000000
14.095496 0.000000
15.199296 0.000000
14.900864 0.000000
11.912917 0.000000
7.053111 0.000000
7.412544 0.000000
7.737513 0.000000
7.353909 0.000000
6.596441 0.000000
4.301857 0.000000
3.981378 0.000000
4.143913 0.000000
3.863594 0.000000
3.073851 0.000000
0.796395 0.000000
0.000000 0.000000
0.000000 0.000000
0.000000 0.000000
0.000000 0.000000
0.000000 0.000000
0.000000 0.000000
0.000000 0.000000
0.000000 0.000000
0.000000 0.000000
0.000000 0.000000
0.000000 0.000000
0.000000 0.000000
0.000000 0.000000
0.000000 0.000000
0.000000 0.000000
0.000000 0.000000
0.000000 0.000000
0.000000 0.000000
0.000000 0.000000
0.000000 0.000000
0.000000 0.000000
0.000000 0.000000
0.000000 0.000000
0.000000 0.000000
0.000000 0.000000
0.000000 0.000000
0.000000 0.000000
0.000000 0.000000
0.000000 0.000000
0.000000 0.000000
0.000000 0.000000
0.000000 0.000000
0.000000 0.000000
0.000000 0.000000
0.000000 0.000000
0.000000 0.000000
0.000000 0.000000
0.000000 0.000000
0.000000 0.000000
0.000000 0.000000
0.000000 0.000000
0.000000 0.000000
0.000000 0.000000
0.000000 0.000000
0.000000 0.000000
0.000000 0.000000
0.000000 0.000000
0.000000 0.000000
0.000000 0.000000
0.000000 0.000000
0.000000 0.000000
0.000000 0.000000
0.000000 0.000000
0.000000 0.000000
0.000000 0.000000
0.000000 0.000000
0.000000 0.000000
0.000000 0.000000
0.000000 0.000000
0.000000 0.000000
0.000000 0.000000
0.000000 0.000000
0.000000 0.000000
0.000000 0.000000
0.000000 0.000000
0.000000 0.000000
0.000000 0.000000
0.000000 0.000000
0.000000 0.000000
0.000000 0.000000
0.000000 0.000000
0.000000 0.000000
