31412060.000358 0.000000
31114020.200947 0.000000
30916350.445983 0.000000
30804041.443352 0.000000
30277737.067610 0.000000
30219906.652857 0.000000
30132352.392117 0.000000
30034819.686844 0.000000
29727673.724439 0.000000
29676025.263361 0.000000
30119070.842418 0.000000
29766771.434006 0.000000
29611991.642533 0.000000
28515010.178060 0.000000
27458415.360555 0.000000
26504544.115655 0.000000
25974101.590815 0.000000
24336554.357871 0.000000
23131806.121637 0.000000
21380472.175240 0.000000
20307844.248981 0.000000
19916183.416506 0.000000
20679777.942716 0.000000
20124077.868265 0.000000
18170084.417751 0.000000
16722607.213325 0.000000
12305854.107449 0.000000
5959452.427813 0.000000
1121.155249 0.000000
2204.193459 0.000000
3374.041058 0.000000
4104.464413 0.000000
5880.180917 0.000000
7112.134106 0.000000
9010.901026 0.000000
12686.847846 0.000000
17625.034704 0.000000
21233.494320 0.000000
26760.613673 0.000000
33042.315904 0.000000
39447.372107 0.000000
48422.084076 0.000000
57194.707455 0.000000
63869.184459 0.000000
68733.909811 0.000000
69891.466230 0.000000
64413.190432 0.000000
42211.913870 0.000000
30254.325878 0.000000
14442.794232 0.000000
12889.718531 0.000000
16771.632562 0.000000
19652.278575 0.000000
23158.571996 0.000000
27360.156976 0.000000
31680.213162 0.000000
36301.104977 0.000000
39382.846671 0.000000
41069.521500 0.000000
36940.546638 0.000000
37803.146773 0.000000
35764.908588 0.000000
28823.091875 0.000000
13158.232498 0.000000
3675.595361 0.000000
0.000000 0.000000
0.000000 0.000000
0.000000 0.000000
0.000000 0.000000
0.000000 0.000000
0.000000 0.000000
0.000000 0.000000
0.000000 0.000000
0.000000 0.000000
0.000000 0.000000
0.000000 0.000000
0.000000 0.000000
0.000000 0.000000
0.000000 0.000000
0.000000 0.000000
0.000000 0.000000
0.000000 0.000000
0.000000 0.000000
0.000000 0.000000
0.000000 0.000000
0.000000 0.000000
0.000000 0.000000
0.000000 0.000000
0.000000 0.000000
0.000000 0.000000
61.690871 0.000000
123.134484 0.000000
184.330839 0.000000
305.981775 0.000000
366.436356 0.000000
486.603744 0.000000
665.000391 0.000000
899.400975 0.000000
1158.342146 0.000000
1327.961586 0.000000
1550.494221 0.000000
1822.972949 0.000000
2500.708269 0.000000
3099.228069 0.000000
3434.726785 0.000000
4156.504865 0.000000
4754.529628 0.000000
5382.627182 0.000000
6218.776849 0.000000
6960.395514 0.000000
7335.853639 0.000000
7031.224080 0.000000
5511.592739 0.000000
3631.804575 0.000000
3827.576934 0.000000
3626.541432 0.000000
2617.549788 0.000000
1416.454802 0.000000
1635.661800 0.000000
1836.517814 0.000000
2026.641515 0.000000
2188.597200 0.000000
2219.894091 0.000000
1951.596226 0.000000
1021.071569 0.000000
684.471753 0.000000
800.701518 0.000000
914.246370 0.000000
990.998927 0.000000
995.151834 0.000000
816.692053 0.000000
363.279161 0.000000
42.261135 0.000000
7.666176 0.000000
47.389730 0.000000
86.946340 0.000000
124.465537 0.000000
202.767029 0.000000
282.225244 0.000000
394.700134 0.000000
490.402335 0.000000
757.530295 0.000000
959.251609 0.000000
1200.886202 0.000000
1570.044623 0.000000
1845.406506 0.000000
2298.704583 0.000000
2855.461036 0.000000
3396.032936 0.000000
3949.995378 0.000000
4335.971064 0.000000
4660.004241 0.000000
4501.558127 0.000000
3634.315474 0.000000
1859.860674 0.000000
778.223578 0.000000
0.000000 0.000000
0.000000 0.000000
0.000000 0.000000
0.000000 0.000000
0.000000 0.000000
0.000000 0.000000
0.000000 0.000000
0.000000 0.000000
0.000000 0.000000
0.000000 0.000000
0.000000 0.000000
0.000000 0.000000
0.000000 0.000000
0.000000 0.000000
0.000000 0.000000
0.000000 0.000000
0.000000 0.000000
0.000000 0.000000
0.000000 0.000000
0.000000 0.000000
0.000000 0.000000
0.000000 0.000000
0.000000 0.000000
45.330158 0.000000
90.478632 0.000000
180.230528 0.000000
269.255688 0.000000
357.554112 0.000000
488.639118 0.000000
575.120702 0.000000
682.177999 0.000000
808.993431 0.000000
1037.415640 0.000000
1398.512590 0.000000
1742.985454 0.000000
2071.106758 0.000000
2645.523604 0.000000
3194.845445 0.000000
3609.403093 0.000000
4327.600150 0.000000
4830.274180 0.000000
5152.501476 0.000000
5277.476490 0.000000
4835.045388 0.000000
3397.444292 0.000000
3184.390595 0.000000
2759.340121 0.000000
1735.990523 0.000000
360.355975 0.000000
121.992670 0.000000
163.838785 0.000000
200.532668 0.000000
247.485568 0.000000
298.065677 0.000000
368.092877 0.000000
430.879756 0.000000
518.305292 0.000000
584.730486 0.000000
653.075850 0.000000
695.109550 0.000000
687.925965 0.000000
584.536384 0.000000
325.341837 0.000000
150.072861 0.000000
0.000000 0.000000
0.000000 0.000000
0.000000 0.000000
0.000000 0.000000
0.000000 0.000000
0.000000 0.000000
0.000000 0.000000
0.000000 0.000000
0.000000 0.000000
0.000000 0.000000
0.000000 0.000000
0.000000 0.000000
0.000000 0.000000
0.000000 0.000000
0.000000 0.000000
0.000000 0.000000
0.000000 0.000000
0.899198 0.000000
1.794792 0.000000
2.686782 0.000000
3.575168 0.000000
4.459950 0.000000
6.218702 0.000000
7.963038 0.000000
10.980487 0.000000
14.794420 0.000000
22.606991 0.000000
29.512017 0.000000
35.381775 0.000000
46.652985 0.000000
57.347520 0.000000
67.522426 0.000000
81.288754 0.000000
90.560878 0.000000
104.218837 0.000000
110.459575 0.000000
108.377298 0.000000
89.426436 0.000000
45.703309 0.000000
10.483809 0.000000
0.000000 0.000000
0.000000 0.000000
0.000000 0.000000
0.000000 0.000000
0.000000 0.000000
0.000000 0.000000
0.000000 0.000000
0.000000 0.000000
0.000000 0.000000
0.000000 0.000000
0.000000 0.000000
0.000000 0.000000
0.000000 0.000000
0.000000 0.000000
0.000000 0.000000
0.000000 0.000000
0.000000 0.000000
0.000000 0.000000
0.000000 0.000000
0.000000 0.000000
0.000000 0.000000
0.000000 0.000000
0.000000 0.000000
0.000000 0.000000
0.000000 0.000000
0.000000 0.000000
0.000000 0.000000
0.000000 0.000000
0.000000 0.000000
0.000000 0.000000
0.000000 0.000000
0.000000 0.000000
0.000000 0.000000
0.000000 0.000000
0.000000 0.000000
0.000000 0.000000
0.000000 0.000000
0.000000 0.000000
0.000000 0.000000
0.000000 0.000000
0.000000 0.000000
0.000000 0.000000
0.000000 0.000000
0.000000 0.000000
0.000000 0.000000
0.000000 0.000000
0.000000 0.000000
0.000000 0.000000
0.000000 0.000000
0.000000 0.000000
0.000000 0.000000
0.000000 0.000000
0.000000 0.000000
0.000000 0.000000
0.000000 0.000000
0.000000 0.000000
0.000000 0.000000
0.000000 0.000000
0.000000 0.000000
0.000000 0.000000
0.000000 0.000000
0.000000 0.000000
0.000000 0.000000
0.000000 0.000000
0.000000 0.000000
0.000000 0.000000
0.000000 0.000000
0.000000 0.000000
0.000000 0.000000
0.000000 0.000000
0.000000 0.000000
0.000000 0.000000
0.000000 0.000000
0.000000 0.000000
0.000000 0.000000
0.000000 0.000000
0.000000 0.000000
0.000000 0.000000
0.000000 0.000000
0.000000 0.000000
0.000000 0.000000
0.000000 0.000000
0.000000 0.000000
0.000000 0.000000
0.000000 0.000000
0.000000 0.000000
0.000000 0.000000
0.000000 0.000000
0.000000 0.000000
0.000000 0.000000
0.000000 0.000000
0.000000 0.000000
0.000000 0.000000
0.000000 0.000000
0.000000 0.000000
0.000000 0.000000
0.000000 0.000000
0.000000 0.000000
0.000000 0.000000
0.000000 0.000000
0.000000 0.000000
0.000000 0.000000
0.000000 0.000000
0.000000 0.000000
0.000000 0.000000
0.000000 0.000000
0.000000 0.000000
0.000000 0.000000
0.000000 0.000000
0.000000 0.000000
0.000000 0.000000
0.000000 0.000000
0.000000 0.000000
0.000000 0.000000
0.000000 0.000000
0.000000 0.000000
0.000000 0.000000
0.000000 0.000000
0.000000 0.000000
0.000000 0.000000
0.000000 0.000000
0.000000 0.000000
0.000000 0.000000
0.000000 0.000000
0.000000 0.000000
0.000000 0.000000
0.000000 0.000000
0.000000 0.000000
0.000000 0.000000
0.000000 0.000000
0.000000 0.000000
0.000000 0.000000
0.000000 0.000000
0.000000 0.000000
0.000000 0.000000
0.000000 0.000000
0.000000 0.000000
0.000000 0.000000
0.000000 0.000000
0.000000 0.000000
0.000000 0.000000
0.000000 0.000000
0.000000 0.000000
0.000000 0.000000
0.000000 0.000000
0.000000 0.000000
0.000000 0.000000
19.361699 0.000000
38.645796 0.000000
76.981184 0.000000
115.006164 0.000000
152.720736 0.000000
190.124900 0.000000
245.649131 0.000000
318.595011 0.000000
390.260916 0.000000
495.373259 0.000000
656.184179 0.000000
809.700900 0.000000
985.606104 0.000000
1223.253111 0.000000
1516.618219 0.000000
1742.208075 0.000000
2033.739916 0.000000
2254.972375 0.000000
2343.949579 0.000000
2163.353879 0.000000
1302.791559 0.000000
1270.079559 0.000000
1321.961825 0.000000
1300.514675 0.000000
1052.376669 0.000000
591.072199 0.000000
39.030874 0.000000
0.000000 0.000000
0.000000 0.000000
0.000000 0.000000
0.000000 0.000000
0.000000 0.000000
0.000000 0.000000
0.000000 0.000000
0.000000 0.000000
0.000000 0.000000
0.000000 0.000000
0.000000 0.000000
0.000000 0.000000
0.000000 0.000000
0.000000 0.000000
0.000000 0.000000
0.000000 0.000000
0.000000 0.000000
0.000000 0.000000
0.000000 0.000000
0.000000 0.000000
0.000000 0.000000
0.000000 0.000000
0.000000 0.000000
0.000000 0.000000
0.000000 0.000000
0.000000 0.000000
0.000000 0.000000
0.000000 0.000000
0.000000 0.000000
0.000000 0.000000
0.000000 0.000000
0.000000 0.000000
0.000000 0.000000
0.000000 0.000000
0.000000 0.000000
0.000000 0.000000
0.000000 0.000000
0.000000 0.000000
0.000000 0.000000
0.000000 0.000000
0.000000 0.000000
0.000000 0.000000
0.000000 0.000000
0.000000 0.000000
0.000000 0.000000
0.000000 0.000000
0.000000 0.000000
0.000000 0.000000
0.000000 0.000000
0.000000 0.000000
0.000000 0.000000
0.000000 0.000000
0.000000 0.000000
0.000000 0.000000
0.000000 0.000000
0.000000 0.000000
0.000000 0.000000
0.000000 0.000000
0.000000 0.000000
0.000000 0.000000
0.000000 0.000000
0.000000 0.000000
0.000000 0.000000
0.000000 0.000000
0.000000 0.000000
0.000000 0.000000
0.000000 0.000000
0.000000 0.000000
0.000000 0.000000
0.000000 0.000000
0.000000 0.000000
0.000000 0.000000
0.000000 0.000000
0.000000 0.000000
0.000000 0.000000
0.000000 0.000000
0.000000 0.000000
0.000000 0.000000
0.000000 0.000000
0.000000 0.000000
0.000000 0.000000
0.000000 0.000000
0.000000 0.000000
0.000000 0.000000
0.000000 0.000000
0.000000 0.000000
0.000000 0.000000
0.000000 0.000000
0.000000 0.000000
0.000000 0.000000
0.000000 0.000000
0.000000 0.000000
0.000000 0.000000
0.000000 0.000000
0.000000 0.000000
0.000000 0.000000
0.000000 0.000000
0.000000 0.000000
0.000000 0.000000
0.000000 0.000000
0.000000 0.000000
0.000000 0.000000
0.000000 0.000000
0.000000 0.000000
0.000000 0.000000
0.000000 0.000000
0.000000 0.000000
0.000000 0.000000
0.000000 0.000000
0.000000 0.000000
0.000000 0.000000
0.000000 0.000000
0.000000 0.000000
0.000000 0.000000
0.000000 0.000000
0.000000 0.000000
0.000000 0.000000
0.000000 0.000000
0.000000 0.000000
0.000000 0.000000
0.000000 0.000000
0.000000 0.000000
0.000000 0.000000
0.000000 0.000000
0.000000 0.000000
0.000000 0.000000
0.000000 0.000000
0.000000 0.000000
0.000000 0.000000
0.000000 0.000000
0.000000 0.000000
0.000000 0.000000
0.000000 0.000000
0.000000 0.000000
0.000000 0.000000
0.000000 0.000000
0.000000 0.000000
0.000000 0.000000
0.000000 0.000000
0.000000 0.000000
0.000000 0.000000
0.000000 0.000000
0.000000 0.000000
0.000000 0.000000
0.000000 0.000000
0.000000 0.000000
0.000000 0.000000
0.000000 0.000000
0.000000 0.000000
0.000000 0.000000
0.000000 0.000000
0.000000 0.000000
0.000000 0.000000
0.000000 0.000000
0.000000 0.000000
0.000000 0.000000
0.000000 0.000000
0.000000 0.000000
0.000000 0.000000
0.000000 0.000000
0.000000 0.000000
0.000000 0.000000
0.000000 0.000000
0.000000 0.000000
0.000000 0.000000
0.000000 0.000000
0.000000 0.000000
0.000000 0.000000
0.000000 0.000000
0.000000 0.000000
0.000000 0.000000
0.000000 0.000000
0.000000 0.000000
0.000000 0.000000
0.000000 0.000000
0.000000 0.000000
0.000000 0.000000
0.000000 0.000000
0.000000 0.000000
0.000000 0.000000
0.000000 0.000000
0.000000 0.000000
0.000000 0.000000
0.000000 0.000000
0.000000 0.000000
0.000000 0.000000
0.000000 0.000000
0.000000 0.000000
0.000000 0.000000
0.000000 0.000000
0.000000 0.000000
0.000000 0.000000
0.000000 0.000000
0.000000 0.000000
0.000000 0.000000
0.000000 0.000000
0.000000 0.000000
0.000000 0.000000
0.000000 0.000000
0.000000 0.000000
0.000000 0.000000
0.000000 0.000000
0.000000 0.000000
0.000000 0.000000
0.000000 0.000000
0.000000 0.000000
0.000000 0.000000
0.000000 0.000000
0.000000 0.000000
0.000000 0.000000
0.000000 0.000000
0.000000 0.000000
0.000000 0.000000
0.000000 0.000000
0.000000 0.000000
0.000000 0.000000
0.000000 0.000000
0.000000 0.000000
0.000000 0.000000
0.000000 0.000000
0.000000 0.000000
0.000000 0.000000
0.000000 0.000000
0.000000 0.000000
0.000000 0.000000
0.000000 0.000000
0.000000 0.000000
0.000000 0.000000
0.000000 0.000000
0.000000 0.000000
0.000000 0.000000
0.000000 0.000000
0.000000 0.000000
0.000000 0.000000
0.000000 0.000000
0.000000 0.000000
0.000000 0.000000
0.000000 0.000000
0.000000 0.000000
0.000000 0.000000
0.000000 0.000000
0.000000 0.000000
0.000000 0.000000
0.000000 0.000000
0.000000 0.000000
0.000000 0.000000
0.000000 0.000000
0.000000 0.000000
0.000000 0.000000
0.000000 0.000000
0.000000 0.000000
0.000000 0.000000
0.000000 0.000000
0.000000 0.000000
0.000000 0.000000
0.000000 0.000000
0.000000 0.000000
0.000000 0.000000
0.000000 0.000000
0.000000 0.000000
0.000000 0.000000
0.000000 0.000000
0.000000 0.000000
0.000000 0.000000
0.000000 0.000000
0.000000 0.000000
0.000000 0.000000
0.000000 0.000000
0.000000 0.000000
0.000000 0.000000
0.000000 0.000000
0.000000 0.000000
0.000000 0.000000
0.000000 0.000000
0.000000 0.000000
0.000000 0.000000
0.000000 0.000000
0.000000 0.000000
0.000000 0.000000
0.000000 0.000000
0.000000 0.000000
0.000000 0.000000
0.000000 0.000000
0.000000 0.000000
0.000000 0.000000
0.000000 0.000000
0.000000 0.000000
0.000000 0.000000
0.000000 0.000000
0.000000 0.000000
0.000000 0.000000
0.000000 0.000000
0.000000 0.000000
0.000000 0.000000
0.000000 0.000000
0.000000 0.000000
0.000000 0.000000
0.000000 0.000000
0.000000 0.000000
0.000000 0.000000
0.000000 0.000000
0.000000 0.000000
0.000000 0.000000
3.851781 0.000000
7.688124 0.000000
15.314496 0.000000
22.879116 0.000000
30.381984 0.000000
48.861744 0.000000
59.768685 0.000000
65.160636 0.000000
86.418744 0.000000
113.867921 0.000000
153.905311 0.000000
190.190580 0.000000
237.231229 0.000000
280.928144 0.000000
333.166419 0.000000
382.900436 0.000000
433.929031 0.000000
465.676233 0.000000
462.831459 0.000000
391.268947 0.000000
234.496797 0.000000
94.823996 0.000000
0.000000 0.000000
0.000000 0.000000
0.000000 0.000000
0.000000 0.000000
0.000000 0.000000
0.000000 0.000000
0.000000 0.000000
0.000000 0.000000
0.000000 0.000000
0.000000 0.000000
0.000000 0.000000
0.000000 0.000000
0.000000 0.000000
0.000000 0.000000
0.000000 0.000000
0.000000 0.000000
0.000000 0.000000
0.000000 0.000000
0.000000 0.000000
0.000000 0.000000
0.000000 0.000000
0.000000 0.000000
0.000000 0.000000
0.000000 0.000000
0.000000 0.000000
0.000000 0.000000
0.000000 0.000000
0.000000 0.000000
0.000000 0.000000
0.000000 0.000000
0.000000 0.000000
0.000000 0.000000
0.000000 0.000000
0.000000 0.000000
0.000000 0.000000
0.000000 0.000000
0.000000 0.000000
0.000000 0.000000
0.000000 0.000000
0.000000 0.000000
0.000000 0.000000
0.000000 0.000000
0.000000 0.000000
0.000000 0.000000
0.000000 0.000000
0.000000 0.000000
0.000000 0.000000
0.000000 0.000000
0.000000 0.000000
0.000000 0.000000
0.000000 0.000000
0.000000 0.000000
0.000000 0.000000
0.000000 0.000000
0.000000 0.000000
0.000000 0.000000
0.000000 0.000000
0.000000 0.000000
0.000000 0.000000
0.000000 0.000000
0.000000 0.000000
0.000000 0.000000
0.000000 0.000000
0.000000 0.000000
0.000000 0.000000
0.000000 0.000000
0.000000 0.000000
0.000000 0.000000
0.000000 0.000000
0.000000 0.000000
0.000000 0.000000
0.000000 0.000000
0.000000 0.000000
0.000000 0.000000
0.000000 0.000000
0.000000 0.000000
0.000000 0.000000
0.000000 0.000000
0.000000 0.000000
0.000000 0.000000
0.000000 0.000000
0.000000 0.000000
0.000000 0.000000
0.000000 0.000000
0.000000 0.000000
0.000000 0.000000
0.000000 0.000000
0.000000 0.000000
0.000000 0.000000
0.000000 0.000000
0.000000 0.000000
0.000000 0.000000
0.000000 0.000000
0.000000 0.000000
0.000000 0.000000
0.000000 0.000000
0.000000 0.000000
0.000000 0.000000
0.000000 0.000000
0.000000 0.000000
0.000000 0.000000
0.000000 0.000000
0.000000 0.000000
0.000000 0.000000
0.000000 0.000000
0.000000 0.000000
0.000000 0.000000
0.000000 0.000000
0.000000 0.000000
0.000000 0.000000
0.000000 0.000000
0.000000 0.000000
0.000000 0.000000
0.000000 0.000000
0.000000 0.000000
0.000000 0.000000
0.000000 0.000000
0.000000 0.000000
0.000000 0.000000
0.000000 0.000000
0.000000 0.000000
0.000000 0.000000
0.000000 0.000000
0.000000 0.000000
0.000000 0.000000
0.000000 0.000000
0.000000 0.000000
0.000000 0.000000
0.000000 0.000000
0.000000 0.000000
0.000000 0.000000
0.000000 0.000000
0.000000 0.000000
0.000000 0.000000
0.000000 0.000000
0.000000 0.000000
0.000000 0.000000
0.000000 0.000000
0.000000 0.000000
0.000000 0.000000
0.000000 0.000000
0.000000 0.000000
0.000000 0.000000
0.000000 0.000000
0.000000 0.000000
0.000000 0.000000
0.000000 0.000000
0.000000 0.000000
5.139201 0.000000
10.257804 0.000000
20.433216 0.000000
25.490025 0.000000
35.541849 0.000000
45.511281 0.000000
67.638919 0.000000
89.344289 0.000000
112.950041 0.000000
144.004404 0.000000
164.103525 0.000000
216.868281 0.000000
271.042201 0.000000
307.067061 0.000000
382.742579 0.000000
441.119825 0.000000
514.616120 0.000000
573.962659 0.000000
595.265902 0.000000
568.089902 0.000000
454.591566 0.000000
392.408686 0.000000
354.452189 0.000000
244.681365 0.000000
104.323992 0.000000
32.891334 0.000000
41.382474 0.000000
50.625806 0.000000
58.363788 0.000000
66.401874 0.000000
74.803176 0.000000
79.435468 0.000000
77.719208 0.000000
58.928415 0.000000
18.672780 0.000000
0.000000 0.000000
0.000000 0.000000
0.000000 0.000000
0.000000 0.000000
0.000000 0.000000
0.000000 0.000000
0.000000 0.000000
0.000000 0.000000
0.000000 0.000000
0.000000 0.000000
0.000000 0.000000
0.000000 0.000000
0.000000 0.000000
0.000000 0.000000
0.000000 0.000000
0.000000 0.000000
0.000000 0.000000
0.000000 0.000000
0.000000 0.000000
0.000000 0.000000
0.000000 0.000000
0.000000 0.000000
0.000000 0.000000
0.000000 0.000000
0.000000 0.000000
2.915657 0.000000
5.819628 0.000000
13.027214 0.000000
17.313297 0.000000
21.570162 0.000000
22.975644 0.000000
34.850658 0.000000
41.014136 0.000000
57.908226 0.000000
67.088214 0.000000
81.263910 0.000000
93.707343 0.000000
119.291160 0.000000
148.749240 0.000000
189.049569 0.000000
225.499559 0.000000
262.180617 0.000000
291.311811 0.000000
314.682026 0.000000
311.503247 0.000000
272.493469 0.000000
227.182219 0.000000
173.141306 0.000000
86.983521 0.000000
90.674429 0.000000
96.999372 0.000000
94.026143 0.000000
75.174385 0.000000
40.806273 0.000000
54.943841 0.000000
68.480677 0.000000
82.715565 0.000000
98.695814 0.000000
