44300.044797 0.000000
44044.934320 0.000000
44307.109863 0.000000
43522.347061 0.000000
37256.334489 0.000000
29783.359844 0.000000
29595.034188 0.000000
35473.089371 0.000000
27781.438162 0.000000
29881.878599 0.000000
30352.469401 0.000000
32867.350752 0.000000
26757.667121 0.000000
29915.919259 0.000000
34693.201152 0.000000
34489.248112 0.000000
31109.360258 0.000000
24320.904312 0.000000
28475.925796 0.000000
32315.443694 0.000000
34251.675897 0.000000
29883.197043 0.000000
15563.144173 0.000000
15850.522391 0.000000
16852.863736 0.000000
9233.274769 0.000000
14616.977019 0.000000
12970.683542 0.000000
8886.574409 0.000000
6465.396998 0.000000
10536.656755 0.000000
14241.735952 0.000000
16437.135870 0.000000
15786.598536 0.000000
12065.881240 0.000000
13366.048393 0.000000
8092.503712 0.000000
9943.135732 0.000000
12292.473356 0.000000
14030.173215 0.000000
15433.569240 0.000000
10877.054887 0.000000
3410.497810 0.000000
0.000000 0.000000
0.000000 0.000000
0.000000 0.000000
0.000000 0.000000
0.000000 0.000000
0.000000 0.000000
0.000000 0.000000
2364.610707 0.000000
3205.193786 0.000000
4577.154870 0.000000
6692.910772 0.000000
8551.173451 0.000000
10489.358192 0.000000
10695.076778 0.000000
10693.822389 0.000000
10177.644339 0.000000
6978.238504 0.000000
0.000000 0.000000
0.000000 0.000000
0.000000 0.000000
0.000000 0.000000
0.000000 0.000000
2620.697056 0.000000
7017.155894 0.000000
9012.517737 0.000000
13370.578626 0.000000
16169.496990 0.000000
17059.635998 0.000000
14351.412819 0.000000
7226.859971 0.000000
0.000000 0.000000
1865.228613 0.000000
4410.739863 0.000000
7083.337267 0.000000
8970.575254 0.000000
10620.301707 0.000000
10686.329830 0.000000
3968.500560 0.000000
0.000000 0.000000
2578.556101 0.000000
4885.685244 0.000000
6921.387429 0.000000
10178.510925 0.000000
13555.673752 0.000000
14929.461017 0.000000
13987.792901 0.000000
8847.333173 0.000000
4648.541561 0.000000
0.000000 0.000000
0.000000 0.000000
1836.334344 0.000000
1836.334344 0.000000
3479.370336 0.000000
4929.107976 0.000000
7683.609492 0.000000
9231.015282 0.000000
9279.509303 0.000000
7250.809080 0.000000
4787.018279 0.000000
4788.546215 0.000000
4064.017219 0.000000
18.258176 0.000000
28.897425 0.000000
37.120596 0.000000
47.948541 0.000000
56.816824 0.000000
64.823710 0.000000
73.249727 0.000000
70.223384 0.000000
51.923585 0.000000
36.202560 0.000000
36.202560 0.000000
1013.665384 0.000000
987.636901 0.000000
0.000000 0.000000
2.424590 0.000000
4.593960 0.000000
8.167040 0.000000
11.931535 0.000000
12.441975 0.000000
9.889775 0.000000
2.775525 0.000000
0.000000 0.000000
0.000000 0.000000
1213.459472 0.000000
2556.916054 0.000000
3716.267182 0.000000
4520.070578 0.000000
4691.512856 0.000000
5980.532031 0.000000
6957.418322 0.000000
6721.631768 0.000000
4090.736803 0.000000
503.798400 0.000000
281.910733 0.000000
534.146652 0.000000
756.707757 0.000000
1112.805525 0.000000
1246.342188 0.000000
1424.391072 0.000000
1483.740700 0.000000
1350.204037 0.000000
1421.005319 0.000000
1106.333639 0.000000
0.000000 0.000000
0.000000 0.000000
0.000000 0.000000
0.981977 0.000000
282.012723 0.000000
532.664298 0.000000
753.815313 0.000000
946.034644 0.000000
1108.132946 0.000000
1241.222359 0.000000
1417.865430 0.000000
1461.110871 0.000000
1106.277791 0.000000
280.257040 0.000000
0.000000 0.000000
0.000000 0.000000
0.000000 0.000000
0.000000 0.000000
945.958966 0.000000
945.958966 0.000000
1792.343304 0.000000
2539.153014 0.000000
5334.587289 0.000000
5822.180936 0.000000
6498.644346 0.000000
6656.675630 0.000000
5729.665499 0.000000
3099.607199 0.000000
0.000000 0.000000
0.000000 0.000000
0.000000 0.000000
0.000000 0.000000
0.000000 0.000000
0.000000 0.000000
0.000000 0.000000
0.000000 0.000000
0.000000 0.000000
290.577412 0.000000
550.567728 0.000000
779.970948 0.000000
978.787072 0.000000
1284.658032 0.000000
1514.061252 0.000000
1514.061252 0.000000
1147.016100 0.000000
779.970948 0.000000
0.000000 0.000000
0.000000 0.000000
0.000000 0.000000
0.000000 0.000000
0.000000 0.000000
0.000000 0.000000
0.000000 0.000000
0.000000 0.000000
0.000000 0.000000
0.000000 0.000000
0.000000 0.000000
0.000000 0.000000
0.000000 0.000000
0.000000 0.000000
0.000000 0.000000
0.000000 0.000000
0.000000 0.000000
0.000000 0.000000
0.000000 0.000000
0.000000 0.000000
0.000000 0.000000
0.000000 0.000000
0.000000 0.000000
0.000000 0.000000
0.000000 0.000000
0.000000 0.000000
0.000000 0.000000
946.377631 0.000000
1793.136564 0.000000
2540.276799 0.000000
3735.701175 0.000000
4781.697504 0.000000
4931.125551 0.000000
4479.389315 0.000000
2952.492755 0.000000
4182.698070 0.000000
6911.153535 0.000000
8237.859395 0.000000
9230.701670 0.000000
9889.680361 0.000000
10118.588854 0.000000
9367.930950 0.000000
9876.859803 0.000000
9059.641829 0.000000
4971.249657 0.000000
0.000000 0.000000
0.000000 0.000000
0.000000 0.000000
0.000000 0.000000
0.000000 0.000000
0.000000 0.000000
0.000000 0.000000
0.000000 0.000000
0.000000 0.000000
0.000000 0.000000
0.000000 0.000000
0.000000 0.000000
0.000000 0.000000
0.000000 0.000000
0.000000 0.000000
0.000000 0.000000
0.000000 0.000000
0.000000 0.000000
0.000000 0.000000
959.001725 0.000000
1817.055900 0.000000
2574.162525 0.000000
3785.533125 0.000000
4239.797100 0.000000
4996.903725 0.000000
4845.482400 0.000000
2574.162525 0.000000
0.000000 0.000000
0.000000 0.000000
0.000000 0.000000
0.000000 0.000000
0.000000 0.000000
0.000000 0.000000
0.000000 0.000000
0.000000 0.000000
0.000000 0.000000
0.000000 0.000000
0.000000 0.000000
0.000000 0.000000
0.000000 0.000000
0.000000 0.000000
0.000000 0.000000
0.000000 0.000000
0.000000 0.000000
0.000000 0.000000
0.000000 0.000000
0.000000 0.000000
0.000000 0.000000
0.000000 0.000000
0.000000 0.000000
0.000000 0.000000
0.000000 0.000000
0.000000 0.000000
0.000000 0.000000
0.000000 0.000000
0.000000 0.000000
0.000000 0.000000
0.000000 0.000000
0.000000 0.000000
0.000000 0.000000
0.000000 0.000000
0.000000 0.000000
0.000000 0.000000
0.000000 0.000000
0.000000 0.000000
0.000000 0.000000
0.000000 0.000000
0.000000 0.000000
943.961515 0.000000
2669.408853 0.000000
3385.616757 0.000000
4938.054251 0.000000
5256.804675 0.000000
5476.190730 0.000000
5360.091248 0.000000
2205.010925 0.000000
0.000000 0.000000
0.000000 0.000000
0.000000 0.000000
0.000000 0.000000
0.000000 0.000000
0.000000 0.000000
0.000000 0.000000
0.000000 0.000000
0.000000 0.000000
0.000000 0.000000
0.000000 0.000000
0.000000 0.000000
0.000000 0.000000
0.000000 0.000000
0.000000 0.000000
0.000000 0.000000
0.000000 0.000000
0.000000 0.000000
0.000000 0.000000
0.000000 0.000000
0.000000 0.000000
0.000000 0.000000
0.000000 0.000000
0.000000 0.000000
0.000000 0.000000
0.000000 0.000000
0.000000 0.000000
0.000000 0.000000
0.000000 0.000000
0.000000 0.000000
0.000000 0.000000
0.000000 0.000000
0.000000 0.000000
0.000000 0.000000
0.000000 0.000000
0.000000 0.000000
0.000000 0.000000
0.000000 0.000000
0.000000 0.000000
0.000000 0.000000
0.000000 0.000000
0.000000 0.000000
0.000000 0.000000
0.000000 0.000000
0.000000 0.000000
0.000000 0.000000
0.000000 0.000000
0.000000 0.000000
0.000000 0.000000
0.000000 0.000000
0.000000 0.000000
0.000000 0.000000
0.000000 0.000000
0.000000 0.000000
0.000000 0.000000
0.000000 0.000000
0.000000 0.000000
0.000000 0.000000
0.000000 0.000000
0.000000 0.000000
0.000000 0.000000
0.000000 0.000000
0.000000 0.000000
0.000000 0.000000
0.000000 0.000000
0.000000 0.000000
0.000000 0.000000
0.000000 0.000000
0.000000 0.000000
0.000000 0.000000
0.000000 0.000000
0.000000 0.000000
0.000000 0.000000
0.000000 0.000000
0.000000 0.000000
0.000000 0.000000
0.000000 0.000000
0.000000 0.000000
0.000000 0.000000
0.000000 0.000000
0.000000 0.000000
0.000000 0.000000
0.000000 0.000000
0.000000 0.000000
0.000000 0.000000
0.000000 0.000000
0.000000 0.000000
0.000000 0.000000
0.000000 0.000000
0.000000 0.000000
0.000000 0.000000
945.744513 0.000000
1791.936972 0.000000
2538.577377 0.000000
3185.665728 0.000000
4529.618457 0.000000
4977.602700 0.000000
4181.186268 0.000000
945.744513 0.000000
0.000000 0.000000
0.000000 0.000000
0.000000 0.000000
0.000000 0.000000
0.000000 0.000000
2.702940 0.000000
5.121360 0.000000
8.179950 0.000000
11.025150 0.000000
13.585830 0.000000
13.870350 0.000000
12.163230 0.000000
3.627630 0.000000
0.000000 0.000000
0.000000 0.000000
0.000000 0.000000
0.000000 0.000000
0.000000 0.000000
0.000000 0.000000
0.000000 0.000000
0.000000 0.000000
0.000000 0.000000
2.164138 0.000000
4.100472 0.000000
5.809002 0.000000
7.289728 0.000000
9.055209 0.000000
11.105445 0.000000
11.105445 0.000000
1.082069 0.000000
0.000000 0.000000
0.000000 0.000000
0.000000 0.000000
0.000000 0.000000
0.000000 0.000000
0.000000 0.000000
0.000000 0.000000
0.000000 0.000000
0.000000 0.000000
0.000000 0.000000
0.000000 0.000000
0.000000 0.000000
0.000000 0.000000
0.000000 0.000000
0.000000 0.000000
0.000000 0.000000
0.000000 0.000000
0.000000 0.000000
0.000000 0.000000
0.000000 0.000000
0.000000 0.000000
0.000000 0.000000
0.000000 0.000000
0.000000 0.000000
0.000000 0.000000
0.000000 0.000000
0.000000 0.000000
0.000000 0.000000
0.000000 0.000000
0.000000 0.000000
0.000000 0.000000
0.000000 0.000000
0.000000 0.000000
0.000000 0.000000
0.000000 0.000000
0.000000 0.000000
0.000000 0.000000
0.000000 0.000000
308.728036 0.000000
308.728036 0.000000
584.958384 0.000000
1039.926016 0.000000
1218.663300 0.000000
1364.902896 0.000000
1559.889024 0.000000
1624.884400 0.000000
1478.644804 0.000000
1039.926016 0.000000
0.000000 0.000000
0.000000 0.000000
0.000000 0.000000
293.729227 0.000000
556.539588 0.000000
788.431083 0.000000
989.403712 0.000000
1159.457475 0.000000
1406.808403 0.000000
1530.483867 0.000000
1484.105568 0.000000
989.403712 0.000000
0.000000 0.000000
0.000000 0.000000
0.000000 0.000000
0.000000 0.000000
0.000000 0.000000
0.000000 0.000000
0.156560 0.000000
0.296640 0.000000
0.420240 0.000000
0.618000 0.000000
0.815760 0.000000
0.815760 0.000000
0.527360 0.000000
0.000000 0.000000
0.000000 0.000000
0.000000 0.000000
0.000000 0.000000
0.000000 0.000000
0.000000 0.000000
0.000000 0.000000
0.000000 0.000000
0.000000 0.000000
0.000000 0.000000
0.000000 0.000000
0.000000 0.000000
0.000000 0.000000
0.000000 0.000000
0.000000 0.000000
0.000000 0.000000
0.000000 0.000000
0.000000 0.000000
0.000000 0.000000
0.000000 0.000000
0.000000 0.000000
0.000000 0.000000
0.000000 0.000000
0.000000 0.000000
0.000000 0.000000
0.000000 0.000000
0.000000 0.000000
0.000000 0.000000
1.550438 0.000000
1.550438 0.000000
3.549687 0.000000
5.671339 0.000000
7.140175 0.000000
8.119399 0.000000
7.344180 0.000000
4.080100 0.000000
0.000000 0.000000
0.000000 0.000000
0.000000 0.000000
0.000000 0.000000
0.000000 0.000000
0.000000 0.000000
0.000000 0.000000
0.000000 0.000000
0.000000 0.000000
0.000000 0.000000
0.000000 0.000000
0.000000 0.000000
0.000000 0.000000
0.000000 0.000000
0.000000 0.000000
0.000000 0.000000
0.000000 0.000000
0.000000 0.000000
0.000000 0.000000
0.000000 0.000000
0.000000 0.000000
0.000000 0.000000
0.000000 0.000000
0.000000 0.000000
0.000000 0.000000
0.000000 0.000000
0.000000 0.000000
0.000000 0.000000
0.000000 0.000000
0.000000 0.000000
0.000000 0.000000
0.000000 0.000000
0.000000 0.000000
0.000000 0.000000
0.000000 0.000000
0.000000 0.000000
0.000000 0.000000
0.000000 0.000000
0.000000 0.000000
0.000000 0.000000
0.000000 0.000000
0.000000 0.000000
0.000000 0.000000
0.000000 0.000000
0.000000 0.000000
0.000000 0.000000
0.000000 0.000000
0.000000 0.000000
0.000000 0.000000
0.000000 0.000000
0.000000 0.000000
0.000000 0.000000
0.000000 0.000000
0.000000 0.000000
0.000000 0.000000
0.000000 0.000000
0.000000 0.000000
0.000000 0.000000
0.000000 0.000000
0.000000 0.000000
0.000000 0.000000
0.000000 0.000000
0.000000 0.000000
0.000000 0.000000
0.000000 0.000000
0.000000 0.000000
0.000000 0.000000
0.000000 0.000000
0.000000 0.000000
0.000000 0.000000
301.650023 0.000000
571.547412 0.000000
809.692167 0.000000
1016.084288 0.000000
1190.723775 0.000000
1333.610628 0.000000
1571.755383 0.000000
1333.610628 0.000000
301.650023 0.000000
0.000000 0.000000
0.000000 0.000000
0.000000 0.000000
0.000000 0.000000
0.000000 0.000000
0.000000 0.000000
0.000000 0.000000
0.000000 0.000000
0.000000 0.000000
0.000000 0.000000
0.000000 0.000000
0.000000 0.000000
0.000000 0.000000
0.000000 0.000000
0.000000 0.000000
0.000000 0.000000
0.000000 0.000000
0.000000 0.000000
0.000000 0.000000
0.000000 0.000000
0.000000 0.000000
0.000000 0.000000
0.000000 0.000000
0.000000 0.000000
0.000000 0.000000
0.000000 0.000000
0.000000 0.000000
0.000000 0.000000
0.000000 0.000000
0.000000 0.000000
0.000000 0.000000
0.000000 0.000000
0.000000 0.000000
0.000000 0.000000
0.000000 0.000000
0.000000 0.000000
0.000000 0.000000
0.000000 0.000000
0.000000 0.000000
0.000000 0.000000
0.000000 0.000000
0.000000 0.000000
0.000000 0.000000
0.000000 0.000000
0.000000 0.000000
0.000000 0.000000
0.000000 0.000000
0.000000 0.000000
0.000000 0.000000
0.000000 0.000000
0.000000 0.000000
0.000000 0.000000
0.000000 0.000000
0.000000 0.000000
0.000000 0.000000
0.000000 0.000000
0.000000 0.000000
0.000000 0.000000
0.000000 0.000000
0.000000 0.000000
0.000000 0.000000
0.000000 0.000000
0.000000 0.000000
0.000000 0.000000
0.000000 0.000000
0.000000 0.000000
0.000000 0.000000
0.000000 0.000000
0.000000 0.000000
0.000000 0.000000
0.000000 0.000000
0.000000 0.000000
0.000000 0.000000
0.000000 0.000000
0.000000 0.000000
0.000000 0.000000
0.000000 0.000000
0.000000 0.000000
0.000000 0.000000
0.000000 0.000000
0.000000 0.000000
0.000000 0.000000
0.000000 0.000000
0.000000 0.000000
0.000000 0.000000
0.000000 0.000000
0.000000 0.000000
0.000000 0.000000
0.000000 0.000000
0.000000 0.000000
0.000000 0.000000
0.000000 0.000000
0.000000 0.000000
0.000000 0.000000
0.000000 0.000000
0.000000 0.000000
0.000000 0.000000
0.000000 0.000000
0.000000 0.000000
0.000000 0.000000
0.000000 0.000000
0.000000 0.000000
0.000000 0.000000
0.000000 0.000000
0.000000 0.000000
0.000000 0.000000
0.000000 0.000000
0.000000 0.000000
0.000000 0.000000
0.000000 0.000000
0.000000 0.000000
0.000000 0.000000
0.000000 0.000000
0.000000 0.000000
0.000000 0.000000
0.000000 0.000000
0.000000 0.000000
0.000000 0.000000
0.000000 0.000000
0.000000 0.000000
0.000000 0.000000
0.000000 0.000000
0.000000 0.000000
0.000000 0.000000
0.000000 0.000000
0.000000 0.000000
0.000000 0.000000
0.000000 0.000000
0.000000 0.000000
0.000000 0.000000
0.000000 0.000000
0.000000 0.000000
0.000000 0.000000
0.000000 0.000000
0.000000 0.000000
0.000000 0.000000
0.000000 0.000000
0.000000 0.000000
0.000000 0.000000
0.000000 0.000000
0.000000 0.000000
0.000000 0.000000
0.000000 0.000000
0.000000 0.000000
0.000000 0.000000
0.000000 0.000000
302.216280 0.000000
572.620320 0.000000
811.212120 0.000000
1017.991680 0.000000
1192.959000 0.000000
1447.456920 0.000000
1574.705880 0.000000
1574.705880 0.000000
1017.991680 0.000000
302.216280 0.000000
0.000000 0.000000
0.000000 0.000000
0.000000 0.000000
0.000000 0.000000
0.000000 0.000000
0.000000 0.000000
0.000000 0.000000
0.000000 0.000000
0.000000 0.000000
300.624460 0.000000
569.604240 0.000000
806.939340 0.000000
1012.629760 0.000000
1186.675500 0.000000
1329.076560 0.000000
1518.944640 0.000000
1582.234000 0.000000
1186.675500 0.000000
0.000000 0.000000
0.000000 0.000000
0.000000 0.000000
0.000000 0.000000
0.000000 0.000000
0.000000 0.000000
0.000000 0.000000
0.000000 0.000000
0.000000 0.000000
0.000000 0.000000
0.000000 0.000000
0.000000 0.000000
0.000000 0.000000
0.000000 0.000000
0.000000 0.000000
0.000000 0.000000
299.304644 0.000000
567.103536 0.000000
803.396676 0.000000
1181.465700 0.000000
1323.241584 0.000000
1559.534724 0.000000
1512.276096 0.000000
803.396676 0.000000
0.000000 0.000000
0.000000 0.000000
0.000000 0.000000
0.000000 0.000000
0.000000 0.000000
0.000000 0.000000
0.000000 0.000000
0.000000 0.000000
0.000000 0.000000
0.000000 0.000000
0.000000 0.000000
0.000000 0.000000
0.000000 0.000000
0.000000 0.000000
0.000000 0.000000
0.000000 0.000000
0.000000 0.000000
0.000000 0.000000
0.000000 0.000000
0.000000 0.000000
0.000000 0.000000
0.000000 0.000000
0.000000 0.000000
0.000000 0.000000
0.000000 0.000000
0.000000 0.000000
0.000000 0.000000
0.000000 0.000000
0.000000 0.000000
0.000000 0.000000
0.000000 0.000000
0.000000 0.000000
0.000000 0.000000
0.000000 0.000000
0.000000 0.000000
0.000000 0.000000
0.000000 0.000000
0.000000 0.000000
0.000000 0.000000
0.000000 0.000000
0.000000 0.000000
0.000000 0.000000
0.000000 0.000000
0.000000 0.000000
0.000000 0.000000
0.000000 0.000000
0.000000 0.000000
0.000000 0.000000
0.000000 0.000000
0.000000 0.000000
0.000000 0.000000
0.000000 0.000000
0.000000 0.000000
0.000000 0.000000
0.000000 0.000000
0.000000 0.000000
0.000000 0.000000
0.000000 0.000000
0.000000 0.000000
0.000000 0.000000
0.000000 0.000000
0.000000 0.000000
0.000000 0.000000
0.000000 0.000000
0.000000 0.000000
0.000000 0.000000
0.000000 0.000000
0.000000 0.000000
0.000000 0.000000
0.000000 0.000000
0.000000 0.000000
0.000000 0.000000
0.000000 0.000000
0.000000 0.000000
0.000000 0.000000
0.000000 0.000000
0.000000 0.000000
0.000000 0.000000
0.000000 0.000000
0.000000 0.000000
0.000000 0.000000
0.000000 0.000000
0.000000 0.000000
0.000000 0.000000
0.000000 0.000000
0.000000 0.000000
0.000000 0.000000
0.000000 0.000000
0.000000 0.000000
0.000000 0.000000
0.000000 0.000000
0.000000 0.000000
0.000000 0.000000
0.000000 0.000000
0.000000 0.000000
0.000000 0.000000
0.000000 0.000000
0.000000 0.000000
0.000000 0.000000
0.000000 0.000000
0.000000 0.000000
0.000000 0.000000
0.000000 0.000000
0.000000 0.000000
0.000000 0.000000
0.000000 0.000000
8.729664 0.000000
16.540416 0.000000
23.432256 0.000000
29.405184 0.000000
44.107776 0.000000
44.107776 0.000000
38.594304 0.000000
19.986336 0.000000
8.270208 0.000000
11.716128 0.000000
14.702592 0.000000
20.905248 0.000000
22.857936 0.000000
22.226184 0.000000
12.807336 0.000000
10.739784 0.000000
13.094496 0.000000
13.439088 0.000000
10.337760 0.000000
6.116508 0.000000
2.153700 0.000000
1.464516 0.000000
0.000000 0.000000
0.000000 0.000000
0.000000 0.000000
0.000000 0.000000
0.000000 0.000000
0.000000 0.000000
0.000000 0.000000
0.000000 0.000000
0.000000 0.000000
0.000000 0.000000
0.000000 0.000000
0.000000 0.000000
0.000000 0.000000
0.000000 0.000000
0.000000 0.000000
0.000000 0.000000
0.000000 0.000000
0.000000 0.000000
0.000000 0.000000
0.000000 0.000000
0.000000 0.000000
0.000000 0.000000
0.000000 0.000000
0.000000 0.000000
0.000000 0.000000
0.000000 0.000000
0.000000 0.000000
0.000000 0.000000
0.000000 0.000000
0.000000 0.000000
0.000000 0.000000
0.000000 0.000000
0.000000 0.000000
0.000000 0.000000
0.000000 0.000000
0.000000 0.000000
0.000000 0.000000
0.000000 0.000000
0.000000 0.000000
0.000000 0.000000
0.000000 0.000000
0.000000 0.000000
0.000000 0.000000
