29881248.021369 0.000000
28665925.904572 0.000000
27811724.956223 0.000000
26915724.619140 0.000000
26021193.628477 0.000000
24963025.391359 0.000000
23781345.500037 0.000000
22775704.421343 0.000000
21849860.021954 0.000000
20927175.161121 0.000000
20640121.744489 0.000000
19579722.643313 0.000000
19305285.202444 0.000000
18357455.377499 0.000000
17231728.783450 0.000000
16302734.183337 0.000000
15543408.227441 0.000000
15014704.159110 0.000000
14025398.322110 0.000000
12943294.433958 0.000000
12071427.538390 0.000000
11410001.863549 0.000000
10683511.267720 0.000000
10196461.451026 0.000000
10010489.604967 0.000000
9850827.841418 0.000000
9160559.631512 0.000000
8367155.387588 0.000000
7680701.220878 0.000000
7006647.673354 0.000000
6241207.861675 0.000000
4996313.965196 0.000000
5916439.321203 0.000000
6878467.591996 0.000000
7768881.192145 0.000000
8387292.726645 0.000000
8342817.009088 0.000000
7699074.606972 0.000000
6736179.234479 0.000000
6116819.912578 0.000000
4270418.928293 0.000000
2561077.395017 0.000000
3114179.171615 0.000000
3781885.714170 0.000000
4441151.879549 0.000000
5080207.702478 0.000000
3469466.883020 0.000000
2402256.659591 0.000000
2180127.637670 0.000000
2654942.488751 0.000000
3203400.077960 0.000000
3938575.225938 0.000000
4543457.247375 0.000000
5081593.598380 0.000000
5773397.184040 0.000000
6330721.763124 0.000000
6463384.995172 0.000000
6110146.288838 0.000000
4594466.054041 0.000000
982924.200491 0.000000
216372.344804 0.000000
170199.893058 0.000000
215970.027835 0.000000
270509.782398 0.000000
326520.811663 0.000000
400174.767253 0.000000
484070.291566 0.000000
564121.948608 0.000000
652746.773269 0.000000
711900.396219 0.000000
710757.412926 0.000000
654245.736700 0.000000
579806.232584 0.000000
612457.176212 0.000000
572165.556841 0.000000
491325.048165 0.000000
387695.360873 0.000000
315718.816503 0.000000
301833.824902 0.000000
331424.628907 0.000000
311849.638507 0.000000
294519.137264 0.000000
299023.550437 0.000000
268068.634172 0.000000
224234.870676 0.000000
228147.487568 0.000000
212730.951259 0.000000
188202.462317 0.000000
179685.776832 0.000000
191207.477208 0.000000
152593.331500 0.000000
103149.282619 0.000000
83470.146261 0.000000
106110.608010 0.000000
128811.115381 0.000000
150769.702243 0.000000
173784.020095 0.000000
200431.202166 0.000000
227951.932026 0.000000
243213.401041 0.000000
214118.631780 0.000000
202645.700511 0.000000
180078.166291 0.000000
188451.297837 0.000000
203963.691335 0.000000
200859.176365 0.000000
197944.287355 0.000000
159638.381449 0.000000
156643.432973 0.000000
144798.484679 0.000000
128748.284276 0.000000
127905.947525 0.000000
122868.899628 0.000000
99415.783928 0.000000
86078.007805 0.000000
81381.408488 0.000000
63297.813393 0.000000
53627.979359 0.000000
29465.017475 0.000000
14826.073653 0.000000
18692.071151 0.000000
23661.867570 0.000000
29990.410617 0.000000
37817.961695 0.000000
48053.780255 0.000000
61721.990210 0.000000
74839.618486 0.000000
89082.182160 0.000000
100210.396084 0.000000
102938.383609 0.000000
99863.760254 0.000000
81113.077514 0.000000
81690.150961 0.000000
94067.042168 0.000000
110591.562493 0.000000
124306.663733 0.000000
129737.572247 0.000000
124112.090679 0.000000
99961.962498 0.000000
92335.379203 0.000000
81455.596661 0.000000
59895.911769 0.000000
51997.068025 0.000000
57265.774957 0.000000
51142.566869 0.000000
48928.335988 0.000000
42077.228777 0.000000
34663.391615 0.000000
34284.772577 0.000000
39339.079858 0.000000
43176.307174 0.000000
45350.710370 0.000000
44351.833741 0.000000
50796.581473 0.000000
57331.927970 0.000000
67173.806817 0.000000
72507.012331 0.000000
78582.213570 0.000000
84671.483408 0.000000
86372.052407 0.000000
100065.142655 0.000000
112227.692416 0.000000
121691.568169 0.000000
115171.214276 0.000000
109440.394217 0.000000
94148.835700 0.000000
98515.830665 0.000000
91078.163658 0.000000
74138.711134 0.000000
73428.753807 0.000000
75488.391734 0.000000
72939.003781 0.000000
74012.617110 0.000000
72819.968327 0.000000
80439.166983 0.000000
80105.165341 0.000000
77950.341643 0.000000
79664.071487 0.000000
77678.849750 0.000000
75640.679117 0.000000
72042.473064 0.000000
78247.682953 0.000000
77703.218027 0.000000
84704.953986 0.000000
87856.749690 0.000000
84494.242165 0.000000
76010.253568 0.000000
63315.981729 0.000000
55849.940766 0.000000
54342.006375 0.000000
45353.423613 0.000000
40298.590910 0.000000
26379.716078 0.000000
25298.695888 0.000000
25751.488684 0.000000
26506.632158 0.000000
30756.520867 0.000000
34857.147049 0.000000
37640.350636 0.000000
37861.413142 0.000000
39108.180963 0.000000
38833.478091 0.000000
38261.152872 0.000000
33849.356871 0.000000
30850.391597 0.000000
23553.480790 0.000000
18520.941083 0.000000
13562.302591 0.000000
16211.915843 0.000000
19279.614366 0.000000
22138.740125 0.000000
23986.457440 0.000000
23852.930207 0.000000
21653.287013 0.000000
19925.327522 0.000000
16528.854130 0.000000
13550.695077 0.000000
14012.355814 0.000000
15550.371992 0.000000
16316.344435 0.000000
15873.406623 0.000000
13710.168701 0.000000
13478.293917 0.000000
16493.115648 0.000000
19107.642421 0.000000
21412.963077 0.000000
21708.801416 0.000000
20760.427206 0.000000
17424.309618 0.000000
8107.853619 0.000000
2074.741955 0.000000
3101.998957 0.000000
3567.791174 0.000000
4999.161457 0.000000
6122.371707 0.000000
7202.303596 0.000000
9060.466385 0.000000
11911.432893 0.000000
15138.480536 0.000000
18552.347133 0.000000
21754.217157 0.000000
25751.606967 0.000000
29739.221567 0.000000
32833.344466 0.000000
35860.549720 0.000000
37481.616094 0.000000
38529.240336 0.000000
38769.072354 0.000000
39821.023112 0.000000
37913.674339 0.000000
38761.919516 0.000000
38216.161044 0.000000
37817.513514 0.000000
40971.564376 0.000000
40918.588445 0.000000
32925.953663 0.000000
26947.333317 0.000000
18089.067841 0.000000
16247.761993 0.000000
19254.631496 0.000000
21993.416965 0.000000
24656.858995 0.000000
25972.943005 0.000000
26527.542852 0.000000
23164.981706 0.000000
17195.670910 0.000000
14669.720091 0.000000
13407.930336 0.000000
12449.003614 0.000000
10514.912857 0.000000
7953.327477 0.000000
9927.907273 0.000000
11824.269462 0.000000
13067.278748 0.000000
14983.306520 0.000000
16247.159461 0.000000
16674.562627 0.000000
15452.298410 0.000000
13161.016464 0.000000
7676.744336 0.000000
4332.078731 0.000000
1289.150896 0.000000
1475.881701 0.000000
1938.005793 0.000000
2272.279406 0.000000
3051.485637 0.000000
3749.515032 0.000000
4689.972428 0.000000
5861.063245 0.000000
7406.722996 0.000000
8887.608141 0.000000
10153.881996 0.000000
12257.649238 0.000000
13995.997076 0.000000
15456.927261 0.000000
16934.561533 0.000000
17020.424763 0.000000
14608.161389 0.000000
15444.239049 0.000000
15797.934872 0.000000
12945.581179 0.000000
13161.455952 0.000000
12399.274906 0.000000
8670.017869 0.000000
6434.197108 0.000000
7380.985766 0.000000
8362.397944 0.000000
8910.312459 0.000000
8795.578217 0.000000
7334.407609 0.000000
6632.199240 0.000000
6144.961613 0.000000
6306.451127 0.000000
5858.424502 0.000000
3218.278669 0.000000
3663.045306 0.000000
4287.704568 0.000000
5032.979953 0.000000
5827.528723 0.000000
6679.449049 0.000000
7408.057008 0.000000
7788.264132 0.000000
7954.784464 0.000000
7387.576325 0.000000
6625.323520 0.000000
6252.223389 0.000000
6127.884671 0.000000
5751.413740 0.000000
5842.941904 0.000000
7242.273705 0.000000
8445.556604 0.000000
9594.817980 0.000000
10507.387378 0.000000
10851.851650 0.000000
10344.619993 0.000000
10586.739084 0.000000
11313.295054 0.000000
12055.039058 0.000000
12433.886905 0.000000
12656.467286 0.000000
13921.243579 0.000000
15477.450052 0.000000
16782.882105 0.000000
16625.302559 0.000000
16204.120665 0.000000
16014.628014 0.000000
13414.683548 0.000000
12519.562124 0.000000
12096.226213 0.000000
11941.876177 0.000000
11418.741654 0.000000
8247.206210 0.000000
5654.009876 0.000000
4363.967745 0.000000
3519.124504 0.000000
3785.062117 0.000000
4457.388255 0.000000
5123.407163 0.000000
5733.624795 0.000000
6010.917981 0.000000
5741.868867 0.000000
5238.803738 0.000000
4903.627931 0.000000
4984.568210 0.000000
4876.885818 0.000000
4169.151245 0.000000
3296.073292 0.000000
2286.626188 0.000000
2212.221521 0.000000
2618.270245 0.000000
3128.741979 0.000000
3493.194233 0.000000
4192.027497 0.000000
4959.641747 0.000000
5668.553930 0.000000
6098.135839 0.000000
5980.311407 0.000000
5132.837808 0.000000
3436.424700 0.000000
2546.452006 0.000000
732.115826 0.000000
861.249777 0.000000
1103.918353 0.000000
1259.872225 0.000000
1473.876133 0.000000
1888.563851 0.000000
2266.954646 0.000000
2622.996214 0.000000
2856.297519 0.000000
2912.928655 0.000000
2636.864156 0.000000
2311.673520 0.000000
2910.405767 0.000000
3395.773613 0.000000
4042.150422 0.000000
4608.465834 0.000000
5133.035787 0.000000
5345.875449 0.000000
5351.559100 0.000000
4446.365298 0.000000
3250.616511 0.000000
2271.668917 0.000000
1388.485833 0.000000
1532.843060 0.000000
1618.972843 0.000000
1957.609730 0.000000
2367.702397 0.000000
2901.903804 0.000000
3447.569901 0.000000
3683.227063 0.000000
4009.662953 0.000000
4445.560132 0.000000
5047.161164 0.000000
6065.656007 0.000000
6518.499550 0.000000
7422.409647 0.000000
8637.047434 0.000000
10208.610569 0.000000
11658.592266 0.000000
13074.173747 0.000000
13999.287494 0.000000
14006.613433 0.000000
12625.901177 0.000000
9065.963743 0.000000
5515.230502 0.000000
6539.070711 0.000000
7188.041002 0.000000
7478.741924 0.000000
7403.117269 0.000000
6269.565568 0.000000
3220.217366 0.000000
1763.878387 0.000000
1800.560747 0.000000
1811.641583 0.000000
1612.388955 0.000000
989.686019 0.000000
705.701636 0.000000
500.343667 0.000000
305.828044 0.000000
330.471478 0.000000
435.395326 0.000000
605.517652 0.000000
774.024725 0.000000
1037.275673 0.000000
1250.885660 0.000000
1500.387363 0.000000
1891.926795 0.000000
2395.315705 0.000000
3000.370665 0.000000
3424.069907 0.000000
4156.249059 0.000000
5146.944488 0.000000
5999.095353 0.000000
6845.589882 0.000000
8015.889852 0.000000
8667.652835 0.000000
8756.239335 0.000000
5654.870480 0.000000
5159.881833 0.000000
4745.255396 0.000000
5639.353534 0.000000
6420.590475 0.000000
7051.224325 0.000000
7046.632501 0.000000
5695.388424 0.000000
5526.339436 0.000000
6518.587052 0.000000
7023.890451 0.000000
6753.501930 0.000000
6378.195279 0.000000
2888.775904 0.000000
2883.676978 0.000000
3266.422080 0.000000
3661.130287 0.000000
3818.048332 0.000000
3717.693127 0.000000
3409.438687 0.000000
3833.347071 0.000000
4426.621665 0.000000
5004.956950 0.000000
5456.799793 0.000000
5600.064330 0.000000
5282.959476 0.000000
3428.096882 0.000000
2348.375610 0.000000
1258.207358 0.000000
1071.927894 0.000000
1192.417096 0.000000
1336.722286 0.000000
1555.496495 0.000000
1481.943283 0.000000
1318.983529 0.000000
1593.131214 0.000000
1801.301592 0.000000
2291.340205 0.000000
2833.316517 0.000000
3322.587696 0.000000
3876.012373 0.000000
4528.582462 0.000000
5475.367346 0.000000
6119.982952 0.000000
6624.448860 0.000000
6875.128790 0.000000
6467.477081 0.000000
6167.747652 0.000000
4710.024780 0.000000
4062.875712 0.000000
1836.294339 0.000000
1729.803170 0.000000
2063.659826 0.000000
2410.722077 0.000000
2617.059862 0.000000
2799.626075 0.000000
2817.706576 0.000000
2434.024300 0.000000
2091.618336 0.000000
1987.046275 0.000000
2004.618859 0.000000
1794.603156 0.000000
1182.782930 0.000000
807.511331 0.000000
835.966178 0.000000
1081.898693 0.000000
1391.780082 0.000000
1675.811855 0.000000
2094.828766 0.000000
2391.015975 0.000000
2775.520807 0.000000
3032.288271 0.000000
3246.406903 0.000000
3303.321946 0.000000
3011.104996 0.000000
2105.676439 0.000000
1346.698289 0.000000
423.571186 0.000000
0.000000 0.000000
0.000000 0.000000
0.000000 0.000000
0.000000 0.000000
0.000000 0.000000
0.000000 0.000000
0.000000 0.000000
0.000000 0.000000
0.000000 0.000000
0.000000 0.000000
0.000000 0.000000
0.000000 0.000000
0.000000 0.000000
17.131169 0.000000
34.193676 0.000000
68.112704 0.000000
84.969225 0.000000
119.290188 0.000000
127.605250 0.000000
193.739930 0.000000
295.630907 0.000000
435.352954 0.000000
543.868881 0.000000
689.765959 0.000000
815.692355 0.000000
1040.172906 0.000000
1287.446603 0.000000
1549.500938 0.000000
1921.235857 0.000000
2194.491173 0.000000
2480.370771 0.000000
2612.447097 0.000000
2576.229320 0.000000
2055.679352 0.000000
1276.693474 0.000000
1002.705103 0.000000
761.075759 0.000000
911.553858 0.000000
1231.259610 0.000000
1520.901551 0.000000
1861.258146 0.000000
2146.143738 0.000000
2508.557152 0.000000
2853.362505 0.000000
3044.066887 0.000000
3154.605728 0.000000
2878.052177 0.000000
1857.000840 0.000000
1234.326524 0.000000
1416.378848 0.000000
1580.803433 0.000000
1646.717990 0.000000
1519.339181 0.000000
1079.202205 0.000000
644.915492 0.000000
130.837571 0.000000
107.911096 0.000000
142.463725 0.000000
167.899590 0.000000
188.577452 0.000000
229.476001 0.000000
284.258792 0.000000
336.036897 0.000000
384.985178 0.000000
435.596424 0.000000
483.167768 0.000000
491.894017 0.000000
426.852326 0.000000
296.276615 0.000000
198.791235 0.000000
118.337325 0.000000
142.520665 0.000000
181.330497 0.000000
205.612634 0.000000
225.166495 0.000000
250.339586 0.000000
275.786738 0.000000
268.779011 0.000000
320.978105 0.000000
407.431406 0.000000
503.214107 0.000000
569.446276 0.000000
656.514476 0.000000
747.199238 0.000000
833.344697 0.000000
928.747286 0.000000
963.406780 0.000000
893.169015 0.000000
665.912014 0.000000
393.351689 0.000000
138.268909 0.000000
132.446296 0.000000
230.379116 0.000000
295.000091 0.000000
469.937110 0.000000
563.664229 0.000000
750.441416 0.000000
946.971198 0.000000
1077.656870 0.000000
1415.234099 0.000000
1653.649703 0.000000
1993.340163 0.000000
2520.128875 0.000000
2935.107859 0.000000
3388.526489 0.000000
3853.163303 0.000000
4084.316062 0.000000
4010.801591 0.000000
3295.849886 0.000000
1558.211110 0.000000
242.912825 0.000000
328.482217 0.000000
386.242610 0.000000
475.066406 0.000000
573.666252 0.000000
674.586865 0.000000
830.201798 0.000000
950.929223 0.000000
1081.962851 0.000000
1190.504593 0.000000
1190.168464 0.000000
985.192785 0.000000
694.796502 0.000000
551.830355 0.000000
519.828671 0.000000
613.919420 0.000000
725.943499 0.000000
828.324482 0.000000
897.779292 0.000000
919.025106 0.000000
1071.160159 0.000000
1200.362050 0.000000
1318.373207 0.000000
1487.243867 0.000000
1578.796024 0.000000
1552.831977 0.000000
1220.599796 0.000000
726.336526 0.000000
426.145553 0.000000
102.467604 0.000000
148.577906 0.000000
232.945115 0.000000
330.625797 0.000000
424.343921 0.000000
554.323524 0.000000
696.589161 0.000000
866.239630 0.000000
1011.909621 0.000000
1179.342203 0.000000
1340.319927 0.000000
1451.452404 0.000000
1457.947633 0.000000
1229.918712 0.000000
700.950247 0.000000
386.191214 0.000000
5.613783 0.000000
20.967578 0.000000
32.934652 0.000000
48.150684 0.000000
62.182958 0.000000
82.545999 0.000000
110.636046 0.000000
150.430364 0.000000
209.391359 0.000000
252.483187 0.000000
309.681283 0.000000
397.619760 0.000000
466.068736 0.000000
562.539677 0.000000
689.748552 0.000000
825.933512 0.000000
988.064085 0.000000
1103.502020 0.000000
1217.905219 0.000000
1299.849373 0.000000
1353.185230 0.000000
1357.613981 0.000000
1201.641812 0.000000
848.188561 0.000000
738.390840 0.000000
561.447382 0.000000
212.445077 0.000000
0.000000 0.000000
0.000000 0.000000
0.000000 0.000000
0.000000 0.000000
0.000000 0.000000
0.000000 0.000000
0.000000 0.000000
0.000000 0.000000
0.000000 0.000000
0.000000 0.000000
0.000000 0.000000
0.000000 0.000000
0.000000 0.000000
0.000000 0.000000
0.000000 0.000000
0.000000 0.000000
0.000000 0.000000
0.000000 0.000000
0.000000 0.000000
0.000000 0.000000
0.000000 0.000000
0.000000 0.000000
0.000000 0.000000
0.000000 0.000000
0.000000 0.000000
0.000000 0.000000
0.000000 0.000000
0.000000 0.000000
0.000000 0.000000
0.000000 0.000000
0.000000 0.000000
0.000000 0.000000
0.000000 0.000000
0.000000 0.000000
0.000000 0.000000
0.000000 0.000000
0.000000 0.000000
0.000000 0.000000
0.000000 0.000000
0.000000 0.000000
0.000000 0.000000
0.000000 0.000000
0.000000 0.000000
0.000000 0.000000
0.000000 0.000000
0.000000 0.000000
0.000000 0.000000
0.000000 0.000000
0.000000 0.000000
0.000000 0.000000
0.000000 0.000000
0.000000 0.000000
0.000000 0.000000
0.000000 0.000000
10.766923 0.000000
21.490692 0.000000
42.808768 0.000000
63.954228 0.000000
63.954228 0.000000
74.462227 0.000000
95.348763 0.000000
110.894752 0.000000
136.581936 0.000000
229.249206 0.000000
263.189170 0.000000
329.462109 0.000000
403.884895 0.000000
471.652309 0.000000
548.870352 0.000000
666.415026 0.000000
802.465452 0.000000
912.669072 0.000000
1054.510363 0.000000
1180.693686 0.000000
1241.240406 0.000000
1130.299245 0.000000
791.629098 0.000000
671.351992 0.000000
593.811386 0.000000
350.542011 0.000000
155.066654 0.000000
190.492262 0.000000
223.824656 0.000000
266.901240 0.000000
299.014712 0.000000
321.447702 0.000000
326.345082 0.000000
290.665114 0.000000
172.154811 0.000000
151.864511 0.000000
162.135710 0.000000
156.985662 0.000000
128.005457 0.000000
80.703793 0.000000
83.922447 0.000000
77.157760 0.000000
59.281039 0.000000
26.797653 0.000000
31.198335 0.000000
35.439366 0.000000
39.112542 0.000000
41.858222 0.000000
40.742674 0.000000
34.948927 0.000000
18.447237 0.000000
10.691581 0.000000
1.930656 0.000000
2.271159 0.000000
2.750736 0.000000
3.425559 0.000000
3.901884 0.000000
4.865136 0.000000
5.692015 0.000000
6.615070 0.000000
7.994815 0.000000
9.148650 0.000000
10.001950 0.000000
10.253266 0.000000
9.295087 0.000000
6.576211 0.000000
4.607214 0.000000
5.053443 0.000000
19.322630 0.000000
39.872448 0.000000
59.284646 0.000000
85.485617 0.000000
123.478067 0.000000
147.191691 0.000000
200.619603 0.000000
226.965778 0.000000
271.563428 0.000000
321.464400 0.000000
397.270002 0.000000
477.766439 0.000000
582.330268 0.000000
696.706367 0.000000
832.967738 0.000000
981.274455 0.000000
1124.933559 0.000000
1201.817537 0.000000
1248.450081 0.000000
1131.364495 0.000000
900.734761 0.000000
747.379544 0.000000
453.495463 0.000000
138.842275 0.000000
170.327346 0.000000
213.421359 0.000000
258.348439 0.000000
329.463467 0.000000
395.684550 0.000000
449.647928 0.000000
495.180956 0.000000
537.443029 0.000000
532.561598 0.000000
521.110341 0.000000
507.145156 0.000000
551.494637 0.000000
535.656808 0.000000
601.348735 0.000000
704.521561 0.000000
786.434007 0.000000
932.885758 0.000000
1123.582252 0.000000
1284.549516 0.000000
1467.212895 0.000000
1588.268670 0.000000
1653.784550 0.000000
1574.610681 0.000000
1227.139590 0.000000
897.476436 0.000000
698.615482 0.000000
314.429474 0.000000
0.000000 0.000000
0.000000 0.000000
0.000000 0.000000
0.000000 0.000000
0.000000 0.000000
0.000000 0.000000
0.000000 0.000000
0.000000 0.000000
0.000000 0.000000
0.000000 0.000000
0.000000 0.000000
0.000000 0.000000
0.000000 0.000000
0.000000 0.000000
0.000000 0.000000
0.000000 0.000000
0.000000 0.000000
0.000000 0.000000
0.000000 0.000000
0.000000 0.000000
0.000000 0.000000
0.000000 0.000000
0.000000 0.000000
0.000000 0.000000
0.000000 0.000000
0.000000 0.000000
0.000000 0.000000
0.000000 0.000000
0.000000 0.000000
0.000000 0.000000
0.000000 0.000000
0.000000 0.000000
0.000000 0.000000
0.000000 0.000000
0.000000 0.000000
0.000000 0.000000
0.000000 0.000000
0.000000 0.000000
0.000000 0.000000
0.000000 0.000000
0.000000 0.000000
0.000000 0.000000
0.000000 0.000000
0.000000 0.000000
0.000000 0.000000
0.000000 0.000000
0.000000 0.000000
0.000000 0.000000
0.000000 0.000000
0.000000 0.000000
0.000000 0.000000
0.000000 0.000000
0.000000 0.000000
10.036886 0.000000
20.033544 0.000000
29.989974 0.000000
39.906176 0.000000
79.168704 0.000000
117.787584 0.000000
167.148023 0.000000
204.280863 0.000000
247.426642 0.000000
320.085385 0.000000
390.586204 0.000000
496.985417 0.000000
598.963730 0.000000
726.617328 0.000000
884.647350 0.000000
1032.966521 0.000000
1141.045023 0.000000
1207.442878 0.000000
1148.344535 0.000000
796.385311 0.000000
469.348823 0.000000
101.721936 0.000000
1.882228 0.000000
3.756912 0.000000
5.624052 0.000000
9.335700 0.000000
19.858566 0.000000
28.495341 0.000000
38.895070 0.000000
52.365689 0.000000
71.055444 0.000000
91.260231 0.000000
112.630865 0.000000
138.713693 0.000000
168.308230 0.000000
222.039851 0.000000
273.780952 0.000000
343.119752 0.000000
417.986576 0.000000
512.168309 0.000000
582.140534 0.000000
681.984258 0.000000
775.818224 0.000000
830.425911 0.000000
877.577753 0.000000
884.223488 0.000000
790.491138 0.000000
601.884723 0.000000
329.437678 0.000000
91.745749 0.000000
0.000000 0.000000
0.000000 0.000000
0.000000 0.000000
0.000000 0.000000
0.000000 0.000000
0.000000 0.000000
0.000000 0.000000
