7678969.607069 0.000000
7332073.085700 0.000000
7290767.918717 0.000000
7146901.317560 0.000000
6984212.713163 0.000000
6650320.731272 0.000000
6279119.080134 0.000000
6071484.947188 0.000000
6010648.147130 0.000000
5859292.231777 0.000000
5466330.996271 0.000000
4689325.636763 0.000000
4496934.118761 0.000000
4141414.283594 0.000000
3532763.554171 0.000000
2889879.299005 0.000000
2493169.473791 0.000000
2309968.202708 0.000000
2054616.548244 0.000000
1928514.616693 0.000000
1823185.548811 0.000000
1861008.578872 0.000000
1777583.635663 0.000000
1886061.026919 0.000000
1668906.252359 0.000000
1493000.160483 0.000000
1130669.589828 0.000000
1050585.087455 0.000000
971368.652299 0.000000
886253.111593 0.000000
891792.950007 0.000000
826296.790736 0.000000
792267.359254 0.000000
760629.749755 0.000000
739038.572325 0.000000
640691.402895 0.000000
589179.335608 0.000000
520975.876657 0.000000
543685.632290 0.000000
522277.487272 0.000000
429421.682313 0.000000
379726.512945 0.000000
325392.341046 0.000000
262118.283635 0.000000
171303.590816 0.000000
189278.386894 0.000000
238035.852956 0.000000
275532.110988 0.000000
307225.976183 0.000000
316913.606401 0.000000
328149.579176 0.000000
302060.462443 0.000000
313840.984395 0.000000
290214.946889 0.000000
270438.774669 0.000000
244678.026274 0.000000
228153.619221 0.000000
209279.250349 0.000000
187875.229168 0.000000
145217.554408 0.000000
161433.593677 0.000000
118905.844055 0.000000
106756.567965 0.000000
93700.296456 0.000000
61910.967690 0.000000
74430.705212 0.000000
88967.062618 0.000000
99810.355521 0.000000
118804.420733 0.000000
141934.880968 0.000000
164585.405493 0.000000
191636.696271 0.000000
207303.749609 0.000000
218663.583502 0.000000
224695.297537 0.000000
208146.441690 0.000000
147260.219574 0.000000
118941.613453 0.000000
81912.279865 0.000000
40421.000212 0.000000
48524.331765 0.000000
55075.376491 0.000000
64414.046660 0.000000
70299.920599 0.000000
70718.839729 0.000000
53907.478878 0.000000
31756.287278 0.000000
16211.473933 0.000000
3457.629200 0.000000
5193.136302 0.000000
6912.439242 0.000000
8560.833145 0.000000
11251.425916 0.000000
13245.331276 0.000000
15614.953046 0.000000
20222.736411 0.000000
24895.550774 0.000000
27941.852028 0.000000
33466.278130 0.000000
37269.374853 0.000000
44931.624933 0.000000
47912.185031 0.000000
49809.182192 0.000000
48879.707078 0.000000
43547.983967 0.000000
52681.421461 0.000000
63367.198754 0.000000
66870.901268 0.000000
65806.825377 0.000000
57207.760600 0.000000
54052.592668 0.000000
46331.594285 0.000000
32961.728443 0.000000
20527.912346 0.000000
1158.826767 0.000000
2298.962781 0.000000
3420.408039 0.000000
5067.530763 0.000000
6672.599290 0.000000
7832.864834 0.000000
9982.387226 0.000000
11951.089600 0.000000
13891.695199 0.000000
17174.977401 0.000000
22154.809226 0.000000
25693.145939 0.000000
29872.273537 0.000000
33759.233449 0.000000
37880.768696 0.000000
41259.130602 0.000000
40622.373417 0.000000
33217.848083 0.000000
13195.569845 0.000000
2405.587971 0.000000
4773.984079 0.000000
7329.832235 0.000000
11237.227386 0.000000
16420.429557 0.000000
21202.170281 0.000000
24540.240836 0.000000
31188.802105 0.000000
39232.205965 0.000000
46220.401712 0.000000
54483.079510 0.000000
61787.333454 0.000000
74501.478940 0.000000
83374.085863 0.000000
90533.131979 0.000000
92492.366088 0.000000
94649.946481 0.000000
87408.937480 0.000000
70088.038287 0.000000
75262.850992 0.000000
75305.679061 0.000000
68829.293509 0.000000
61408.322799 0.000000
61933.287840 0.000000
58222.151969 0.000000
43637.996900 0.000000
49293.685837 0.000000
58524.367371 0.000000
66227.759209 0.000000
75020.984171 0.000000
75535.844899 0.000000
65715.190562 0.000000
56575.472619 0.000000
61992.561207 0.000000
63488.078892 0.000000
57822.506428 0.000000
37417.832503 0.000000
15205.023662 0.000000
14089.797666 0.000000
12271.636051 0.000000
5750.256812 0.000000
4798.265027 0.000000
5539.991498 0.000000
6182.710301 0.000000
7004.541961 0.000000
7439.118855 0.000000
7389.018901 0.000000
6162.277175 0.000000
3734.084695 0.000000
1098.503012 0.000000
49.548912 0.000000
98.298648 0.000000
146.249208 0.000000
193.400592 0.000000
262.629213 0.000000
352.136925 0.000000
459.526200 0.000000
659.320200 0.000000
804.770232 0.000000
921.549825 0.000000
1071.395325 0.000000
1224.837117 0.000000
1392.963768 0.000000
1482.571377 0.000000
1552.798968 0.000000
1550.900925 0.000000
1301.058528 0.000000
691.627878 0.000000
106.861216 0.000000
190.205830 0.000000
294.300140 0.000000
345.700957 0.000000
396.670882 0.000000
463.901529 0.000000
669.639662 0.000000
849.705141 0.000000
1063.408649 0.000000
1292.242967 0.000000
1573.043580 0.000000
2048.990009 0.000000
2549.351555 0.000000
2938.896922 0.000000
3374.563931 0.000000
3671.770969 0.000000
4032.255344 0.000000
4043.761800 0.000000
3472.420000 0.000000
1731.307397 0.000000
1857.457142 0.000000
2090.738525 0.000000
2349.875839 0.000000
2660.404164 0.000000
2997.639379 0.000000
3205.479412 0.000000
3446.339193 0.000000
3367.445867 0.000000
2687.434602 0.000000
2281.774129 0.000000
2057.303239 0.000000
1540.973133 0.000000
983.289407 0.000000
24.283724 0.000000
24.283724 0.000000
24.283724 0.000000
36.129443 0.000000
47.777734 0.000000
64.879991 0.000000
70.482029 0.000000
97.751861 0.000000
123.787765 0.000000
162.878638 0.000000
207.300085 0.000000
264.677787 0.000000
302.584088 0.000000
349.966965 0.000000
378.470727 0.000000
384.393586 0.000000
342.069819 0.000000
211.470765 0.000000
0.000000 0.000000
0.000000 0.000000
0.000000 0.000000
0.000000 0.000000
0.000000 0.000000
0.000000 0.000000
0.000000 0.000000
0.000000 0.000000
0.000000 0.000000
0.000000 0.000000
0.000000 0.000000
0.000000 0.000000
0.000000 0.000000
0.000000 0.000000
0.000000 0.000000
0.000000 0.000000
0.000000 0.000000
0.000000 0.000000
0.000000 0.000000
0.000000 0.000000
0.000000 0.000000
0.000000 0.000000
0.000000 0.000000
0.000000 0.000000
0.000000 0.000000
0.000000 0.000000
0.000000 0.000000
0.000000 0.000000
0.000000 0.000000
0.000000 0.000000
0.000000 0.000000
0.000000 0.000000
0.000000 0.000000
0.000000 0.000000
0.000000 0.000000
0.000000 0.000000
0.000000 0.000000
0.000000 0.000000
0.000000 0.000000
0.000000 0.000000
0.000000 0.000000
0.000000 0.000000
0.000000 0.000000
0.000000 0.000000
0.000000 0.000000
0.000000 0.000000
0.000000 0.000000
0.000000 0.000000
0.000000 0.000000
0.000000 0.000000
0.000000 0.000000
0.000000 0.000000
0.000000 0.000000
0.000000 0.000000
0.000000 0.000000
0.000000 0.000000
0.000000 0.000000
0.000000 0.000000
0.000000 0.000000
0.000000 0.000000
0.000000 0.000000
0.000000 0.000000
0.000000 0.000000
0.000000 0.000000
0.000000 0.000000
0.000000 0.000000
0.000000 0.000000
0.000000 0.000000
0.000000 0.000000
0.000000 0.000000
0.000000 0.000000
0.000000 0.000000
0.000000 0.000000
0.000000 0.000000
0.000000 0.000000
0.000000 0.000000
0.000000 0.000000
0.000000 0.000000
0.000000 0.000000
0.000000 0.000000
0.000000 0.000000
0.000000 0.000000
0.000000 0.000000
0.000000 0.000000
0.000000 0.000000
0.000000 0.000000
0.000000 0.000000
0.000000 0.000000
0.000000 0.000000
0.000000 0.000000
0.000000 0.000000
0.000000 0.000000
0.000000 0.000000
0.000000 0.000000
0.000000 0.000000
0.000000 0.000000
0.000000 0.000000
0.000000 0.000000
0.000000 0.000000
0.000000 0.000000
0.000000 0.000000
0.000000 0.000000
0.000000 0.000000
0.000000 0.000000
0.000000 0.000000
0.000000 0.000000
0.000000 0.000000
0.000000 0.000000
0.000000 0.000000
0.000000 0.000000
0.000000 0.000000
0.000000 0.000000
0.000000 0.000000
0.000000 0.000000
0.000000 0.000000
0.000000 0.000000
0.000000 0.000000
0.000000 0.000000
0.000000 0.000000
0.000000 0.000000
0.000000 0.000000
0.000000 0.000000
0.000000 0.000000
0.000000 0.000000
0.000000 0.000000
0.000000 0.000000
0.000000 0.000000
0.000000 0.000000
0.000000 0.000000
0.000000 0.000000
0.000000 0.000000
0.000000 0.000000
0.000000 0.000000
0.000000 0.000000
0.000000 0.000000
0.000000 0.000000
0.000000 0.000000
0.000000 0.000000
0.000000 0.000000
0.000000 0.000000
0.000000 0.000000
0.000000 0.000000
0.000000 0.000000
0.000000 0.000000
0.000000 0.000000
0.000000 0.000000
0.000000 0.000000
0.000000 0.000000
0.000000 0.000000
0.000000 0.000000
0.000000 0.000000
0.000000 0.000000
0.000000 0.000000
0.000000 0.000000
0.000000 0.000000
0.000000 0.000000
0.000000 0.000000
0.000000 0.000000
0.000000 0.000000
0.000000 0.000000
0.000000 0.000000
0.000000 0.000000
0.000000 0.000000
0.000000 0.000000
0.000000 0.000000
0.000000 0.000000
0.000000 0.000000
0.000000 0.000000
0.000000 0.000000
0.000000 0.000000
0.000000 0.000000
0.000000 0.000000
0.000000 0.000000
0.000000 0.000000
0.000000 0.000000
0.000000 0.000000
0.000000 0.000000
0.000000 0.000000
0.000000 0.000000
0.000000 0.000000
0.000000 0.000000
0.000000 0.000000
0.000000 0.000000
0.000000 0.000000
0.000000 0.000000
0.000000 0.000000
0.000000 0.000000
0.000000 0.000000
0.000000 0.000000
0.000000 0.000000
0.000000 0.000000
0.000000 0.000000
0.000000 0.000000
0.000000 0.000000
0.000000 0.000000
0.000000 0.000000
0.000000 0.000000
0.000000 0.000000
0.000000 0.000000
0.000000 0.000000
0.000000 0.000000
0.000000 0.000000
0.000000 0.000000
0.000000 0.000000
0.000000 0.000000
0.000000 0.000000
2.214855 0.000000
4.411920 0.000000
6.591195 0.000000
8.752680 0.000000
13.022280 0.000000
19.293255 0.000000
23.384955 0.000000
29.389080 0.000000
35.233095 0.000000
44.617320 0.000000
63.697095 0.000000
73.196955 0.000000
88.950000 0.000000
104.791995 0.000000
122.537520 0.000000
132.499920 0.000000
138.664155 0.000000
136.413720 0.000000
117.627480 0.000000
31.354875 0.000000
0.000000 0.000000
0.000000 0.000000
0.000000 0.000000
0.000000 0.000000
0.000000 0.000000
0.000000 0.000000
0.000000 0.000000
0.000000 0.000000
0.000000 0.000000
0.000000 0.000000
0.000000 0.000000
0.000000 0.000000
0.000000 0.000000
0.000000 0.000000
0.000000 0.000000
0.000000 0.000000
0.000000 0.000000
0.000000 0.000000
0.000000 0.000000
0.000000 0.000000
0.000000 0.000000
0.000000 0.000000
0.000000 0.000000
0.000000 0.000000
0.000000 0.000000
0.000000 0.000000
0.000000 0.000000
0.000000 0.000000
0.000000 0.000000
0.000000 0.000000
0.000000 0.000000
0.000000 0.000000
0.000000 0.000000
0.000000 0.000000
0.000000 0.000000
0.000000 0.000000
0.000000 0.000000
0.000000 0.000000
0.000000 0.000000
0.000000 0.000000
0.000000 0.000000
0.000000 0.000000
0.000000 0.000000
0.000000 0.000000
0.000000 0.000000
0.000000 0.000000
0.000000 0.000000
0.000000 0.000000
0.000000 0.000000
0.000000 0.000000
0.000000 0.000000
0.000000 0.000000
0.000000 0.000000
0.000000 0.000000
0.000000 0.000000
0.000000 0.000000
0.000000 0.000000
0.000000 0.000000
0.000000 0.000000
0.000000 0.000000
0.000000 0.000000
0.000000 0.000000
0.000000 0.000000
0.000000 0.000000
0.000000 0.000000
0.000000 0.000000
0.000000 0.000000
0.000000 0.000000
0.000000 0.000000
0.000000 0.000000
0.000000 0.000000
0.000000 0.000000
0.000000 0.000000
0.000000 0.000000
0.000000 0.000000
0.000000 0.000000
0.000000 0.000000
0.000000 0.000000
0.000000 0.000000
0.000000 0.000000
0.000000 0.000000
0.000000 0.000000
0.000000 0.000000
0.000000 0.000000
0.000000 0.000000
0.000000 0.000000
0.000000 0.000000
0.000000 0.000000
0.000000 0.000000
0.000000 0.000000
0.000000 0.000000
0.000000 0.000000
0.000000 0.000000
0.000000 0.000000
0.000000 0.000000
0.000000 0.000000
0.000000 0.000000
0.000000 0.000000
0.000000 0.000000
0.000000 0.000000
0.000000 0.000000
0.000000 0.000000
0.178533 0.000000
0.355632 0.000000
0.531297 0.000000
0.705528 0.000000
0.878325 0.000000
1.471526 0.000000
1.802782 0.000000
2.288911 0.000000
2.683513 0.000000
3.668223 0.000000
4.728952 0.000000
5.769177 0.000000
6.795879 0.000000
8.146850 0.000000
9.448719 0.000000
10.355859 0.000000
10.939087 0.000000
10.903275 0.000000
9.444411 0.000000
5.382603 0.000000
1.597076 0.000000
0.804621 0.000000
1.112679 0.000000
1.346976 0.000000
1.789584 0.000000
2.085960 0.000000
2.338541 0.000000
2.570730 0.000000
2.767814 0.000000
2.650265 0.000000
2.140926 0.000000
1.125924 0.000000
0.213281 0.000000
0.000000 0.000000
0.000000 0.000000
0.000000 0.000000
0.000000 0.000000
0.000000 0.000000
0.000000 0.000000
0.000000 0.000000
0.000000 0.000000
0.000000 0.000000
0.000000 0.000000
0.000000 0.000000
0.000000 0.000000
0.000000 0.000000
0.000000 0.000000
0.000000 0.000000
0.000000 0.000000
0.000000 0.000000
0.000000 0.000000
0.000000 0.000000
0.000000 0.000000
0.000000 0.000000
0.000000 0.000000
0.000000 0.000000
0.000000 0.000000
0.000000 0.000000
0.000000 0.000000
0.000000 0.000000
0.000000 0.000000
0.000000 0.000000
0.000000 0.000000
0.000000 0.000000
0.000000 0.000000
0.000000 0.000000
0.000000 0.000000
0.000000 0.000000
0.000000 0.000000
0.000000 0.000000
0.000000 0.000000
0.000000 0.000000
0.000000 0.000000
0.000000 0.000000
0.000000 0.000000
0.000000 0.000000
0.000000 0.000000
0.000000 0.000000
0.000000 0.000000
0.000000 0.000000
0.000000 0.000000
0.000000 0.000000
0.000000 0.000000
0.000000 0.000000
0.000000 0.000000
0.000000 0.000000
0.000000 0.000000
0.000000 0.000000
0.000000 0.000000
0.000000 0.000000
0.000000 0.000000
0.000000 0.000000
0.000000 0.000000
0.000000 0.000000
0.000000 0.000000
0.000000 0.000000
0.000000 0.000000
0.000000 0.000000
0.000000 0.000000
0.000000 0.000000
0.000000 0.000000
0.000000 0.000000
0.000000 0.000000
0.000000 0.000000
0.000000 0.000000
0.000000 0.000000
0.000000 0.000000
0.000000 0.000000
0.000000 0.000000
0.000000 0.000000
0.000000 0.000000
0.000000 0.000000
0.000000 0.000000
0.000000 0.000000
0.000000 0.000000
0.000000 0.000000
0.000000 0.000000
0.000000 0.000000
0.000000 0.000000
0.000000 0.000000
0.000000 0.000000
0.000000 0.000000
0.000000 0.000000
0.000000 0.000000
0.000000 0.000000
0.000000 0.000000
0.000000 0.000000
0.000000 0.000000
0.000000 0.000000
0.000000 0.000000
0.000000 0.000000
0.000000 0.000000
0.000000 0.000000
0.000000 0.000000
0.000000 0.000000
0.000000 0.000000
0.000000 0.000000
0.000000 0.000000
0.000000 0.000000
0.000000 0.000000
0.000000 0.000000
0.000000 0.000000
0.000000 0.000000
0.000000 0.000000
0.000000 0.000000
0.000000 0.000000
0.000000 0.000000
0.000000 0.000000
0.000000 0.000000
0.000000 0.000000
0.000000 0.000000
0.000000 0.000000
0.000000 0.000000
0.000000 0.000000
0.000000 0.000000
0.000000 0.000000
0.000000 0.000000
0.000000 0.000000
0.000000 0.000000
0.000000 0.000000
0.000000 0.000000
0.000000 0.000000
0.000000 0.000000
0.000000 0.000000
0.000000 0.000000
0.000000 0.000000
0.000000 0.000000
0.000000 0.000000
0.000000 0.000000
0.000000 0.000000
0.000000 0.000000
0.000000 0.000000
0.000000 0.000000
0.000000 0.000000
0.000000 0.000000
0.000000 0.000000
0.000000 0.000000
0.000000 0.000000
0.000000 0.000000
0.000000 0.000000
0.000000 0.000000
0.000000 0.000000
0.000000 0.000000
0.000000 0.000000
0.000000 0.000000
0.000000 0.000000
0.000000 0.000000
0.000000 0.000000
0.000000 0.000000
0.000000 0.000000
0.000000 0.000000
0.000000 0.000000
0.000000 0.000000
0.000000 0.000000
0.000000 0.000000
0.000000 0.000000
0.000000 0.000000
0.000000 0.000000
0.000000 0.000000
0.000000 0.000000
0.000000 0.000000
0.000000 0.000000
0.000000 0.000000
0.000000 0.000000
0.000000 0.000000
0.000000 0.000000
0.000000 0.000000
0.000000 0.000000
0.000000 0.000000
0.000000 0.000000
0.000000 0.000000
0.000000 0.000000
0.000000 0.000000
0.000000 0.000000
0.000000 0.000000
0.000000 0.000000
0.000000 0.000000
0.000000 0.000000
0.000000 0.000000
0.000000 0.000000
0.000000 0.000000
0.000000 0.000000
0.000000 0.000000
0.000000 0.000000
0.000000 0.000000
0.000000 0.000000
0.000000 0.000000
0.000000 0.000000
0.000000 0.000000
0.000000 0.000000
0.000000 0.000000
0.000000 0.000000
0.000000 0.000000
0.000000 0.000000
0.000000 0.000000
0.000000 0.000000
0.000000 0.000000
0.000000 0.000000
0.000000 0.000000
0.000000 0.000000
0.000000 0.000000
0.000000 0.000000
0.000000 0.000000
0.000000 0.000000
0.000000 0.000000
0.000000 0.000000
0.000000 0.000000
0.000000 0.000000
0.000000 0.000000
0.000000 0.000000
0.000000 0.000000
0.000000 0.000000
0.000000 0.000000
0.000000 0.000000
0.000000 0.000000
0.000000 0.000000
0.000000 0.000000
0.000000 0.000000
0.000000 0.000000
0.000000 0.000000
0.000000 0.000000
0.000000 0.000000
0.000000 0.000000
0.000000 0.000000
0.000000 0.000000
0.000000 0.000000
0.000000 0.000000
0.000000 0.000000
0.000000 0.000000
0.000000 0.000000
0.000000 0.000000
0.000000 0.000000
0.000000 0.000000
0.000000 0.000000
0.000000 0.000000
0.000000 0.000000
0.000000 0.000000
0.000000 0.000000
0.000000 0.000000
0.000000 0.000000
0.000000 0.000000
0.000000 0.000000
0.000000 0.000000
0.000000 0.000000
0.000000 0.000000
0.000000 0.000000
0.000000 0.000000
0.000000 0.000000
0.000000 0.000000
0.000000 0.000000
0.000000 0.000000
0.000000 0.000000
0.000000 0.000000
0.000000 0.000000
0.000000 0.000000
0.000000 0.000000
0.000000 0.000000
0.000000 0.000000
0.000000 0.000000
0.000000 0.000000
0.000000 0.000000
0.000000 0.000000
0.000000 0.000000
0.000000 0.000000
0.000000 0.000000
0.000000 0.000000
0.000000 0.000000
0.000000 0.000000
0.000000 0.000000
0.000000 0.000000
0.000000 0.000000
0.000000 0.000000
0.000000 0.000000
0.000000 0.000000
0.000000 0.000000
0.000000 0.000000
0.000000 0.000000
0.000000 0.000000
0.000000 0.000000
0.000000 0.000000
0.000000 0.000000
0.000000 0.000000
0.000000 0.000000
0.000000 0.000000
0.000000 0.000000
0.000000 0.000000
0.000000 0.000000
0.000000 0.000000
0.000000 0.000000
0.000000 0.000000
0.000000 0.000000
0.000000 0.000000
0.000000 0.000000
0.000000 0.000000
0.000000 0.000000
0.000000 0.000000
0.000000 0.000000
0.000000 0.000000
0.000000 0.000000
0.000000 0.000000
0.000000 0.000000
0.000000 0.000000
0.000000 0.000000
0.000000 0.000000
0.000000 0.000000
0.000000 0.000000
0.000000 0.000000
0.000000 0.000000
0.000000 0.000000
0.000000 0.000000
0.000000 0.000000
0.000000 0.000000
0.000000 0.000000
0.000000 0.000000
0.000000 0.000000
0.000000 0.000000
0.000000 0.000000
0.000000 0.000000
0.000000 0.000000
0.000000 0.000000
0.000000 0.000000
0.000000 0.000000
0.000000 0.000000
0.000000 0.000000
0.000000 0.000000
0.000000 0.000000
0.000000 0.000000
0.000000 0.000000
0.000000 0.000000
0.000000 0.000000
0.000000 0.000000
0.000000 0.000000
0.000000 0.000000
0.000000 0.000000
0.000000 0.000000
0.000000 0.000000
0.000000 0.000000
0.000000 0.000000
0.000000 0.000000
0.000000 0.000000
0.000000 0.000000
0.000000 0.000000
0.000000 0.000000
0.000000 0.000000
0.000000 0.000000
0.000000 0.000000
0.000000 0.000000
0.000000 0.000000
0.000000 0.000000
0.000000 0.000000
0.000000 0.000000
0.000000 0.000000
0.000000 0.000000
0.000000 0.000000
0.000000 0.000000
0.000000 0.000000
0.000000 0.000000
0.000000 0.000000
0.000000 0.000000
0.000000 0.000000
0.000000 0.000000
0.000000 0.000000
0.000000 0.000000
0.000000 0.000000
0.000000 0.000000
0.000000 0.000000
0.000000 0.000000
0.000000 0.000000
0.000000 0.000000
0.000000 0.000000
0.000000 0.000000
0.000000 0.000000
0.000000 0.000000
0.000000 0.000000
0.000000 0.000000
0.000000 0.000000
0.000000 0.000000
0.000000 0.000000
0.000000 0.000000
0.000000 0.000000
