119892883.526441 0.000000
115875359.822340 0.000000
111451510.218540 0.000000
106492213.172666 0.000000
101111479.082747 0.000000
98423020.149473 0.000000
94789462.644979 0.000000
92979441.897031 0.000000
89468450.879376 0.000000
86440636.364892 0.000000
83070131.896286 0.000000
80131887.638255 0.000000
77620773.931725 0.000000
73265484.618825 0.000000
70217001.365704 0.000000
67972713.651888 0.000000
65015943.721046 0.000000
60925486.235702 0.000000
58759227.549812 0.000000
54679682.479066 0.000000
53327138.984993 0.000000
50612776.497812 0.000000
47047563.979967 0.000000
43822382.220878 0.000000
42205150.497769 0.000000
40876087.002363 0.000000
41458573.186592 0.000000
40633950.137711 0.000000
39006206.899566 0.000000
38638889.846540 0.000000
39465181.788714 0.000000
38283923.327708 0.000000
33998012.353878 0.000000
31329330.263461 0.000000
26733710.923544 0.000000
23083802.689328 0.000000
19066053.339233 0.000000
16118009.176050 0.000000
16075937.082265 0.000000
19328722.315179 0.000000
20303108.964755 0.000000
16865711.928562 0.000000
18095960.177775 0.000000
18244366.837593 0.000000
17950105.011912 0.000000
17669512.882655 0.000000
20014051.770449 0.000000
22136768.658284 0.000000
22894928.190095 0.000000
21191878.646396 0.000000
15133088.288794 0.000000
6568060.371427 0.000000
8765149.086688 0.000000
10714960.874292 0.000000
12434146.261380 0.000000
14893971.433936 0.000000
17555720.920932 0.000000
19106289.351803 0.000000
18556876.122487 0.000000
20897430.599417 0.000000
22517140.921688 0.000000
22933060.514409 0.000000
20750988.887264 0.000000
15789829.366722 0.000000
14879891.659490 0.000000
17479277.294778 0.000000
19810719.939466 0.000000
22441206.376932 0.000000
23386344.613151 0.000000
23435535.045575 0.000000
23003445.397498 0.000000
23169573.833474 0.000000
23023912.878885 0.000000
23206083.736213 0.000000
22846804.695154 0.000000
20723192.743041 0.000000
15283022.340950 0.000000
14867851.230605 0.000000
16386587.111581 0.000000
7463552.840840 0.000000
3960729.801751 0.000000
2523010.950405 0.000000
1989550.355639 0.000000
1677024.695643 0.000000
1734923.680710 0.000000
1744838.712745 0.000000
1856912.833161 0.000000
1754429.441971 0.000000
1732863.561293 0.000000
1675541.888207 0.000000
1578007.002082 0.000000
1324157.083116 0.000000
1303877.696410 0.000000
1209793.365226 0.000000
1125796.417406 0.000000
1092940.672577 0.000000
1028453.187001 0.000000
1000220.810280 0.000000
964407.404818 0.000000
932983.736378 0.000000
873429.370839 0.000000
854354.462811 0.000000
792092.596592 0.000000
658424.696384 0.000000
802216.301196 0.000000
950036.392582 0.000000
1086652.810859 0.000000
1185767.921772 0.000000
1136998.686175 0.000000
1100784.922518 0.000000
1125680.481276 0.000000
1125511.051035 0.000000
1066599.540947 0.000000
1091511.697758 0.000000
1116357.703111 0.000000
1128388.045227 0.000000
1113414.128977 0.000000
1188278.193770 0.000000
1191376.273757 0.000000
1099337.565026 0.000000
1093433.767911 0.000000
956466.290486 0.000000
932952.071046 0.000000
936331.733006 0.000000
836818.907227 0.000000
838031.799039 0.000000
779358.421703 0.000000
828686.133036 0.000000
822078.665479 0.000000
781136.159041 0.000000
719733.098186 0.000000
701375.984782 0.000000
662189.205605 0.000000
590461.764448 0.000000
534715.504771 0.000000
569188.599984 0.000000
547861.420386 0.000000
387627.013936 0.000000
402807.181433 0.000000
452722.497052 0.000000
496027.472121 0.000000
478793.948898 0.000000
420003.380362 0.000000
393545.666570 0.000000
337882.732300 0.000000
214246.685798 0.000000
169485.917552 0.000000
200314.197961 0.000000
235611.543989 0.000000
275383.615038 0.000000
305863.504976 0.000000
320910.543451 0.000000
301349.479167 0.000000
294920.866326 0.000000
324453.302581 0.000000
340198.299451 0.000000
341607.741165 0.000000
365715.092185 0.000000
419485.707585 0.000000
447576.185639 0.000000
471088.996544 0.000000
449015.304050 0.000000
391099.632255 0.000000
341820.888479 0.000000
346025.533778 0.000000
357994.661352 0.000000
364021.290413 0.000000
354743.670757 0.000000
379702.770934 0.000000
389442.470767 0.000000
391308.329894 0.000000
366821.977950 0.000000
357098.130436 0.000000
347155.772426 0.000000
334506.113741 0.000000
305080.300408 0.000000
302221.966526 0.000000
286168.476873 0.000000
271520.218527 0.000000
256799.514066 0.000000
262398.600106 0.000000
243110.113709 0.000000
242155.500570 0.000000
249485.814535 0.000000
251280.503787 0.000000
252715.506134 0.000000
252138.755384 0.000000
260189.334800 0.000000
246128.683654 0.000000
226909.812959 0.000000
215670.941563 0.000000
192828.423212 0.000000
175199.501548 0.000000
166113.073381 0.000000
174637.116384 0.000000
204436.288022 0.000000
222644.934388 0.000000
234503.820228 0.000000
207452.749818 0.000000
221229.520759 0.000000
224516.090572 0.000000
237916.948969 0.000000
206641.798378 0.000000
216729.316776 0.000000
212131.681287 0.000000
227698.157963 0.000000
248533.800108 0.000000
257970.316690 0.000000
263345.267458 0.000000
274067.404077 0.000000
233931.287640 0.000000
237871.874789 0.000000
228299.221368 0.000000
208816.380749 0.000000
174663.966079 0.000000
162441.027292 0.000000
133233.819636 0.000000
150078.665712 0.000000
163670.154944 0.000000
166008.411782 0.000000
154417.034322 0.000000
144023.542688 0.000000
122501.978241 0.000000
110315.879553 0.000000
123997.139900 0.000000
135051.073657 0.000000
135850.498366 0.000000
131920.711138 0.000000
129066.188833 0.000000
138146.454955 0.000000
115994.992782 0.000000
107405.961994 0.000000
97457.506472 0.000000
80955.761386 0.000000
100317.181475 0.000000
121146.756065 0.000000
136181.369850 0.000000
153080.202741 0.000000
163200.347527 0.000000
156791.671577 0.000000
150633.685335 0.000000
156463.736126 0.000000
168086.348535 0.000000
169243.859195 0.000000
165460.944145 0.000000
154003.368573 0.000000
145330.165233 0.000000
136531.049570 0.000000
119357.238117 0.000000
107888.679595 0.000000
95824.347180 0.000000
85526.988653 0.000000
91097.772498 0.000000
90937.816117 0.000000
94277.838241 0.000000
91269.323551 0.000000
88093.218312 0.000000
76325.658521 0.000000
79093.044271 0.000000
93150.182845 0.000000
108342.432525 0.000000
121784.402635 0.000000
128540.682721 0.000000
132358.182493 0.000000
130499.139837 0.000000
129481.755320 0.000000
134167.406998 0.000000
131006.197204 0.000000
133035.871464 0.000000
137256.077345 0.000000
138512.716051 0.000000
124139.625305 0.000000
104658.008023 0.000000
81186.535241 0.000000
73034.883439 0.000000
56380.014681 0.000000
25058.887656 0.000000
5208.409581 0.000000
6774.616209 0.000000
8808.742982 0.000000
10187.076309 0.000000
12697.819535 0.000000
15841.987691 0.000000
19363.733908 0.000000
24711.144192 0.000000
30918.090257 0.000000
37386.428649 0.000000
45114.832834 0.000000
53876.300996 0.000000
65172.234954 0.000000
76089.007567 0.000000
86933.802496 0.000000
94162.595641 0.000000
97250.900890 0.000000
91961.678733 0.000000
58864.496903 0.000000
40976.620304 0.000000
15757.494111 0.000000
19219.718682 0.000000
23967.281355 0.000000
29114.300043 0.000000
34787.111752 0.000000
42957.662361 0.000000
52562.210078 0.000000
61241.052004 0.000000
72227.496900 0.000000
81889.465541 0.000000
90338.137931 0.000000
90673.746586 0.000000
89139.404323 0.000000
86687.952891 0.000000
76385.566850 0.000000
67205.056646 0.000000
55033.513909 0.000000
55342.417758 0.000000
48642.318306 0.000000
50273.075951 0.000000
57143.881198 0.000000
62741.885558 0.000000
64455.639187 0.000000
59980.395765 0.000000
61473.253252 0.000000
64671.701168 0.000000
55713.279710 0.000000
55124.062080 0.000000
56937.525283 0.000000
55817.593466 0.000000
56955.685182 0.000000
57447.226494 0.000000
57387.289479 0.000000
51517.252540 0.000000
57326.195350 0.000000
65910.783046 0.000000
72388.231389 0.000000
76691.399740 0.000000
78593.339070 0.000000
80372.553031 0.000000
73977.649046 0.000000
68744.843685 0.000000
70564.875314 0.000000
66063.091458 0.000000
61634.392567 0.000000
61798.402422 0.000000
59862.884690 0.000000
55018.565900 0.000000
47642.068684 0.000000
54015.528120 0.000000
58297.458893 0.000000
57787.261181 0.000000
52206.026722 0.000000
49212.786653 0.000000
45815.426947 0.000000
47104.644568 0.000000
44044.645798 0.000000
39477.382444 0.000000
41812.424297 0.000000
40513.991986 0.000000
41913.333768 0.000000
39024.675439 0.000000
36700.526833 0.000000
37899.270518 0.000000
36645.030736 0.000000
40939.018140 0.000000
41903.534792 0.000000
42566.299937 0.000000
45714.909643 0.000000
51279.662137 0.000000
56076.739554 0.000000
63170.842218 0.000000
71637.546789 0.000000
78562.143222 0.000000
81445.062775 0.000000
81515.167671 0.000000
67850.638962 0.000000
47098.963194 0.000000
33652.522109 0.000000
27538.142579 0.000000
27677.249094 0.000000
25299.949257 0.000000
18571.071109 0.000000
13208.361283 0.000000
9130.544852 0.000000
11407.149120 0.000000
14046.858063 0.000000
16853.975755 0.000000
20729.762285 0.000000
25373.532495 0.000000
29476.305235 0.000000
33576.138906 0.000000
36212.047242 0.000000
36907.783783 0.000000
34585.695455 0.000000
26024.638794 0.000000
20877.359285 0.000000
23455.630417 0.000000
26620.204009 0.000000
29919.928289 0.000000
31340.366213 0.000000
30010.240496 0.000000
32592.117615 0.000000
38155.643728 0.000000
43991.988578 0.000000
49043.244556 0.000000
55233.244139 0.000000
59968.880382 0.000000
63465.067926 0.000000
62585.526482 0.000000
58244.067145 0.000000
40929.511444 0.000000
27579.877403 0.000000
30730.462336 0.000000
32359.214255 0.000000
30008.114500 0.000000
22253.895834 0.000000
24040.471303 0.000000
27461.087030 0.000000
30135.229276 0.000000
31939.893004 0.000000
33314.912308 0.000000
32901.518936 0.000000
34726.921926 0.000000
33079.541493 0.000000
29682.641940 0.000000
22401.400150 0.000000
19476.452224 0.000000
14687.813628 0.000000
9421.464950 0.000000
9363.156501 0.000000
11494.733716 0.000000
13782.620663 0.000000
16258.630281 0.000000
18192.044373 0.000000
19834.122149 0.000000
21336.288019 0.000000
22020.069353 0.000000
20868.408521 0.000000
20191.178701 0.000000
20748.712644 0.000000
23986.721874 0.000000
26847.062797 0.000000
28781.254595 0.000000
28171.652099 0.000000
26400.077833 0.000000
22782.844679 0.000000
17299.229009 0.000000
15698.561231 0.000000
13926.602319 0.000000
13537.359401 0.000000
15533.937600 0.000000
14920.286103 0.000000
13151.850533 0.000000
11334.506132 0.000000
7809.425588 0.000000
9210.300212 0.000000
10899.696402 0.000000
13115.769243 0.000000
14988.437722 0.000000
16973.479256 0.000000
18252.808760 0.000000
18371.478209 0.000000
16198.621290 0.000000
11833.175044 0.000000
9009.690542 0.000000
5217.757870 0.000000
477.898970 0.000000
170.665729 0.000000
221.772120 0.000000
272.775548 0.000000
382.400251 0.000000
693.214728 0.000000
892.844309 0.000000
1200.162986 0.000000
1733.803345 0.000000
2097.629995 0.000000
2630.667622 0.000000
3415.128304 0.000000
4106.858966 0.000000
5109.504222 0.000000
5905.333046 0.000000
6817.709981 0.000000
8007.130065 0.000000
9524.442435 0.000000
11067.205491 0.000000
12983.013353 0.000000
14281.555643 0.000000
14805.512505 0.000000
13402.219609 0.000000
11242.746461 0.000000
10477.649832 0.000000
11034.554860 0.000000
13525.042797 0.000000
16730.780605 0.000000
20469.898050 0.000000
24372.583370 0.000000
27613.766860 0.000000
30311.744559 0.000000
32398.123259 0.000000
34083.118151 0.000000
35566.691006 0.000000
34432.128697 0.000000
36088.085590 0.000000
39852.183256 0.000000
41689.267507 0.000000
39382.681693 0.000000
28865.047418 0.000000
20181.386979 0.000000
17082.310663 0.000000
19737.545562 0.000000
22216.671339 0.000000
23839.231463 0.000000
23853.175104 0.000000
20564.477581 0.000000
16636.898060 0.000000
15112.831970 0.000000
13469.756670 0.000000
11587.320356 0.000000
12370.794638 0.000000
15572.036603 0.000000
18761.684692 0.000000
22068.800772 0.000000
24961.592089 0.000000
27469.812187 0.000000
28505.519519 0.000000
26734.784388 0.000000
23762.385562 0.000000
20523.477906 0.000000
19316.594778 0.000000
14917.742590 0.000000
8807.374232 0.000000
5184.357244 0.000000
2799.646057 0.000000
2671.372154 0.000000
3675.186675 0.000000
4899.701665 0.000000
6416.180067 0.000000
7821.346751 0.000000
9148.638268 0.000000
10924.120030 0.000000
13170.982948 0.000000
15465.487165 0.000000
17614.721822 0.000000
19242.045230 0.000000
20282.933814 0.000000
19492.815019 0.000000
15920.639248 0.000000
9711.152741 0.000000
10887.317188 0.000000
11682.569432 0.000000
11441.098195 0.000000
9407.777755 0.000000
4426.537081 0.000000
1810.240032 0.000000
1490.687470 0.000000
2083.268166 0.000000
2424.972984 0.000000
2873.018553 0.000000
3429.831355 0.000000
4276.507063 0.000000
5192.959694 0.000000
5929.315166 0.000000
6608.739700 0.000000
7370.825933 0.000000
7933.061359 0.000000
9187.233497 0.000000
10970.094274 0.000000
12737.914814 0.000000
14901.066216 0.000000
17411.926130 0.000000
20238.345491 0.000000
22584.452557 0.000000
23988.907213 0.000000
24015.855874 0.000000
24012.642630 0.000000
21293.526332 0.000000
17867.593212 0.000000
15182.803485 0.000000
15065.431989 0.000000
15189.039991 0.000000
12701.845755 0.000000
5935.742327 0.000000
3879.301711 0.000000
4707.966023 0.000000
5584.743532 0.000000
6324.748485 0.000000
7179.991572 0.000000
7854.364405 0.000000
8170.511795 0.000000
7596.067285 0.000000
7861.791190 0.000000
7318.749234 0.000000
5400.787992 0.000000
2866.617399 0.000000
2310.797363 0.000000
2787.045907 0.000000
3218.327004 0.000000
3584.920702 0.000000
3808.145249 0.000000
3352.162645 0.000000
1922.165602 0.000000
790.537827 0.000000
97.589712 0.000000
123.446229 0.000000
152.754447 0.000000
217.892969 0.000000
306.185462 0.000000
390.348754 0.000000
508.252364 0.000000
633.739897 0.000000
761.653103 0.000000
917.681487 0.000000
1098.454706 0.000000
1255.537692 0.000000
1456.211193 0.000000
1651.977831 0.000000
1797.297596 0.000000
1829.328259 0.000000
1639.340747 0.000000
1116.335510 0.000000
867.871395 0.000000
543.892905 0.000000
1.901809 0.000000
3.795995 0.000000
5.682559 0.000000
9.998778 0.000000
14.294736 0.000000
18.570432 0.000000
27.287466 0.000000
36.653169 0.000000
49.975199 0.000000
65.022794 0.000000
77.831014 0.000000
96.299395 0.000000
122.641521 0.000000
150.996775 0.000000
183.890111 0.000000
220.038566 0.000000
266.302144 0.000000
321.529981 0.000000
376.396783 0.000000
423.081738 0.000000
452.146611 0.000000
453.631850 0.000000
487.279954 0.000000
531.014414 0.000000
560.791028 0.000000
536.327146 0.000000
423.764707 0.000000
247.684817 0.000000
186.261599 0.000000
0.000000 0.000000
0.000000 0.000000
20.846133 0.000000
41.650532 0.000000
62.413197 0.000000
83.134128 0.000000
145.046517 0.000000
165.600512 0.000000
257.572302 0.000000
378.893034 0.000000
558.016298 0.000000
751.226940 0.000000
1003.291782 0.000000
1314.247704 0.000000
1541.549918 0.000000
1944.552473 0.000000
2315.687740 0.000000
2953.091625 0.000000
3620.415215 0.000000
4309.777168 0.000000
5093.230808 0.000000
5856.298482 0.000000
6327.417270 0.000000
6610.015389 0.000000
6486.574562 0.000000
5520.861626 0.000000
5227.514447 0.000000
5359.982582 0.000000
6376.103728 0.000000
7633.615090 0.000000
8855.907285 0.000000
10338.721596 0.000000
11432.864861 0.000000
12067.054814 0.000000
11619.141914 0.000000
9201.309326 0.000000
7677.417225 0.000000
7217.583332 0.000000
5427.218425 0.000000
3427.563293 0.000000
3207.821787 0.000000
3596.177841 0.000000
3901.848525 0.000000
3800.969601 0.000000
2907.348143 0.000000
1568.319534 0.000000
724.544830 0.000000
267.126063 0.000000
340.846473 0.000000
444.927546 0.000000
564.937445 0.000000
684.378703 0.000000
807.622696 0.000000
965.743986 0.000000
1229.264478 0.000000
1431.802263 0.000000
1630.680797 0.000000
1859.770859 0.000000
2020.871070 0.000000
2050.636895 0.000000
1873.663644 0.000000
1733.864327 0.000000
1692.554009 0.000000
2076.807854 0.000000
2515.598477 0.000000
2893.890693 0.000000
3215.672767 0.000000
3564.949713 0.000000
3702.068879 0.000000
3392.940089 0.000000
2447.998146 0.000000
1415.592298 0.000000
411.049011 0.000000
0.000000 0.000000
0.000000 0.000000
0.000000 0.000000
0.000000 0.000000
0.000000 0.000000
0.000000 0.000000
0.000000 0.000000
0.000000 0.000000
0.000000 0.000000
0.000000 0.000000
0.000000 0.000000
0.000000 0.000000
0.000000 0.000000
0.000000 0.000000
0.000000 0.000000
0.000000 0.000000
0.000000 0.000000
0.000000 0.000000
0.000000 0.000000
0.000000 0.000000
0.000000 0.000000
0.000000 0.000000
0.000000 0.000000
0.000000 0.000000
0.000000 0.000000
0.929070 0.000000
2.318955 0.000000
3.243375 0.000000
4.165935 0.000000
6.922455 0.000000
9.660375 0.000000
14.185755 0.000000
19.104990 0.000000
26.154390 0.000000
31.790655 0.000000
40.098132 0.000000
51.697574 0.000000
61.678351 0.000000
75.174068 0.000000
90.959478 0.000000
108.047790 0.000000
128.939807 0.000000
156.073079 0.000000
176.629827 0.000000
198.037547 0.000000
212.927407 0.000000
209.454480 0.000000
181.097337 0.000000
118.467854 0.000000
105.660521 0.000000
74.263459 0.000000
8.624616 0.000000
0.000000 0.000000
0.000000 0.000000
0.000000 0.000000
0.000000 0.000000
0.000000 0.000000
20.424555 0.000000
40.808220 0.000000
61.150995 0.000000
121.933980 0.000000
162.251520 0.000000
202.405500 0.000000
222.421155 0.000000
262.329795 0.000000
390.897697 0.000000
459.398196 0.000000
667.856336 0.000000
837.859897 0.000000
1050.166342 0.000000
1212.523559 0.000000
1466.415181 0.000000
1892.855252 0.000000
2242.972941 0.000000
2592.450123 0.000000
3231.192070 0.000000
3795.163380 0.000000
4312.144439 0.000000
4796.137746 0.000000
5009.775085 0.000000
4652.251400 0.000000
3155.330449 0.000000
1544.898188 0.000000
30.482856 0.000000
0.000000 0.000000
0.000000 0.000000
0.000000 0.000000
0.000000 0.000000
0.000000 0.000000
0.000000 0.000000
0.000000 0.000000
0.000000 0.000000
0.000000 0.000000
0.000000 0.000000
0.000000 0.000000
0.000000 0.000000
0.000000 0.000000
0.000000 0.000000
0.000000 0.000000
69.935994 0.000000
139.731976 0.000000
209.387946 0.000000
348.279850 0.000000
417.515784 0.000000
555.567616 0.000000
829.991136 0.000000
982.645523 0.000000
1186.052351 0.000000
1555.657818 0.000000
1821.652940 0.000000
2297.255417 0.000000
2984.024166 0.000000
3751.891115 0.000000
4883.374664 0.000000
6088.127177 0.000000
7399.454421 0.000000
8868.589734 0.000000
10665.047164 0.000000
12333.156957 0.000000
14162.357232 0.000000
15819.633060 0.000000
16520.021092 0.000000
15614.609409 0.000000
11553.006222 0.000000
8561.315919 0.000000
8865.432648 0.000000
8035.958754 0.000000
5249.965263 0.000000
2739.164016 0.000000
3326.421301 0.000000
3950.240860 0.000000
4431.709270 0.000000
4862.360435 0.000000
4986.233873 0.000000
4609.237325 0.000000
4301.334639 0.000000
4718.964043 0.000000
4879.019099 0.000000
4613.964792 0.000000
4886.570267 0.000000
5652.350464 0.000000
6884.936365 0.000000
8504.600402 0.000000
9716.065030 0.000000
11020.511596 0.000000
12020.748868 0.000000
12351.520437 0.000000
11565.556701 0.000000
11229.022646 0.000000
9561.889535 0.000000
7719.168140 0.000000
6072.850928 0.000000
4782.242740 0.000000
4353.171037 0.000000
3025.811749 0.000000
293.940265 0.000000
315.737090 0.000000
391.154937 0.000000
451.473827 0.000000
560.081473 0.000000
698.833882 0.000000
855.541054 0.000000
1143.896839 0.000000
1434.680961 0.000000
1792.811370 0.000000
2262.401890 0.000000
2726.848595 0.000000
3110.033636 0.000000
3415.324197 0.000000
3555.942899 0.000000
3384.853938 0.000000
3000.798599 0.000000
2443.576937 0.000000
2644.448307 0.000000
2891.245766 0.000000
2985.091165 0.000000
3124.906845 0.000000
3123.245889 0.000000
3045.955408 0.000000
2635.380141 0.000000
1983.544171 0.000000
1472.051656 0.000000
1308.411980 0.000000
1538.573711 0.000000
2002.013820 0.000000
2360.129217 0.000000
2914.227909 0.000000
3386.076440 0.000000
4096.643859 0.000000
4886.741324 0.000000
5653.771617 0.000000
6255.284238 0.000000
6802.588532 0.000000
6762.104668 0.000000
6421.047500 0.000000
6918.637225 0.000000
7335.111262 0.000000
7771.252022 0.000000
7566.031064 0.000000
6346.043414 0.000000
5103.164326 0.000000
3363.765135 0.000000
2815.131501 0.000000
3053.934992 0.000000
2875.866188 0.000000
2773.317392 0.000000
2294.538200 0.000000
2108.034725 0.000000
2280.597592 0.000000
2262.562079 0.000000
1956.216722 0.000000
1485.301928 0.000000
1173.923280 0.000000
670.170555 0.000000
204.578459 0.000000
76.975177 0.000000
127.338313 0.000000
177.498368 0.000000
277.209237 0.000000
326.760052 0.000000
414.019893 0.000000
560.231757 0.000000
746.468115 0.000000
888.427010 0.000000
1122.840461 0.000000
1388.909773 0.000000
1687.307744 0.000000
2161.998057 0.000000
2597.810913 0.000000
3055.551128 0.000000
3685.959148 0.000000
4371.154783 0.000000
4990.066391 0.000000
5468.444005 0.000000
5844.741826 0.000000
5841.649697 0.000000
5085.298893 0.000000
3328.786905 0.000000
3192.857618 0.000000
2936.734354 0.000000
1956.405920 0.000000
696.721534 0.000000
847.433670 0.000000
1011.801633 0.000000
1197.572373 0.000000
1419.840729 0.000000
1641.427490 0.000000
1828.572957 0.000000
1964.536592 0.000000
1906.499777 0.000000
1859.185523 0.000000
2110.208956 0.000000
2298.243258 0.000000
2238.537495 0.000000
2191.530508 0.000000
2223.647880 0.000000
2255.729858 0.000000
2635.729684 0.000000
3095.531526 0.000000
3571.788542 0.000000
4094.458790 0.000000
4585.844365 0.000000
4865.104399 0.000000
4783.891103 0.000000
4012.077711 0.000000
2559.046030 0.000000
1786.224353 0.000000
1852.887767 0.000000
2130.094126 0.000000
2380.475773 0.000000
2545.289638 0.000000
2541.584045 0.000000
2222.866823 0.000000
1361.712048 0.000000
1553.806357 0.000000
1672.091754 0.000000
1671.912369 0.000000
1443.137399 0.000000
1118.830689 0.000000
921.594462 0.000000
776.926091 0.000000
686.261236 0.000000
850.614998 0.000000
1001.721051 0.000000
1178.290049 0.000000
1322.931973 0.000000
1436.899847 0.000000
1437.197343 0.000000
1406.416559 0.000000
1246.918154 0.000000
1285.920273 0.000000
1168.695483 0.000000
790.379239 0.000000
723.224404 0.000000
589.708382 0.000000
622.327826 0.000000
669.450009 0.000000
667.977361 0.000000
574.879760 0.000000
331.778400 0.000000
199.399921 0.000000
236.338199 0.000000
266.324515 0.000000
299.788660 0.000000
326.648127 0.000000
332.934164 0.000000
295.311450 0.000000
172.074542 0.000000
145.421140 0.000000
163.240159 0.000000
169.630311 0.000000
157.399164 0.000000
111.889985 0.000000
47.095248 0.000000
56.713947 0.000000
66.353007 0.000000
119.092671 0.000000
128.567169 0.000000
177.180813 0.000000
262.106583 0.000000
330.765125 0.000000
427.893974 0.000000
523.040451 0.000000
617.506953 0.000000
787.360305 0.000000
966.642056 0.000000
1225.351440 0.000000
1471.935242 0.000000
1886.200413 0.000000
2460.703748 0.000000
3082.968090 0.000000
3582.001236 0.000000
4400.275483 0.000000
5185.958957 0.000000
6272.356467 0.000000
7722.656241 0.000000
8827.216623 0.000000
9648.106113 0.000000
9902.377201 0.000000
9081.169383 0.000000
7232.308884 0.000000
6713.223342 0.000000
5038.133557 0.000000
2518.995265 0.000000
978.160727 0.000000
2.614996 0.000000
0.000000 0.000000
0.000000 0.000000
0.000000 0.000000
0.000000 0.000000
0.000000 0.000000
0.000000 0.000000
0.000000 0.000000
0.000000 0.000000
0.000000 0.000000
0.000000 0.000000
0.000000 0.000000
0.000000 0.000000
0.000000 0.000000
0.000000 0.000000
0.000000 0.000000
0.000000 0.000000
0.000000 0.000000
0.000000 0.000000
0.000000 0.000000
0.000000 0.000000
0.000000 0.000000
0.000000 0.000000
0.000000 0.000000
0.000000 0.000000
0.000000 0.000000
0.000000 0.000000
0.000000 0.000000
0.000000 0.000000
0.000000 0.000000
0.000000 0.000000
0.000000 0.000000
0.000000 0.000000
0.000000 0.000000
0.000000 0.000000
0.000000 0.000000
0.000000 0.000000
0.000000 0.000000
0.000000 0.000000
0.000000 0.000000
0.000000 0.000000
0.000000 0.000000
0.000000 0.000000
0.000000 0.000000
0.000000 0.000000
0.000000 0.000000
0.000000 0.000000
0.000000 0.000000
0.000000 0.000000
0.000000 0.000000
0.000000 0.000000
0.000000 0.000000
0.000000 0.000000
31.840128 0.000000
63.616512 0.000000
95.329152 0.000000
126.978048 0.000000
174.323904 0.000000
252.904320 0.000000
315.405312 0.000000
393.220800 0.000000
570.468960 0.000000
767.820384 0.000000
939.506880 0.000000
1167.495264 0.000000
1568.492832 0.000000
1990.960176 0.000000
2354.615712 0.000000
2755.327200 0.000000
3423.755269 0.000000
4032.099758 0.000000
4700.764830 0.000000
5400.074467 0.000000
5977.391631 0.000000
6433.524822 0.000000
6375.668477 0.000000
5421.689390 0.000000
4172.990755 0.000000
2064.842476 0.000000
1123.588021 0.000000
135.474464 0.000000
192.431807 0.000000
247.842807 0.000000
292.734326 0.000000
349.500552 0.000000
428.612453 0.000000
541.986466 0.000000
684.985056 0.000000
837.871947 0.000000
972.770756 0.000000
1138.517994 0.000000
1332.997057 0.000000
1567.316997 0.000000
1768.377900 0.000000
1900.702108 0.000000
2000.074689 0.000000
2243.311888 0.000000
2388.977054 0.000000
2399.483472 0.000000
2608.670613 0.000000
2757.956729 0.000000
2718.911050 0.000000
2431.409410 0.000000
2019.992397 0.000000
1896.967951 0.000000
1931.208345 0.000000
1748.499215 0.000000
1153.343385 0.000000
1369.958128 0.000000
1622.932241 0.000000
1926.802224 0.000000
2183.473596 0.000000
2325.341363 0.000000
2291.044162 0.000000
1951.527061 0.000000
1398.583575 0.000000
749.617779 0.000000
91.116869 0.000000
0.000000 0.000000
0.000000 0.000000
0.000000 0.000000
0.000000 0.000000
0.000000 0.000000
0.000000 0.000000
0.000000 0.000000
0.000000 0.000000
0.000000 0.000000
0.000000 0.000000
0.000000 0.000000
0.000000 0.000000
0.000000 0.000000
0.000000 0.000000
0.000000 0.000000
0.000000 0.000000
0.000000 0.000000
0.000000 0.000000
0.000000 0.000000
0.000000 0.000000
0.000000 0.000000
0.000000 0.000000
0.000000 0.000000
0.000000 0.000000
0.000000 0.000000
0.000000 0.000000
0.000000 0.000000
0.000000 0.000000
0.000000 0.000000
0.000000 0.000000
0.000000 0.000000
0.000000 0.000000
0.000000 0.000000
0.000000 0.000000
0.000000 0.000000
0.000000 0.000000
0.000000 0.000000
0.000000 0.000000
0.000000 0.000000
0.000000 0.000000
0.000000 0.000000
0.000000 0.000000
0.000000 0.000000
0.000000 0.000000
0.000000 0.000000
0.000000 0.000000
0.000000 0.000000
0.000000 0.000000
0.000000 0.000000
0.000000 0.000000
0.000000 0.000000
0.000000 0.000000
0.000000 0.000000
0.000000 0.000000
0.000000 0.000000
0.000000 0.000000
0.000000 0.000000
0.000000 0.000000
0.000000 0.000000
0.000000 0.000000
0.000000 0.000000
0.000000 0.000000
0.000000 0.000000
0.000000 0.000000
0.000000 0.000000
0.000000 0.000000
0.000000 0.000000
0.000000 0.000000
0.000000 0.000000
0.000000 0.000000
0.000000 0.000000
0.000000 0.000000
0.000000 0.000000
0.000000 0.000000
0.000000 0.000000
0.000000 0.000000
0.000000 0.000000
0.000000 0.000000
0.000000 0.000000
8.611380 0.000000
17.205520 0.000000
25.782420 0.000000
51.409680 0.000000
76.881780 0.000000
85.338000 0.000000
102.198720 0.000000
127.360500 0.000000
139.881050 0.000000
173.085290 0.000000
205.996450 0.000000
274.995240 0.000000
364.317835 0.000000
466.660940 0.000000
567.308060 0.000000
689.276750 0.000000
817.406585 0.000000
1027.819389 0.000000
1219.138986 0.000000
1431.961308 0.000000
1654.731319 0.000000
1867.797750 0.000000
1970.616722 0.000000
1908.707219 0.000000
1482.086938 0.000000
1066.417426 0.000000
1075.515985 0.000000
949.158998 0.000000
575.635008 0.000000
217.414700 0.000000
263.656792 0.000000
310.404251 0.000000
356.049621 0.000000
416.361904 0.000000
467.211112 0.000000
499.326160 0.000000
482.040180 0.000000
366.503381 0.000000
350.194609 0.000000
312.653475 0.000000
205.080376 0.000000
137.420863 0.000000
93.532323 0.000000
113.507032 0.000000
142.135010 0.000000
180.394221 0.000000
218.329960 0.000000
271.877398 0.000000
318.089979 0.000000
368.694022 0.000000
415.464352 0.000000
456.321030 0.000000
485.119990 0.000000
478.866239 0.000000
409.341760 0.000000
303.114340 0.000000
247.116658 0.000000
127.441957 0.000000
