1236512.841468 0.000000
1194903.423990 0.000000
1129951.248343 0.000000
1036128.083561 0.000000
1013191.663670 0.000000
951527.107609 0.000000
943718.110921 0.000000
913334.224677 0.000000
888706.508529 0.000000
881862.363439 0.000000
862892.159057 0.000000
837137.901258 0.000000
783949.157546 0.000000
753282.542449 0.000000
773218.385550 0.000000
787091.163482 0.000000
791547.769352 0.000000
762939.129927 0.000000
704423.668299 0.000000
673851.606628 0.000000
630364.453523 0.000000
684318.393191 0.000000
641992.195286 0.000000
642442.462292 0.000000
637987.249055 0.000000
600889.890279 0.000000
546532.140327 0.000000
573228.542110 0.000000
584960.021018 0.000000
576444.550358 0.000000
501949.498070 0.000000
167315.161570 0.000000
15556.452166 0.000000
5475.505189 0.000000
6365.931781 0.000000
8093.229289 0.000000
9493.699708 0.000000
11238.785152 0.000000
13078.171664 0.000000
11807.100163 0.000000
10941.678603 0.000000
14222.754724 0.000000
17308.328039 0.000000
20899.279188 0.000000
25258.751046 0.000000
26330.636959 0.000000
25481.547260 0.000000
21480.245324 0.000000
20350.320957 0.000000
14889.979903 0.000000
10941.207664 0.000000
8186.891908 0.000000
8632.292759 0.000000
8499.302101 0.000000
8611.118151 0.000000
8857.321305 0.000000
8913.828196 0.000000
7786.754751 0.000000
7501.836300 0.000000
7937.422496 0.000000
8642.807272 0.000000
8794.584575 0.000000
8534.741443 0.000000
7565.862416 0.000000
3759.243297 0.000000
3584.157654 0.000000
3181.281643 0.000000
1083.461537 0.000000
0.000000 0.000000
0.000000 0.000000
0.000000 0.000000
0.000000 0.000000
0.000000 0.000000
0.000000 0.000000
0.000000 0.000000
0.000000 0.000000
0.000000 0.000000
0.000000 0.000000
0.000000 0.000000
0.000000 0.000000
0.000000 0.000000
0.000000 0.000000
0.000000 0.000000
0.000000 0.000000
0.000000 0.000000
0.000000 0.000000
0.000000 0.000000
0.000000 0.000000
0.000000 0.000000
0.000000 0.000000
0.000000 0.000000
0.000000 0.000000
4.026726 0.000000
7.972104 0.000000
15.618816 0.000000
22.940136 0.000000
26.478774 0.000000
42.951744 0.000000
56.028435 0.000000
62.556612 0.000000
80.839575 0.000000
93.417992 0.000000
98.715774 0.000000
97.007494 0.000000
68.993331 0.000000
33.556224 0.000000
41.030091 0.000000
46.521036 0.000000
49.449468 0.000000
56.330334 0.000000
45.073288 0.000000
20.717300 0.000000
23.808372 0.000000
25.369160 0.000000
24.723492 0.000000
19.497140 0.000000
6.482100 0.000000
7.979338 0.000000
9.587153 0.000000
10.896283 0.000000
11.953755 0.000000
12.579087 0.000000
11.714807 0.000000
6.046147 0.000000
4.569245 0.000000
5.738565 0.000000
6.220274 0.000000
6.024540 0.000000
4.401473 0.000000
1.493425 0.000000
1.244309 0.000000
1.950861 0.000000
3.807163 0.000000
4.192023 0.000000
5.871909 0.000000
5.559483 0.000000
4.529703 0.000000
5.734410 0.000000
5.835517 0.000000
7.110904 0.000000
6.550745 0.000000
2.923051 0.000000
0.000000 0.000000
0.000000 0.000000
0.000000 0.000000
0.000000 0.000000
0.000000 0.000000
0.000000 0.000000
0.000000 0.000000
0.000000 0.000000
0.000000 0.000000
0.000000 0.000000
0.000000 0.000000
0.000000 0.000000
0.000000 0.000000
0.000000 0.000000
0.000000 0.000000
0.000000 0.000000
0.000000 0.000000
0.000000 0.000000
0.000000 0.000000
0.000000 0.000000
0.000000 0.000000
0.000000 0.000000
0.000000 0.000000
0.000000 0.000000
0.000000 0.000000
0.000000 0.000000
0.000000 0.000000
0.000000 0.000000
0.000000 0.000000
0.000000 0.000000
0.000000 0.000000
0.000000 0.000000
0.000000 0.000000
0.000000 0.000000
0.000000 0.000000
0.000000 0.000000
0.000000 0.000000
0.000000 0.000000
0.000000 0.000000
0.000000 0.000000
0.000000 0.000000
0.000000 0.000000
0.000000 0.000000
0.000000 0.000000
0.000000 0.000000
0.000000 0.000000
0.000000 0.000000
0.000000 0.000000
0.000000 0.000000
0.000000 0.000000
0.000000 0.000000
0.000000 0.000000
0.000000 0.000000
0.000000 0.000000
0.000000 0.000000
0.000000 0.000000
0.000000 0.000000
0.000000 0.000000
0.000000 0.000000
0.000000 0.000000
0.000000 0.000000
0.000000 0.000000
0.000000 0.000000
0.000000 0.000000
775.256427 0.000000
1534.851108 0.000000
2278.784043 0.000000
4012.453938 0.000000
6303.044316 0.000000
8166.469251 0.000000
10431.771387 0.000000
11470.451979 0.000000
12160.395909 0.000000
15288.204003 0.000000
17197.645659 0.000000
19040.827725 0.000000
19520.005122 0.000000
17961.824166 0.000000
11266.531848 0.000000
0.000000 0.000000
0.000000 0.000000
0.000000 0.000000
0.000000 0.000000
0.000000 0.000000
0.000000 0.000000
0.000000 0.000000
0.000000 0.000000
0.000000 0.000000
0.000000 0.000000
0.000000 0.000000
0.000000 0.000000
0.000000 0.000000
0.000000 0.000000
0.000000 0.000000
0.000000 0.000000
0.000000 0.000000
0.000000 0.000000
0.000000 0.000000
0.000000 0.000000
0.000000 0.000000
0.000000 0.000000
0.000000 0.000000
0.000000 0.000000
0.000000 0.000000
0.000000 0.000000
0.000000 0.000000
0.000000 0.000000
0.000000 0.000000
0.000000 0.000000
0.000000 0.000000
0.000000 0.000000
0.000000 0.000000
2.889216 0.000000
5.720064 0.000000
8.492544 0.000000
11.206656 0.000000
17.729280 0.000000
116.916757 0.000000
214.030926 0.000000
312.400394 0.000000
453.372469 0.000000
585.103176 0.000000
1007.723630 0.000000
1241.704719 0.000000
1452.062393 0.000000
1915.648319 0.000000
2321.656028 0.000000
2599.019106 0.000000
3002.628392 0.000000
2872.564232 0.000000
2986.586727 0.000000
3521.044694 0.000000
3784.861857 0.000000
3728.406982 0.000000
3603.424561 0.000000
3854.931023 0.000000
4069.093462 0.000000
4058.291715 0.000000
3774.519900 0.000000
2527.215074 0.000000
117.080387 0.000000
3.698046 0.000000
7.321384 0.000000
7.321384 0.000000
12.606975 0.000000
21.030302 0.000000
27.455190 0.000000
39.408470 0.000000
53.845791 0.000000
67.984280 0.000000
77.453519 0.000000
88.211471 0.000000
92.693951 0.000000
83.280743 0.000000
57.375744 0.000000
13.746272 0.000000
0.000000 0.000000
0.000000 0.000000
8.614683 0.000000
8.614683 0.000000
21.188592 0.000000
33.327419 0.000000
37.199631 0.000000
52.297000 0.000000
61.455525 0.000000
70.309492 0.000000
88.735302 0.000000
106.921810 0.000000
125.543390 0.000000
139.596549 0.000000
155.205188 0.000000
171.743503 0.000000
179.704326 0.000000
186.925456 0.000000
149.248506 0.000000
110.903368 0.000000
71.854281 0.000000
70.788495 0.000000
63.522884 0.000000
64.219284 0.000000
83.711316 0.000000
97.634196 0.000000
105.987924 0.000000
108.380919 0.000000
101.419479 0.000000
77.054439 0.000000
20.666775 0.000000
0.000000 0.000000
0.000000 0.000000
0.000000 0.000000
0.000000 0.000000
0.000000 0.000000
0.000000 0.000000
0.000000 0.000000
0.000000 0.000000
0.000000 0.000000
0.000000 0.000000
0.000000 0.000000
0.000000 0.000000
0.000000 0.000000
0.000000 0.000000
0.000000 0.000000
0.000000 0.000000
0.000000 0.000000
0.000000 0.000000
0.000000 0.000000
0.000000 0.000000
0.000000 0.000000
0.000000 0.000000
0.000000 0.000000
0.000000 0.000000
0.000000 0.000000
0.000000 0.000000
0.000000 0.000000
0.000000 0.000000
0.000000 0.000000
0.000000 0.000000
0.000000 0.000000
0.000000 0.000000
0.000000 0.000000
0.000000 0.000000
0.000000 0.000000
0.000000 0.000000
0.000000 0.000000
0.000000 0.000000
63.430290 0.000000
125.579160 0.000000
186.446610 0.000000
361.360440 0.000000
576.639000 0.000000
724.643010 0.000000
986.052690 0.000000
1168.655040 0.000000
1402.517388 0.000000
1596.303812 0.000000
1550.390083 0.000000
1095.210329 0.000000
224.850494 0.000000
0.000000 0.000000
0.000000 0.000000
0.000000 0.000000
0.000000 0.000000
0.000000 0.000000
0.000000 0.000000
0.000000 0.000000
0.000000 0.000000
0.000000 0.000000
0.000000 0.000000
0.000000 0.000000
0.000000 0.000000
0.000000 0.000000
0.000000 0.000000
0.000000 0.000000
0.000000 0.000000
120.213720 0.000000
237.998880 0.000000
353.355480 0.000000
466.283520 0.000000
576.783000 0.000000
790.496280 0.000000
893.710080 0.000000
1092.852000 0.000000
1379.589408 0.000000
1798.165642 0.000000
2220.314642 0.000000
2694.303167 0.000000
2966.254847 0.000000
3011.789862 0.000000
2282.024238 0.000000
1191.566124 0.000000
0.000000 0.000000
0.000000 0.000000
0.000000 0.000000
0.000000 0.000000
0.000000 0.000000
0.000000 0.000000
0.000000 0.000000
0.000000 0.000000
0.000000 0.000000
0.000000 0.000000
0.000000 0.000000
0.000000 0.000000
0.000000 0.000000
0.000000 0.000000
0.000000 0.000000
0.000000 0.000000
0.000000 0.000000
0.000000 0.000000
45.232698 0.000000
66.270936 0.000000
111.482580 0.000000
163.447788 0.000000
204.165792 0.000000
252.633057 0.000000
331.947645 0.000000
402.580989 0.000000
480.442828 0.000000
529.987266 0.000000
590.891553 0.000000
666.119653 0.000000
737.050031 0.000000
757.329868 0.000000
644.828118 0.000000
421.289686 0.000000
263.705871 0.000000
162.195255 0.000000
0.000000 0.000000
0.000000 0.000000
0.000000 0.000000
0.000000 0.000000
0.000000 0.000000
0.000000 0.000000
0.000000 0.000000
0.000000 0.000000
0.000000 0.000000
0.000000 0.000000
0.000000 0.000000
0.000000 0.000000
0.000000 0.000000
0.000000 0.000000
0.000000 0.000000
0.000000 0.000000
0.000000 0.000000
0.000000 0.000000
0.000000 0.000000
0.000000 0.000000
0.000000 0.000000
0.000000 0.000000
0.000000 0.000000
0.000000 0.000000
0.000000 0.000000
0.000000 0.000000
0.000000 0.000000
9.737046 0.000000
14.507215 0.000000
19.179030 0.000000
23.752491 0.000000
32.604351 0.000000
38.972730 0.000000
51.070275 0.000000
60.438459 0.000000
86.526779 0.000000
113.008614 0.000000
135.875939 0.000000
143.744323 0.000000
153.653559 0.000000
147.309863 0.000000
123.496054 0.000000
61.594722 0.000000
1.217106 0.000000
0.000000 0.000000
0.000000 0.000000
0.000000 0.000000
0.000000 0.000000
0.000000 0.000000
0.000000 0.000000
0.000000 0.000000
0.000000 0.000000
0.000000 0.000000
0.000000 0.000000
0.000000 0.000000
0.000000 0.000000
0.000000 0.000000
0.000000 0.000000
0.000000 0.000000
0.000000 0.000000
0.000000 0.000000
0.000000 0.000000
0.000000 0.000000
0.000000 0.000000
0.000000 0.000000
0.000000 0.000000
0.000000 0.000000
0.000000 0.000000
0.000000 0.000000
0.000000 0.000000
0.000000 0.000000
0.000000 0.000000
0.000000 0.000000
0.000000 0.000000
0.000000 0.000000
0.000000 0.000000
0.000000 0.000000
0.000000 0.000000
0.000000 0.000000
0.000000 0.000000
0.000000 0.000000
0.000000 0.000000
0.000000 0.000000
0.000000 0.000000
0.000000 0.000000
0.000000 0.000000
0.000000 0.000000
0.000000 0.000000
0.000000 0.000000
0.000000 0.000000
0.000000 0.000000
0.000000 0.000000
0.000000 0.000000
0.000000 0.000000
0.000000 0.000000
0.000000 0.000000
0.000000 0.000000
0.000000 0.000000
0.000000 0.000000
0.000000 0.000000
0.000000 0.000000
0.000000 0.000000
0.000000 0.000000
0.000000 0.000000
0.000000 0.000000
0.000000 0.000000
0.000000 0.000000
0.000000 0.000000
0.000000 0.000000
0.000000 0.000000
0.000000 0.000000
0.000000 0.000000
0.000000 0.000000
0.000000 0.000000
0.000000 0.000000
0.000000 0.000000
0.000000 0.000000
0.000000 0.000000
0.000000 0.000000
0.000000 0.000000
0.000000 0.000000
0.000000 0.000000
0.000000 0.000000
0.000000 0.000000
0.000000 0.000000
0.000000 0.000000
0.000000 0.000000
0.000000 0.000000
0.000000 0.000000
0.000000 0.000000
0.000000 0.000000
0.000000 0.000000
0.000000 0.000000
0.000000 0.000000
0.000000 0.000000
0.000000 0.000000
0.000000 0.000000
0.000000 0.000000
0.000000 0.000000
0.000000 0.000000
0.000000 0.000000
0.000000 0.000000
0.000000 0.000000
0.000000 0.000000
0.000000 0.000000
0.000000 0.000000
0.000000 0.000000
0.000000 0.000000
0.000000 0.000000
0.000000 0.000000
0.000000 0.000000
0.000000 0.000000
0.000000 0.000000
0.000000 0.000000
0.000000 0.000000
0.000000 0.000000
0.000000 0.000000
0.000000 0.000000
0.000000 0.000000
0.000000 0.000000
0.000000 0.000000
0.000000 0.000000
0.000000 0.000000
0.000000 0.000000
0.000000 0.000000
0.000000 0.000000
0.000000 0.000000
0.000000 0.000000
0.000000 0.000000
0.000000 0.000000
0.000000 0.000000
0.000000 0.000000
0.000000 0.000000
0.000000 0.000000
0.000000 0.000000
0.000000 0.000000
0.000000 0.000000
0.000000 0.000000
0.000000 0.000000
0.000000 0.000000
0.000000 0.000000
0.000000 0.000000
0.000000 0.000000
0.000000 0.000000
0.000000 0.000000
0.000000 0.000000
0.000000 0.000000
0.000000 0.000000
0.000000 0.000000
0.000000 0.000000
0.000000 0.000000
0.000000 0.000000
0.000000 0.000000
0.000000 0.000000
0.000000 0.000000
0.000000 0.000000
0.000000 0.000000
0.000000 0.000000
0.000000 0.000000
0.000000 0.000000
0.000000 0.000000
0.000000 0.000000
22.375089 0.000000
44.298156 0.000000
86.788224 0.000000
107.355225 0.000000
147.133161 0.000000
185.103009 0.000000
255.618441 0.000000
333.592236 0.000000
387.834876 0.000000
483.437529 0.000000
553.952961 0.000000
561.411324 0.000000
514.175025 0.000000
361.617600 0.000000
0.000000 0.000000
0.000000 0.000000
0.000000 0.000000
0.000000 0.000000
0.000000 0.000000
0.000000 0.000000
0.000000 0.000000
0.000000 0.000000
0.000000 0.000000
0.000000 0.000000
0.000000 0.000000
0.000000 0.000000
0.000000 0.000000
0.000000 0.000000
0.000000 0.000000
0.000000 0.000000
0.000000 0.000000
0.000000 0.000000
0.000000 0.000000
0.000000 0.000000
0.000000 0.000000
0.000000 0.000000
0.000000 0.000000
0.000000 0.000000
0.000000 0.000000
0.000000 0.000000
0.000000 0.000000
0.000000 0.000000
0.000000 0.000000
0.000000 0.000000
0.000000 0.000000
0.000000 0.000000
0.000000 0.000000
0.000000 0.000000
0.000000 0.000000
0.000000 0.000000
0.000000 0.000000
0.000000 0.000000
0.000000 0.000000
0.000000 0.000000
0.000000 0.000000
0.000000 0.000000
0.000000 0.000000
0.000000 0.000000
0.000000 0.000000
0.000000 0.000000
0.000000 0.000000
0.000000 0.000000
0.000000 0.000000
0.000000 0.000000
0.000000 0.000000
0.000000 0.000000
0.000000 0.000000
0.000000 0.000000
0.000000 0.000000
0.000000 0.000000
0.000000 0.000000
0.000000 0.000000
0.000000 0.000000
0.000000 0.000000
0.000000 0.000000
0.000000 0.000000
0.000000 0.000000
0.000000 0.000000
0.000000 0.000000
0.000000 0.000000
0.000000 0.000000
0.000000 0.000000
0.000000 0.000000
0.000000 0.000000
0.000000 0.000000
0.000000 0.000000
0.000000 0.000000
0.000000 0.000000
0.000000 0.000000
0.000000 0.000000
0.000000 0.000000
0.000000 0.000000
0.000000 0.000000
0.000000 0.000000
0.000000 0.000000
0.000000 0.000000
0.000000 0.000000
0.000000 0.000000
0.000000 0.000000
0.000000 0.000000
0.000000 0.000000
0.000000 0.000000
0.000000 0.000000
0.000000 0.000000
0.000000 0.000000
0.000000 0.000000
0.000000 0.000000
0.000000 0.000000
0.000000 0.000000
0.000000 0.000000
0.000000 0.000000
0.000000 0.000000
0.000000 0.000000
0.000000 0.000000
0.000000 0.000000
0.000000 0.000000
0.000000 0.000000
0.000000 0.000000
0.000000 0.000000
0.000000 0.000000
0.000000 0.000000
0.000000 0.000000
0.000000 0.000000
0.000000 0.000000
0.000000 0.000000
0.000000 0.000000
3.919113 0.000000
7.759052 0.000000
11.519817 0.000000
15.201408 0.000000
18.803825 0.000000
25.771137 0.000000
32.421753 0.000000
38.755673 0.000000
44.772897 0.000000
58.430412 0.000000
72.206688 0.000000
81.509633 0.000000
91.208448 0.000000
97.027737 0.000000
95.760953 0.000000
79.807392 0.000000
44.772897 0.000000
0.000000 0.000000
0.000000 0.000000
0.000000 0.000000
0.000000 0.000000
0.000000 0.000000
0.000000 0.000000
0.000000 0.000000
0.000000 0.000000
0.000000 0.000000
0.000000 0.000000
0.000000 0.000000
0.000000 0.000000
0.000000 0.000000
0.000000 0.000000
0.000000 0.000000
0.000000 0.000000
0.000000 0.000000
0.000000 0.000000
0.000000 0.000000
0.000000 0.000000
0.000000 0.000000
0.000000 0.000000
0.000000 0.000000
0.000000 0.000000
0.000000 0.000000
0.000000 0.000000
0.000000 0.000000
29.693169 0.000000
58.786476 0.000000
87.279921 0.000000
142.467225 0.000000
195.255081 0.000000
229.664466 0.000000
238.386446 0.000000
319.065323 0.000000
414.632754 0.000000
506.810438 0.000000
573.370633 0.000000
663.966052 0.000000
749.627310 0.000000
812.768985 0.000000
803.607458 0.000000
725.941066 0.000000
701.313779 0.000000
758.196368 0.000000
806.189413 0.000000
781.098811 0.000000
482.614738 0.000000
116.059836 0.000000
133.889178 0.000000
152.298336 0.000000
163.580589 0.000000
168.484866 0.000000
157.891130 0.000000
109.669767 0.000000
58.851324 0.000000
50.733900 0.000000
34.088349 0.000000
0.000000 0.000000
0.000000 0.000000
0.000000 0.000000
0.000000 0.000000
0.000000 0.000000
0.000000 0.000000
0.000000 0.000000
0.000000 0.000000
0.000000 0.000000
0.000000 0.000000
0.000000 0.000000
0.000000 0.000000
0.000000 0.000000
0.000000 0.000000
0.000000 0.000000
0.000000 0.000000
0.000000 0.000000
0.000000 0.000000
0.000000 0.000000
0.000000 0.000000
0.000000 0.000000
0.000000 0.000000
0.000000 0.000000
0.000000 0.000000
0.000000 0.000000
0.000000 0.000000
0.000000 0.000000
0.000000 0.000000
0.000000 0.000000
0.000000 0.000000
0.000000 0.000000
0.000000 0.000000
0.000000 0.000000
0.000000 0.000000
0.000000 0.000000
0.000000 0.000000
0.000000 0.000000
0.000000 0.000000
0.000000 0.000000
0.000000 0.000000
0.000000 0.000000
0.000000 0.000000
0.000000 0.000000
0.000000 0.000000
0.000000 0.000000
0.000000 0.000000
0.000000 0.000000
0.000000 0.000000
0.000000 0.000000
0.000000 0.000000
0.000000 0.000000
0.000000 0.000000
0.000000 0.000000
0.000000 0.000000
0.000000 0.000000
0.000000 0.000000
0.000000 0.000000
0.000000 0.000000
0.000000 0.000000
0.000000 0.000000
0.000000 0.000000
0.000000 0.000000
0.000000 0.000000
0.000000 0.000000
0.000000 0.000000
0.000000 0.000000
0.000000 0.000000
0.000000 0.000000
0.000000 0.000000
0.000000 0.000000
0.000000 0.000000
0.000000 0.000000
0.000000 0.000000
0.000000 0.000000
0.000000 0.000000
0.000000 0.000000
0.000000 0.000000
0.000000 0.000000
0.000000 0.000000
0.000000 0.000000
0.000000 0.000000
0.000000 0.000000
0.000000 0.000000
0.000000 0.000000
0.000000 0.000000
0.000000 0.000000
0.000000 0.000000
0.000000 0.000000
0.000000 0.000000
0.000000 0.000000
0.000000 0.000000
0.000000 0.000000
0.000000 0.000000
0.000000 0.000000
0.000000 0.000000
0.000000 0.000000
0.000000 0.000000
0.000000 0.000000
0.000000 0.000000
0.000000 0.000000
0.000000 0.000000
0.000000 0.000000
0.000000 0.000000
0.000000 0.000000
0.000000 0.000000
0.000000 0.000000
0.000000 0.000000
0.000000 0.000000
0.000000 0.000000
0.000000 0.000000
0.000000 0.000000
0.000000 0.000000
0.000000 0.000000
0.000000 0.000000
0.000000 0.000000
0.000000 0.000000
0.000000 0.000000
0.000000 0.000000
0.000000 0.000000
0.000000 0.000000
0.000000 0.000000
0.000000 0.000000
0.000000 0.000000
0.000000 0.000000
0.000000 0.000000
0.000000 0.000000
0.000000 0.000000
0.000000 0.000000
0.000000 0.000000
0.000000 0.000000
0.000000 0.000000
0.000000 0.000000
0.000000 0.000000
0.000000 0.000000
0.000000 0.000000
0.000000 0.000000
0.000000 0.000000
0.000000 0.000000
0.000000 0.000000
0.000000 0.000000
0.000000 0.000000
0.000000 0.000000
0.000000 0.000000
0.000000 0.000000
0.000000 0.000000
0.000000 0.000000
0.000000 0.000000
0.000000 0.000000
0.000000 0.000000
