30880806.367749 0.000000
30772377.417886 0.000000
30822103.623757 0.000000
30852520.522260 0.000000
30963914.297072 0.000000
30383270.555214 0.000000
30334219.069175 0.000000
30266129.854087 0.000000
29696825.293508 0.000000
28957362.758371 0.000000
28450545.790547 0.000000
27833836.397182 0.000000
27413730.553092 0.000000
27460544.607591 0.000000
27446022.986825 0.000000
27051898.861516 0.000000
27160524.695874 0.000000
26826400.671791 0.000000
26030043.248806 0.000000
26285881.468073 0.000000
25866501.994332 0.000000
25573851.876119 0.000000
25625399.443714 0.000000
25114998.409977 0.000000
24548495.675692 0.000000
25085500.551470 0.000000
23735290.194641 0.000000
23789369.357705 0.000000
23316086.676292 0.000000
21880309.580875 0.000000
21650070.527431 0.000000
20689317.981963 0.000000
21033557.087018 0.000000
20076583.745283 0.000000
18580372.300682 0.000000
18375142.310471 0.000000
17855494.416679 0.000000
17099512.226012 0.000000
16127801.393746 0.000000
16410497.273658 0.000000
18438747.490427 0.000000
19114691.500780 0.000000
17974095.666869 0.000000
16771522.134859 0.000000
15721075.835040 0.000000
13959945.146106 0.000000
10480898.739170 0.000000
12149461.729610 0.000000
14435286.605154 0.000000
15555938.796259 0.000000
12158193.014308 0.000000
10167267.559317 0.000000
8922847.631138 0.000000
7011770.671329 0.000000
8246406.715652 0.000000
10005761.687427 0.000000
12007647.182635 0.000000
13942221.788358 0.000000
14374877.171803 0.000000
14604093.352382 0.000000
12982817.003863 0.000000
11354107.190349 0.000000
10361272.834553 0.000000
10921219.676948 0.000000
10602556.398961 0.000000
7603464.125278 0.000000
6366828.807310 0.000000
2914856.855112 0.000000
2370287.884049 0.000000
3116768.174308 0.000000
4020875.266540 0.000000
5046283.344708 0.000000
6340023.758406 0.000000
7741483.538745 0.000000
8893128.815818 0.000000
9795551.189779 0.000000
9745674.692054 0.000000
10331176.298860 0.000000
10529185.195061 0.000000
10386693.291508 0.000000
10332700.263134 0.000000
10147252.947748 0.000000
9612992.491432 0.000000
10480943.209358 0.000000
10798921.894169 0.000000
10283760.708391 0.000000
11133285.940705 0.000000
11440310.907560 0.000000
10164155.573395 0.000000
9271461.116084 0.000000
8341993.631805 0.000000
7938582.646813 0.000000
6001422.293582 0.000000
5516747.492995 0.000000
3889191.007480 0.000000
1605757.882956 0.000000
1812243.424886 0.000000
2337032.925601 0.000000
3104123.629299 0.000000
3818438.434048 0.000000
4553425.617087 0.000000
5445261.617932 0.000000
6273837.725535 0.000000
7100449.416594 0.000000
7842876.444637 0.000000
8152363.160043 0.000000
7971799.999107 0.000000
6862004.446188 0.000000
6795386.207350 0.000000
7626458.691172 0.000000
8245031.396561 0.000000
8314338.274279 0.000000
7897339.889370 0.000000
7830311.052001 0.000000
7869393.123011 0.000000
6848253.987262 0.000000
7125873.817389 0.000000
5173692.021413 0.000000
3410781.896128 0.000000
1692106.573640 0.000000
2080100.768456 0.000000
2517608.405540 0.000000
2980447.706293 0.000000
2965724.686738 0.000000
3353403.805707 0.000000
3661578.467078 0.000000
3722375.567094 0.000000
3714092.963329 0.000000
3197193.409149 0.000000
1716465.713175 0.000000
172164.868646 0.000000
233257.570887 0.000000
311130.988905 0.000000
394014.017884 0.000000
479721.886285 0.000000
547046.350404 0.000000
652966.803159 0.000000
845202.994551 0.000000
1128993.684128 0.000000
1366105.684284 0.000000
1690752.756572 0.000000
2107440.841800 0.000000
2440617.555198 0.000000
1988027.611769 0.000000
711430.672204 0.000000
786339.844987 0.000000
752341.098626 0.000000
502973.645654 0.000000
447319.832548 0.000000
585264.345066 0.000000
793952.819727 0.000000
972121.210692 0.000000
1241027.116389 0.000000
1446800.630611 0.000000
1705411.462831 0.000000
1978544.773789 0.000000
2208394.305967 0.000000
2235199.231641 0.000000
2063597.826507 0.000000
1767627.349532 0.000000
2041516.678786 0.000000
2365028.664988 0.000000
2664420.062749 0.000000
2881522.379378 0.000000
2912065.428446 0.000000
2730126.484993 0.000000
2660592.894736 0.000000
1835838.890095 0.000000
365144.275924 0.000000
456999.615970 0.000000
574659.399489 0.000000
678254.842283 0.000000
820937.442054 0.000000
1009422.194063 0.000000
1158436.249177 0.000000
1302445.983397 0.000000
1468252.699428 0.000000
1545992.016860 0.000000
1518316.999515 0.000000
1204332.639370 0.000000
1029151.604873 0.000000
1208451.480712 0.000000
1324441.809686 0.000000
1478187.680017 0.000000
1541618.446790 0.000000
1429069.340714 0.000000
1046547.624963 0.000000
527302.425415 0.000000
682818.750953 0.000000
844941.696255 0.000000
980663.082798 0.000000
1170813.210362 0.000000
1388646.496680 0.000000
1579382.212589 0.000000
1378943.243332 0.000000
547648.142181 0.000000
261023.194043 0.000000
339765.396020 0.000000
434098.162787 0.000000
500620.469103 0.000000
617487.194165 0.000000
781440.402327 0.000000
906555.519162 0.000000
1045065.408822 0.000000
1209831.677903 0.000000
1012264.642195 0.000000
256418.724106 0.000000
120481.927944 0.000000
138119.731202 0.000000
161980.244676 0.000000
168067.044788 0.000000
163582.683275 0.000000
218708.574633 0.000000
270367.377176 0.000000
351178.112454 0.000000
422912.786547 0.000000
499264.976234 0.000000
518948.881545 0.000000
646379.656017 0.000000
625886.525111 0.000000
733454.694544 0.000000
855528.750612 0.000000
1049226.775443 0.000000
843136.374244 0.000000
141674.130989 0.000000
143908.032407 0.000000
170649.525712 0.000000
192881.358784 0.000000
60881.164820 0.000000
39770.956480 0.000000
30340.590763 0.000000
40520.606390 0.000000
50234.970473 0.000000
58329.934644 0.000000
58200.510788 0.000000
74489.200749 0.000000
95909.407922 0.000000
127905.204970 0.000000
163330.129812 0.000000
200558.861585 0.000000
74732.309408 0.000000
86587.916295 0.000000
108327.673107 0.000000
135360.447440 0.000000
148187.921010 0.000000
181440.466234 0.000000
221854.182420 0.000000
264585.564477 0.000000
358623.716745 0.000000
445111.540318 0.000000
551191.652785 0.000000
662633.640564 0.000000
737767.704730 0.000000
821210.943630 0.000000
931260.005809 0.000000
1026541.904599 0.000000
1033537.105520 0.000000
976903.442916 0.000000
769085.567671 0.000000
902238.956715 0.000000
1041053.973336 0.000000
1128163.549583 0.000000
1174920.969786 0.000000
1065539.753468 0.000000
867945.114032 0.000000
357868.940187 0.000000
362030.214257 0.000000
458205.508761 0.000000
562579.533473 0.000000
679012.569955 0.000000
764449.371148 0.000000
887771.498266 0.000000
969259.596451 0.000000
1039236.408694 0.000000
1037312.942049 0.000000
918656.197880 0.000000
507768.470392 0.000000
234314.704773 0.000000
294442.336346 0.000000
364489.540758 0.000000
453906.510428 0.000000
520456.058872 0.000000
618653.096073 0.000000
716201.638228 0.000000
813275.300324 0.000000
920771.690474 0.000000
977866.400743 0.000000
995042.534591 0.000000
893218.696931 0.000000
596124.323787 0.000000
31263.089607 0.000000
46832.015841 0.000000
62156.851429 0.000000
115341.410927 0.000000
160266.742682 0.000000
218673.765419 0.000000
304517.489032 0.000000
347071.028063 0.000000
402605.842142 0.000000
489266.891439 0.000000
596000.865301 0.000000
711765.532771 0.000000
862439.033487 0.000000
1021324.042404 0.000000
1191284.667034 0.000000
1396211.288020 0.000000
1534503.215966 0.000000
1606111.744747 0.000000
1561165.406686 0.000000
1450094.197039 0.000000
1153538.390151 0.000000
1312818.115079 0.000000
1565251.168801 0.000000
1759267.518122 0.000000
1910711.132642 0.000000
2046623.695309 0.000000
1979251.647170 0.000000
1794499.074524 0.000000
1530860.090497 0.000000
1088770.316476 0.000000
1229444.688611 0.000000
1367838.543112 0.000000
1466627.902288 0.000000
1474241.611656 0.000000
1368149.101919 0.000000
1452449.954589 0.000000
1427156.115572 0.000000
1177390.947792 0.000000
471735.897543 0.000000
340073.387455 0.000000
432236.476857 0.000000
521220.123730 0.000000
625347.891535 0.000000
731688.274461 0.000000
874569.806926 0.000000
1030685.172535 0.000000
1202923.632206 0.000000
940629.109553 0.000000
174341.708546 0.000000
208550.622044 0.000000
250704.920974 0.000000
311711.535359 0.000000
363449.963254 0.000000
395982.542280 0.000000
464772.401403 0.000000
568769.151823 0.000000
683915.502394 0.000000
792939.528000 0.000000
891638.464944 0.000000
1027385.514764 0.000000
1149691.167791 0.000000
1251527.586510 0.000000
1260933.173831 0.000000
845874.555790 0.000000
838018.621538 0.000000
949485.698681 0.000000
1042417.166394 0.000000
1070077.467506 0.000000
1021417.899296 0.000000
832575.030129 0.000000
227852.862199 0.000000
243607.773324 0.000000
295156.999114 0.000000
351631.303820 0.000000
472778.399135 0.000000
554215.608658 0.000000
681374.860589 0.000000
823797.996599 0.000000
1001921.684775 0.000000
1181881.240029 0.000000
876922.267077 0.000000
946093.069964 0.000000
950258.216984 0.000000
609996.932090 0.000000
83948.375045 0.000000
106413.862299 0.000000
137033.883754 0.000000
181008.735707 0.000000
229669.396352 0.000000
289268.510635 0.000000
366866.098165 0.000000
443405.202341 0.000000
549893.721179 0.000000
670592.182253 0.000000
818163.997073 0.000000
969034.484329 0.000000
937484.808787 0.000000
987374.653465 0.000000
955332.689234 0.000000
773178.423944 0.000000
363905.816646 0.000000
0.000000 0.000000
0.000000 0.000000
0.000000 0.000000
0.000000 0.000000
0.000000 0.000000
0.000000 0.000000
48.952399 0.000000
97.708596 0.000000
146.268591 0.000000
314.659201 0.000000
386.027919 0.000000
456.906129 0.000000
620.195944 0.000000
803.939559 0.000000
1051.007566 0.000000
9178.698492 0.000000
17263.818455 0.000000
25410.159377 0.000000
33705.134791 0.000000
41914.476219 0.000000
57862.527489 0.000000
66061.334710 0.000000
89357.701483 0.000000
112274.919769 0.000000
156582.449776 0.000000
185013.239723 0.000000
232763.103407 0.000000
293108.144869 0.000000
318967.343033 0.000000
375201.079021 0.000000
447041.657559 0.000000
531140.709153 0.000000
613166.917815 0.000000
704241.885600 0.000000
813583.516391 0.000000
910154.825763 0.000000
975651.222781 0.000000
979294.027127 0.000000
844312.040079 0.000000
769187.331987 0.000000
878424.032630 0.000000
960330.486603 0.000000
996979.208190 0.000000
951434.723781 0.000000
766428.454444 0.000000
288637.166625 0.000000
39240.531162 0.000000
40736.221496 0.000000
52941.686663 0.000000
75801.158823 0.000000
98007.729740 0.000000
116761.111785 0.000000
157412.955412 0.000000
218063.301102 0.000000
261883.032760 0.000000
66951.485956 0.000000
77300.753449 0.000000
107152.267520 0.000000
128999.912232 0.000000
171395.251012 0.000000
218414.392433 0.000000
249431.748560 0.000000
330110.669650 0.000000
387558.929260 0.000000
469763.310351 0.000000
571181.131263 0.000000
52871.181341 0.000000
66843.123580 0.000000
80213.434136 0.000000
101829.467736 0.000000
123849.092122 0.000000
160485.117607 0.000000
203186.986670 0.000000
230653.811907 0.000000
320586.179559 0.000000
387518.809157 0.000000
483590.943637 0.000000
556137.002962 0.000000
650847.293146 0.000000
820491.768503 0.000000
932242.594651 0.000000
1052489.773104 0.000000
1135500.635908 0.000000
1123669.186555 0.000000
994678.008617 0.000000
622910.455128 0.000000
503408.435252 0.000000
590547.105946 0.000000
701211.407399 0.000000
796560.646869 0.000000
936447.053307 0.000000
1126270.551178 0.000000
1264726.042210 0.000000
1363050.762145 0.000000
1423914.567931 0.000000
1368029.873091 0.000000
1080564.807070 0.000000
870643.417405 0.000000
978615.298995 0.000000
1045681.612174 0.000000
1043335.101976 0.000000
901059.802306 0.000000
604077.380464 0.000000
689826.153220 0.000000
814614.121677 0.000000
950129.822925 0.000000
1065871.055658 0.000000
1145303.902891 0.000000
1129162.105872 0.000000
969318.824260 0.000000
545602.602251 0.000000
514387.900367 0.000000
597727.380534 0.000000
703494.242338 0.000000
809642.765047 0.000000
935351.980799 0.000000
987669.854463 0.000000
970442.093957 0.000000
810333.566356 0.000000
433635.455099 0.000000
1811.281515 0.000000
309.745896 0.000000
394.891974 0.000000
477.923819 0.000000
580.620207 0.000000
690.221085 0.000000
785.337598 0.000000
934.395095 0.000000
1028.825302 0.000000
1198.941751 0.000000
1411.690665 0.000000
1647.613299 0.000000
1841.273019 0.000000
2020.276305 0.000000
2013.183259 0.000000
1727.668497 0.000000
1245.932604 0.000000
1271.903840 0.000000
1162.741113 0.000000
828.126317 0.000000
368.989019 0.000000
41.050254 0.000000
8.334818 0.000000
10.376171 0.000000
12.400583 0.000000
15.405437 0.000000
19.352617 0.000000
26.570109 0.000000
32.631415 0.000000
38.942829 0.000000
48.883662 0.000000
64.027367 0.000000
79.891874 0.000000
95.280946 0.000000
109.371391 0.000000
123.650346 0.000000
129.763402 0.000000
123.452137 0.000000
98.428253 0.000000
40.092866 0.000000
0.000000 0.000000
0.000000 0.000000
0.000000 0.000000
0.000000 0.000000
0.000000 0.000000
0.000000 0.000000
0.000000 0.000000
0.000000 0.000000
0.000000 0.000000
0.000000 0.000000
0.000000 0.000000
0.000000 0.000000
0.000000 0.000000
0.000000 0.000000
0.000000 0.000000
0.000000 0.000000
0.000000 0.000000
0.000000 0.000000
0.000000 0.000000
77.350988 0.000000
154.391952 0.000000
231.122892 0.000000
307.543808 0.000000
8296.977520 0.000000
8522.987288 0.000000
8856.731344 0.000000
16955.748714 0.000000
32870.832272 0.000000
33085.270550 0.000000
49188.178552 0.000000
57141.241602 0.000000
73428.973090 0.000000
96713.169646 0.000000
112437.586929 0.000000
113506.273076 0.000000
136792.887669 0.000000
181258.612964 0.000000
224365.060681 0.000000
279307.147989 0.000000
317926.703468 0.000000
105777.152611 0.000000
5582.555527 0.000000
4922.867948 0.000000
3071.495004 0.000000
8983.674871 0.000000
16175.599530 0.000000
24081.752608 0.000000
31933.046957 0.000000
39713.853003 0.000000
62830.295405 0.000000
100891.254600 0.000000
130922.938044 0.000000
160437.091203 0.000000
175373.516558 0.000000
254560.594324 0.000000
309969.032806 0.000000
390271.687385 0.000000
497920.694511 0.000000
643829.592597 0.000000
779809.665401 0.000000
886990.728748 0.000000
1019227.409996 0.000000
1125897.575165 0.000000
1164888.354625 0.000000
1131660.930513 0.000000
891080.932084 0.000000
615459.102085 0.000000
720197.247165 0.000000
875441.429360 0.000000
1004925.753661 0.000000
1136653.472887 0.000000
1287498.027184 0.000000
1397207.179641 0.000000
1439549.483749 0.000000
1353750.450210 0.000000
996333.939728 0.000000
94482.926266 0.000000
0.000000 0.000000
7895.508338 0.000000
15762.335462 0.000000
23594.547189 0.000000
46902.774590 0.000000
62283.110283 0.000000
77536.135580 0.000000
100181.211240 0.000000
166398.904124 0.000000
202082.051369 0.000000
257525.829497 0.000000
310943.588222 0.000000
374867.828400 0.000000
453240.224331 0.000000
552925.596008 0.000000
637658.282280 0.000000
737741.139201 0.000000
814504.604382 0.000000
911422.415318 0.000000
966109.096648 0.000000
984380.983953 0.000000
885134.402155 0.000000
558152.683393 0.000000
3.921142 0.000000
7.826568 0.000000
11.716278 0.000000
13.653275 0.000000
13.653275 0.000000
17.519411 0.000000
25.204535 0.000000
29.023523 0.000000
36.614351 0.000000
47.882723 0.000000
62.671479 0.000000
80.792027 0.000000
96.771270 0.000000
128.649000 0.000000
159.116240 0.000000
206.872894 0.000000
243.970215 0.000000
280.397874 0.000000
335.301724 0.000000
413.916806 0.000000
495.231931 0.000000
551.762490 0.000000
568.157725 0.000000
486.304922 0.000000
379.911225 0.000000
292.246480 0.000000
278.373417 0.000000
352.368063 0.000000
464.156289 0.000000
548.603802 0.000000
689.151038 0.000000
892.064101 0.000000
1018.805368 0.000000
1162.963721 0.000000
1305.037171 0.000000
1400.506905 0.000000
9275.864835 0.000000
16962.554279 0.000000
40072.083244 0.000000
47813.296621 0.000000
63097.304095 0.000000
70400.632222 0.000000
92975.895675 0.000000
122697.171984 0.000000
159308.344633 0.000000
209314.003237 0.000000
257735.588987 0.000000
298054.708739 0.000000
375192.984992 0.000000
465246.264302 0.000000
553461.488427 0.000000
665997.813035 0.000000
750272.927315 0.000000
843965.417370 0.000000
932906.346782 0.000000
988637.101476 0.000000
951875.094216 0.000000
780433.534065 0.000000
257844.423903 0.000000
228.122437 0.000000
145.085253 0.000000
29.461569 0.000000
0.000000 0.000000
0.000000 0.000000
0.000000 0.000000
0.000000 0.000000
0.000000 0.000000
0.000000 0.000000
7907.604597 0.000000
15831.322899 0.000000
31487.871265 0.000000
47017.644407 0.000000
62420.642324 0.000000
77696.865018 0.000000
85334.187694 0.000000
107915.449074 0.000000
159495.775752 0.000000
209523.105936 0.000000
264839.731394 0.000000
337526.310786 0.000000
406377.939652 0.000000
499720.226994 0.000000
619662.846853 0.000000
697510.529872 0.000000
825727.366108 0.000000
925700.609584 0.000000
988689.056057 0.000000
942643.738979 0.000000
726866.368479 0.000000
166766.099734 0.000000
136.026912 0.000000
181.004288 0.000000
314.841632 0.000000
403.154208 0.000000
555.922192 0.000000
706.409376 0.000000
790.707744 0.000000
1060.982544 0.000000
1202.437760 0.000000
1420.619088 0.000000
1770.744696 0.000000
10011.948427 0.000000
18160.472378 0.000000
26461.006222 0.000000
34761.763081 0.000000
43143.538904 0.000000
66700.236422 0.000000
82103.656788 0.000000
96886.917353 0.000000
118133.400326 0.000000
139649.816798 0.000000
196321.690814 0.000000
257202.384202 0.000000
335507.634744 0.000000
410024.255548 0.000000
485626.525234 0.000000
581485.505946 0.000000
684805.921259 0.000000
804504.222898 0.000000
907765.999625 0.000000
966842.522182 0.000000
965932.531663 0.000000
801734.325544 0.000000
374508.681115 0.000000
1719.913534 0.000000
2132.060959 0.000000
2570.437951 0.000000
2874.060602 0.000000
2993.086832 0.000000
2800.576129 0.000000
2139.118257 0.000000
483.563513 0.000000
27.920868 0.000000
41.797203 0.000000
56.777153 0.000000
70.539111 0.000000
97.894831 0.000000
125.026286 0.000000
146.358814 0.000000
173.032677 0.000000
200.666595 0.000000
265.949835 0.000000
317.715951 0.000000
374.205203 0.000000
492.422489 0.000000
606.449927 0.000000
792.658921 0.000000
993.305798 0.000000
1148.001510 0.000000
1322.755627 0.000000
1524.056913 0.000000
1660.851705 0.000000
1746.659159 0.000000
1638.547549 0.000000
1283.655938 0.000000
609.011170 0.000000
119.268515 0.000000
0.000000 0.000000
0.000000 0.000000
0.000000 0.000000
0.000000 0.000000
0.000000 0.000000
0.000000 0.000000
0.000000 0.000000
0.000000 0.000000
0.000000 0.000000
0.000000 0.000000
0.000000 0.000000
0.000000 0.000000
0.000000 0.000000
0.000000 0.000000
0.000000 0.000000
0.000000 0.000000
0.000000 0.000000
0.000000 0.000000
0.000000 0.000000
0.000000 0.000000
0.000000 0.000000
0.000000 0.000000
0.000000 0.000000
20.157604 0.000000
40.234416 0.000000
90.062882 0.000000
139.366200 0.000000
188.144370 0.000000
197.213890 0.000000
254.200800 0.000000
338.935089 0.000000
403.225029 0.000000
555.925804 0.000000
655.077664 0.000000
830.532908 0.000000
1132.634490 0.000000
1399.522645 0.000000
1628.819454 0.000000
1887.680023 0.000000
2190.395049 0.000000
2435.825764 0.000000
2516.184081 0.000000
2367.694431 0.000000
2379.652931 0.000000
2131.442740 0.000000
1659.675255 0.000000
1881.383726 0.000000
2223.248065 0.000000
2438.202766 0.000000
2532.737495 0.000000
2362.579111 0.000000
2417.073685 0.000000
2696.131310 0.000000
2984.789482 0.000000
3153.915085 0.000000
3037.575956 0.000000
2808.601575 0.000000
2104.944456 0.000000
1272.648719 0.000000
1353.516040 0.000000
1508.794702 0.000000
1599.590673 0.000000
1577.166233 0.000000
1254.512673 0.000000
936.977818 0.000000
1020.597059 0.000000
1082.695032 0.000000
1010.836913 0.000000
932.683208 0.000000
792.885838 0.000000
621.693317 0.000000
702.746008 0.000000
750.926286 0.000000
742.543839 0.000000
610.453917 0.000000
317.872392 0.000000
217.241603 0.000000
262.350577 0.000000
309.494800 0.000000
363.738820 0.000000
400.619010 0.000000
416.496397 0.000000
374.667444 0.000000
266.524447 0.000000
170.677361 0.000000
81.165136 0.000000
3.748132 0.000000
3.748132 0.000000
5.593480 0.000000
7.419139 0.000000
9.581804 0.000000
10.642798 0.000000
12.756996 0.000000
15.137227 0.000000
20.184179 0.000000
24.085432 0.000000
30.996260 0.000000
35.938747 0.000000
44.626784 0.000000
52.544491 0.000000
62.799961 0.000000
71.997607 0.000000
80.329892 0.000000
82.531257 0.000000
74.035708 0.000000
52.922464 0.000000
43.408415 0.000000
19.137599 0.000000
2.637250 0.000000
0.023437 0.000000
0.058557 0.000000
5.257402 0.000000
10.457997 0.000000
10.514714 0.000000
22.149625 0.000000
33.759952 0.000000
55.519516 0.000000
83.510478 0.000000
118.727475 0.000000
153.575205 0.000000
198.296987 0.000000
280.991387 0.000000
340.382812 0.000000
477.152553 0.000000
621.450249 0.000000
767.231845 0.000000
887.351529 0.000000
1041.219389 0.000000
1192.789707 0.000000
1363.110628 0.000000
1542.996004 0.000000
1621.548981 0.000000
1603.624889 0.000000
1486.386418 0.000000
1079.832590 0.000000
435.500773 0.000000
26.629767 0.000000
37.323164 0.000000
44.861159 0.000000
56.768807 0.000000
67.009605 0.000000
82.789876 0.000000
102.296150 0.000000
117.784799 0.000000
146.355643 0.000000
175.087373 0.000000
229.236313 0.000000
269.634303 0.000000
309.921627 0.000000
354.379116 0.000000
386.310217 0.000000
376.512604 0.000000
300.912808 0.000000
144.781506 0.000000
50.179434 0.000000
18.566645 0.000000
22.644369 0.000000
26.867561 0.000000
34.142928 0.000000
44.769242 0.000000
53.799810 0.000000
58.966496 0.000000
69.279631 0.000000
80.363416 0.000000
88.850421 0.000000
95.798088 0.000000
94.485507 0.000000
79.898790 0.000000
49.857050 0.000000
54.380356 0.000000
56.238716 0.000000
51.482032 0.000000
37.168220 0.000000
13.494627 0.000000
1.831941 0.000000
2.360942 0.000000
2.793791 0.000000
3.533419 0.000000
4.669374 0.000000
5.774691 0.000000
6.818796 0.000000
7.538463 0.000000
8.841277 0.000000
9.524720 0.000000
9.371070 0.000000
8.020422 0.000000
5.360672 0.000000
1.986542 0.000000
0.192400 0.000000
0.234164 0.000000
0.298833 0.000000
0.316375 0.000000
