120823665.704417 0.000000
117930208.260237 0.000000
115952820.976459 0.000000
113070360.870668 0.000000
109199938.764586 0.000000
107085579.735346 0.000000
106434343.624861 0.000000
106224566.703222 0.000000
105664662.124173 0.000000
103909208.194635 0.000000
100638930.471945 0.000000
100523781.931716 0.000000
98874479.587838 0.000000
99529056.559661 0.000000
97409278.039746 0.000000
96972131.887487 0.000000
95929055.955857 0.000000
94339833.040986 0.000000
90742111.555314 0.000000
89480192.923421 0.000000
86285046.319667 0.000000
85385365.209225 0.000000
80618025.916795 0.000000
80457628.478969 0.000000
80824671.714560 0.000000
77874680.643982 0.000000
79852253.403203 0.000000
78604681.450798 0.000000
72501687.560675 0.000000
71630301.647351 0.000000
68496142.332498 0.000000
63533106.015113 0.000000
52795740.873398 0.000000
42507047.681189 0.000000
33469129.269330 0.000000
41062730.910465 0.000000
49376136.252282 0.000000
57757744.484324 0.000000
65718373.090935 0.000000
72351765.474864 0.000000
79364163.826692 0.000000
79577029.446195 0.000000
73982115.664957 0.000000
70589955.087315 0.000000
59361698.804752 0.000000
50285517.152155 0.000000
48239619.344595 0.000000
46857317.368179 0.000000
45971510.420380 0.000000
39584521.913039 0.000000
38608885.599561 0.000000
32276027.096549 0.000000
35653122.762816 0.000000
36872242.641490 0.000000
34262252.817903 0.000000
30945454.141577 0.000000
27084880.750555 0.000000
27581069.297005 0.000000
24754316.743339 0.000000
23622734.571625 0.000000
22187726.775939 0.000000
15622725.070128 0.000000
8532155.069442 0.000000
403585.233165 0.000000
453978.057257 0.000000
594915.770205 0.000000
735267.819103 0.000000
866154.151078 0.000000
1036449.734984 0.000000
1422129.943959 0.000000
1832698.350736 0.000000
2351401.524461 0.000000
2947974.668272 0.000000
3468575.448792 0.000000
4268355.789233 0.000000
5211820.813217 0.000000
6438796.859844 0.000000
7538019.576884 0.000000
8875613.153026 0.000000
8828884.969598 0.000000
10151562.738371 0.000000
11592577.621472 0.000000
12908621.969661 0.000000
13924955.831821 0.000000
14005334.727234 0.000000
12510933.987011 0.000000
8777001.666502 0.000000
3868240.593438 0.000000
0.000000 0.000000
0.000000 0.000000
0.000000 0.000000
0.000000 0.000000
0.000000 0.000000
0.000000 0.000000
0.000000 0.000000
0.000000 0.000000
0.000000 0.000000
88.724187 0.000000
177.270748 0.000000
265.639683 0.000000
397.838329 0.000000
485.763198 0.000000
704.732139 0.000000
966.108792 0.000000
1312.124232 0.000000
1655.032179 0.000000
1910.547168 0.000000
2458.479417 0.000000
2874.480417 0.000000
3974.831251 0.000000
4865.960109 0.000000
5541.007345 0.000000
6611.627895 0.000000
8144.642989 0.000000
10091.899435 0.000000
12639.104623 0.000000
15027.995168 0.000000
17192.491361 0.000000
19561.430916 0.000000
20699.435586 0.000000
20646.556539 0.000000
17965.447302 0.000000
11043.330972 0.000000
8169.291457 0.000000
3086.936282 0.000000
1490.427292 0.000000
1867.479776 0.000000
2312.580104 0.000000
2813.320711 0.000000
3343.242113 0.000000
4028.194507 0.000000
4626.038704 0.000000
5099.223460 0.000000
5382.081792 0.000000
5228.082020 0.000000
4246.164071 0.000000
2184.035077 0.000000
2488.634681 0.000000
2606.280442 0.000000
2569.353550 0.000000
2041.703725 0.000000
1582.060710 0.000000
1568.681298 0.000000
1360.218216 0.000000
700.865693 0.000000
191.418734 0.000000
0.000000 0.000000
0.000000 0.000000
0.000000 0.000000
0.000000 0.000000
0.000000 0.000000
0.000000 0.000000
1.146852 0.000000
2.291408 0.000000
3.433668 0.000000
3.433668 0.000000
5.711300 0.000000
6.846672 0.000000
10.239012 0.000000
14.729988 0.000000
21.396424 0.000000
27.434330 0.000000
34.480180 0.000000
46.702362 0.000000
60.646544 0.000000
80.065538 0.000000
98.584500 0.000000
117.739167 0.000000
141.563324 0.000000
168.187453 0.000000
199.361106 0.000000
228.950827 0.000000
258.548100 0.000000
275.464634 0.000000
271.144982 0.000000
222.549725 0.000000
126.663896 0.000000
75.216324 0.000000
20.525769 0.000000
25.468832 0.000000
30.965988 0.000000
36.689328 0.000000
43.867905 0.000000
51.728544 0.000000
59.813040 0.000000
67.411224 0.000000
73.903016 0.000000
75.606576 0.000000
66.751976 0.000000
41.342064 0.000000
16.667193 0.000000
0.214704 0.000000
0.321084 0.000000
0.461916 0.000000
0.671004 0.000000
0.877464 0.000000
1.198926 0.000000
1.595070 0.000000
1.772352 0.000000
2.246796 0.000000
2.777382 0.000000
3.434913 0.000000
4.072077 0.000000
4.963554 0.000000
5.877378 0.000000
6.850251 0.000000
7.624770 0.000000
8.411249 0.000000
8.502410 0.000000
7.487111 0.000000
4.698171 0.000000
4.971468 0.000000
4.841843 0.000000
3.741698 0.000000
1.582540 0.000000
0.000000 0.000000
0.000000 0.000000
0.000000 0.000000
0.000000 0.000000
0.000000 0.000000
0.000000 0.000000
0.000000 0.000000
0.000000 0.000000
0.000000 0.000000
0.000000 0.000000
0.000000 0.000000
0.000000 0.000000
0.000000 0.000000
0.000000 0.000000
0.000000 0.000000
0.000000 0.000000
0.000000 0.000000
0.000000 0.000000
0.000000 0.000000
0.000000 0.000000
0.000000 0.000000
0.000000 0.000000
0.000000 0.000000
0.000000 0.000000
0.000000 0.000000
0.000000 0.000000
0.000000 0.000000
0.000000 0.000000
0.000000 0.000000
0.000000 0.000000
0.000000 0.000000
0.000000 0.000000
0.000000 0.000000
0.000000 0.000000
0.000000 0.000000
0.000000 0.000000
0.000000 0.000000
0.000000 0.000000
0.000000 0.000000
0.000000 0.000000
0.000000 0.000000
0.000000 0.000000
0.000000 0.000000
0.000000 0.000000
0.000000 0.000000
0.000000 0.000000
0.000000 0.000000
0.000000 0.000000
0.000000 0.000000
0.000000 0.000000
0.000000 0.000000
0.000000 0.000000
0.000000 0.000000
0.000000 0.000000
0.000000 0.000000
0.000000 0.000000
0.000000 0.000000
0.000000 0.000000
0.000000 0.000000
0.000000 0.000000
0.000000 0.000000
0.000000 0.000000
0.000000 0.000000
0.000000 0.000000
0.000000 0.000000
0.000000 0.000000
0.000000 0.000000
0.000000 0.000000
0.000000 0.000000
0.000000 0.000000
0.000000 0.000000
0.000000 0.000000
0.000000 0.000000
0.000000 0.000000
0.000000 0.000000
0.000000 0.000000
0.000000 0.000000
0.000000 0.000000
0.000000 0.000000
0.000000 0.000000
0.000000 0.000000
0.000000 0.000000
0.000000 0.000000
0.000000 0.000000
0.000000 0.000000
0.000000 0.000000
0.000000 0.000000
0.000000 0.000000
0.000000 0.000000
0.000000 0.000000
0.000000 0.000000
0.000000 0.000000
0.000000 0.000000
0.000000 0.000000
0.000000 0.000000
0.000000 0.000000
0.000000 0.000000
0.000000 0.000000
0.000000 0.000000
0.000000 0.000000
0.000000 0.000000
0.000000 0.000000
0.000000 0.000000
0.000000 0.000000
0.000000 0.000000
0.000000 0.000000
0.000000 0.000000
0.000000 0.000000
0.000000 0.000000
0.000000 0.000000
0.000000 0.000000
0.000000 0.000000
0.000000 0.000000
0.000000 0.000000
0.000000 0.000000
0.000000 0.000000
0.000000 0.000000
0.000000 0.000000
0.000000 0.000000
0.000000 0.000000
0.000000 0.000000
0.000000 0.000000
0.000000 0.000000
0.000000 0.000000
0.000000 0.000000
0.000000 0.000000
0.000000 0.000000
0.000000 0.000000
0.000000 0.000000
0.000000 0.000000
0.000000 0.000000
0.000000 0.000000
0.000000 0.000000
0.000000 0.000000
0.000000 0.000000
0.000000 0.000000
0.000000 0.000000
0.000000 0.000000
0.000000 0.000000
0.000000 0.000000
0.000000 0.000000
0.000000 0.000000
0.000000 0.000000
0.000000 0.000000
0.000000 0.000000
0.000000 0.000000
0.000000 0.000000
0.000000 0.000000
0.000000 0.000000
0.000000 0.000000
0.000000 0.000000
0.000000 0.000000
0.000000 0.000000
0.000000 0.000000
0.000000 0.000000
0.000000 0.000000
0.000000 0.000000
0.000000 0.000000
0.000000 0.000000
0.000000 0.000000
0.000000 0.000000
0.000000 0.000000
0.000000 0.000000
0.000000 0.000000
0.000000 0.000000
0.000000 0.000000
0.000000 0.000000
0.000000 0.000000
0.000000 0.000000
0.000000 0.000000
0.000000 0.000000
0.000000 0.000000
0.000000 0.000000
0.000000 0.000000
0.000000 0.000000
0.000000 0.000000
0.000000 0.000000
0.000000 0.000000
0.000000 0.000000
0.000000 0.000000
0.000000 0.000000
0.000000 0.000000
0.000000 0.000000
0.000000 0.000000
0.000000 0.000000
0.000000 0.000000
0.000000 0.000000
0.000000 0.000000
0.000000 0.000000
0.000000 0.000000
0.000000 0.000000
0.000000 0.000000
0.000000 0.000000
0.000000 0.000000
0.000000 0.000000
0.000000 0.000000
0.000000 0.000000
0.000000 0.000000
0.000000 0.000000
0.000000 0.000000
0.000000 0.000000
0.000000 0.000000
0.000000 0.000000
0.000000 0.000000
0.000000 0.000000
0.000000 0.000000
0.000000 0.000000
0.000000 0.000000
0.000000 0.000000
0.000000 0.000000
0.000000 0.000000
0.000000 0.000000
0.000000 0.000000
0.000000 0.000000
0.000000 0.000000
0.000000 0.000000
0.000000 0.000000
0.000000 0.000000
0.000000 0.000000
0.000000 0.000000
0.000000 0.000000
0.000000 0.000000
0.000000 0.000000
0.000000 0.000000
0.000000 0.000000
0.000000 0.000000
0.000000 0.000000
0.000000 0.000000
0.000000 0.000000
0.000000 0.000000
0.000000 0.000000
0.000000 0.000000
0.000000 0.000000
0.000000 0.000000
0.000000 0.000000
0.000000 0.000000
0.000000 0.000000
0.000000 0.000000
0.000000 0.000000
0.000000 0.000000
0.000000 0.000000
0.000000 0.000000
0.000000 0.000000
0.000000 0.000000
0.000000 0.000000
0.000000 0.000000
0.000000 0.000000
0.000000 0.000000
0.000000 0.000000
0.000000 0.000000
0.000000 0.000000
0.000000 0.000000
0.000000 0.000000
0.000000 0.000000
0.000000 0.000000
0.000000 0.000000
0.000000 0.000000
0.000000 0.000000
0.000000 0.000000
0.000000 0.000000
0.000000 0.000000
0.000000 0.000000
0.000000 0.000000
0.000000 0.000000
0.000000 0.000000
0.000000 0.000000
0.000000 0.000000
0.000000 0.000000
0.000000 0.000000
0.000000 0.000000
0.000000 0.000000
0.000000 0.000000
0.000000 0.000000
0.000000 0.000000
0.000000 0.000000
0.000000 0.000000
0.000000 0.000000
0.000000 0.000000
0.000000 0.000000
0.000000 0.000000
0.000000 0.000000
0.000000 0.000000
0.000000 0.000000
0.000000 0.000000
0.000000 0.000000
0.000000 0.000000
0.000000 0.000000
0.000000 0.000000
0.000000 0.000000
0.000000 0.000000
0.000000 0.000000
0.000000 0.000000
0.000000 0.000000
0.000000 0.000000
0.000000 0.000000
0.000000 0.000000
2.744253 0.000000
2.744253 0.000000
5.483012 0.000000
8.216277 0.000000
10.944048 0.000000
13.666325 0.000000
20.446802 0.000000
36.582686 0.000000
44.576459 0.000000
56.471868 0.000000
64.342029 0.000000
81.220514 0.000000
102.927324 0.000000
122.993301 0.000000
142.727813 0.000000
169.781400 0.000000
208.046858 0.000000
250.173617 0.000000
303.673608 0.000000
371.211073 0.000000
435.855614 0.000000
501.833702 0.000000
563.246237 0.000000
627.416013 0.000000
655.746273 0.000000
640.113893 0.000000
512.945633 0.000000
291.661579 0.000000
165.587226 0.000000
0.000000 0.000000
0.000000 0.000000
0.000000 0.000000
0.000000 0.000000
0.000000 0.000000
0.000000 0.000000
0.000000 0.000000
0.000000 0.000000
0.000000 0.000000
0.000000 0.000000
0.000000 0.000000
0.000000 0.000000
0.000000 0.000000
0.000000 0.000000
0.000000 0.000000
0.000000 0.000000
0.000000 0.000000
0.000000 0.000000
0.000000 0.000000
0.000000 0.000000
0.000000 0.000000
0.000000 0.000000
0.000000 0.000000
0.000000 0.000000
0.000000 0.000000
0.000000 0.000000
0.000000 0.000000
0.102897 0.000000
0.205588 0.000000
0.308073 0.000000
0.460893 0.000000
0.588526 0.000000
0.893047 0.000000
1.120381 0.000000
1.421656 0.000000
1.695675 0.000000
2.042151 0.000000
2.753276 0.000000
3.498939 0.000000
3.998604 0.000000
4.562856 0.000000
5.115624 0.000000
6.543887 0.000000
8.247554 0.000000
9.758943 0.000000
11.509973 0.000000
13.941641 0.000000
16.929787 0.000000
19.509710 0.000000
22.105233 0.000000
23.752810 0.000000
24.330839 0.000000
22.908238 0.000000
15.974511 0.000000
10.636370 0.000000
5.984953 0.000000
0.000000 0.000000
0.000000 0.000000
0.000000 0.000000
0.000000 0.000000
0.000000 0.000000
0.000000 0.000000
0.000000 0.000000
0.000000 0.000000
0.000000 0.000000
0.000000 0.000000
0.000000 0.000000
0.000000 0.000000
0.000000 0.000000
0.000000 0.000000
0.000000 0.000000
0.000000 0.000000
0.000000 0.000000
0.000000 0.000000
0.000000 0.000000
0.000000 0.000000
0.000000 0.000000
0.000000 0.000000
0.000000 0.000000
0.000000 0.000000
0.000000 0.000000
0.000000 0.000000
0.000000 0.000000
0.000000 0.000000
0.000000 0.000000
0.000000 0.000000
0.000000 0.000000
0.000000 0.000000
0.000000 0.000000
0.000000 0.000000
0.000000 0.000000
3.111885 0.000000
6.217540 0.000000
9.316965 0.000000
12.410160 0.000000
18.577860 0.000000
24.720640 0.000000
30.838500 0.000000
42.999460 0.000000
55.060740 0.000000
69.997165 0.000000
96.490240 0.000000
113.871940 0.000000
131.025333 0.000000
164.657124 0.000000
220.000851 0.000000
274.001875 0.000000
332.136714 0.000000
393.125466 0.000000
479.039468 0.000000
574.610586 0.000000
653.821030 0.000000
726.311748 0.000000
761.049989 0.000000
716.499765 0.000000
515.768359 0.000000
365.592481 0.000000
411.158496 0.000000
434.682897 0.000000
409.414391 0.000000
290.491684 0.000000
113.334962 0.000000
0.000000 0.000000
0.000000 0.000000
0.000000 0.000000
0.000000 0.000000
0.000000 0.000000
0.000000 0.000000
0.000000 0.000000
0.000000 0.000000
0.000000 0.000000
0.000000 0.000000
0.000000 0.000000
0.000000 0.000000
0.000000 0.000000
0.000000 0.000000
0.000000 0.000000
0.000000 0.000000
0.000000 0.000000
0.000000 0.000000
0.000000 0.000000
0.000000 0.000000
0.000000 0.000000
0.000000 0.000000
0.000000 0.000000
0.000000 0.000000
0.000000 0.000000
0.000000 0.000000
0.000000 0.000000
0.000000 0.000000
0.000000 0.000000
0.000000 0.000000
0.000000 0.000000
0.000000 0.000000
0.000000 0.000000
0.000000 0.000000
0.000000 0.000000
0.000000 0.000000
0.000000 0.000000
0.000000 0.000000
0.000000 0.000000
0.000000 0.000000
0.000000 0.000000
0.000000 0.000000
0.000000 0.000000
0.000000 0.000000
0.000000 0.000000
0.000000 0.000000
0.000000 0.000000
0.000000 0.000000
0.000000 0.000000
0.000000 0.000000
0.000000 0.000000
0.000000 0.000000
0.000000 0.000000
0.000000 0.000000
0.000000 0.000000
0.000000 0.000000
0.000000 0.000000
0.000000 0.000000
0.000000 0.000000
0.000000 0.000000
0.000000 0.000000
0.000000 0.000000
0.000000 0.000000
0.000000 0.000000
0.000000 0.000000
0.000000 0.000000
0.000000 0.000000
0.000000 0.000000
0.000000 0.000000
0.000000 0.000000
0.000000 0.000000
0.000000 0.000000
0.000000 0.000000
0.000000 0.000000
0.000000 0.000000
0.000000 0.000000
0.000000 0.000000
0.000000 0.000000
0.000000 0.000000
0.000000 0.000000
0.000000 0.000000
0.000000 0.000000
0.000000 0.000000
0.000000 0.000000
0.000000 0.000000
0.000000 0.000000
0.000000 0.000000
0.000000 0.000000
0.000000 0.000000
0.000000 0.000000
0.000000 0.000000
0.000000 0.000000
0.000000 0.000000
0.000000 0.000000
0.000000 0.000000
0.000000 0.000000
0.000000 0.000000
0.000000 0.000000
0.000000 0.000000
0.000000 0.000000
0.000000 0.000000
0.000000 0.000000
0.000000 0.000000
0.000000 0.000000
0.000000 0.000000
0.000000 0.000000
0.000000 0.000000
0.000000 0.000000
0.000000 0.000000
0.000000 0.000000
0.000000 0.000000
0.000000 0.000000
0.000000 0.000000
0.000000 0.000000
0.000000 0.000000
0.000000 0.000000
0.000000 0.000000
0.000000 0.000000
0.000000 0.000000
0.000000 0.000000
0.000000 0.000000
0.000000 0.000000
0.000000 0.000000
0.000000 0.000000
0.000000 0.000000
0.000000 0.000000
0.000000 0.000000
0.000000 0.000000
0.000000 0.000000
0.000000 0.000000
0.000000 0.000000
0.000000 0.000000
0.000000 0.000000
0.000000 0.000000
0.000000 0.000000
0.000000 0.000000
0.000000 0.000000
0.000000 0.000000
0.000000 0.000000
0.000000 0.000000
0.000000 0.000000
0.000000 0.000000
0.000000 0.000000
0.000000 0.000000
0.000000 0.000000
0.000000 0.000000
0.000000 0.000000
0.000000 0.000000
0.000000 0.000000
0.000000 0.000000
0.000000 0.000000
0.000000 0.000000
0.000000 0.000000
0.000000 0.000000
0.000000 0.000000
0.000000 0.000000
0.000000 0.000000
0.000000 0.000000
0.000000 0.000000
0.000000 0.000000
0.000000 0.000000
0.000000 0.000000
0.000000 0.000000
0.000000 0.000000
0.000000 0.000000
0.000000 0.000000
0.000000 0.000000
0.000000 0.000000
0.000000 0.000000
0.000000 0.000000
0.000000 0.000000
0.000000 0.000000
0.000000 0.000000
0.000000 0.000000
0.000000 0.000000
0.000000 0.000000
0.000000 0.000000
0.000000 0.000000
0.000000 0.000000
0.000000 0.000000
0.000000 0.000000
0.000000 0.000000
0.000000 0.000000
0.000000 0.000000
0.000000 0.000000
0.000000 0.000000
0.000000 0.000000
0.000000 0.000000
0.000000 0.000000
0.000000 0.000000
0.000000 0.000000
0.000000 0.000000
0.000000 0.000000
0.000000 0.000000
0.000000 0.000000
0.000000 0.000000
0.000000 0.000000
0.000000 0.000000
0.000000 0.000000
0.000000 0.000000
0.000000 0.000000
0.000000 0.000000
0.000000 0.000000
0.000000 0.000000
0.000000 0.000000
0.000000 0.000000
0.000000 0.000000
0.000000 0.000000
0.000000 0.000000
0.000000 0.000000
0.000000 0.000000
0.000000 0.000000
0.000000 0.000000
0.000000 0.000000
0.000000 0.000000
0.000000 0.000000
0.000000 0.000000
0.000000 0.000000
0.000000 0.000000
0.000000 0.000000
0.000000 0.000000
0.000000 0.000000
0.000000 0.000000
0.000000 0.000000
0.000000 0.000000
0.000000 0.000000
0.000000 0.000000
0.000000 0.000000
0.000000 0.000000
0.000000 0.000000
0.000000 0.000000
0.000000 0.000000
0.000000 0.000000
0.000000 0.000000
0.000000 0.000000
0.000000 0.000000
0.000000 0.000000
0.000000 0.000000
0.000000 0.000000
0.000000 0.000000
0.000000 0.000000
0.000000 0.000000
0.000000 0.000000
0.000000 0.000000
0.000000 0.000000
0.000000 0.000000
0.000000 0.000000
0.000000 0.000000
0.000000 0.000000
0.000000 0.000000
0.000000 0.000000
0.000000 0.000000
0.000000 0.000000
0.000000 0.000000
0.000000 0.000000
0.000000 0.000000
0.000000 0.000000
0.000000 0.000000
0.000000 0.000000
0.000000 0.000000
0.000000 0.000000
0.000000 0.000000
0.000000 0.000000
0.000000 0.000000
0.000000 0.000000
0.000000 0.000000
0.000000 0.000000
0.000000 0.000000
0.000000 0.000000
0.000000 0.000000
0.000000 0.000000
0.000000 0.000000
0.000000 0.000000
0.000000 0.000000
0.000000 0.000000
0.000000 0.000000
0.000000 0.000000
0.000000 0.000000
0.000000 0.000000
0.000000 0.000000
0.000000 0.000000
0.000000 0.000000
0.000000 0.000000
0.000000 0.000000
0.000000 0.000000
0.000000 0.000000
1.050948 0.000000
2.099792 0.000000
3.146532 0.000000
4.191168 0.000000
6.274128 0.000000
8.348672 0.000000
10.414800 0.000000
12.472512 0.000000
13.498212 0.000000
18.087562 0.000000
24.138666 0.000000
32.582544 0.000000
39.418440 0.000000
49.483450 0.000000
64.811616 0.000000
80.412250 0.000000
100.113843 0.000000
119.232891 0.000000
144.118477 0.000000
175.270038 0.000000
205.764625 0.000000
231.650157 0.000000
252.373754 0.000000
252.554709 0.000000
217.021798 0.000000
106.826562 0.000000
44.102765 0.000000
0.000000 0.000000
0.000000 0.000000
0.000000 0.000000
0.000000 0.000000
0.000000 0.000000
0.000000 0.000000
0.000000 0.000000
0.000000 0.000000
0.000000 0.000000
0.000000 0.000000
0.000000 0.000000
0.000000 0.000000
0.000000 0.000000
0.000000 0.000000
0.000000 0.000000
0.000000 0.000000
0.000000 0.000000
0.000000 0.000000
0.000000 0.000000
0.000000 0.000000
0.000000 0.000000
0.000000 0.000000
0.000000 0.000000
0.000000 0.000000
0.000000 0.000000
