123283155.438446 0.000000
120883646.064844 0.000000
118339568.498310 0.000000
116065833.698842 0.000000
113474370.503103 0.000000
110565715.017814 0.000000
107483134.991551 0.000000
105095399.720574 0.000000
102455981.121342 0.000000
99790332.030313 0.000000
94294589.824514 0.000000
89748686.972614 0.000000
84183092.160736 0.000000
80382615.002708 0.000000
75787635.547271 0.000000
72486341.160488 0.000000
69440983.071365 0.000000
67465710.478851 0.000000
64794455.715828 0.000000
63492647.089924 0.000000
64218704.493746 0.000000
59640094.485955 0.000000
51475756.439352 0.000000
48233698.608405 0.000000
44933974.660443 0.000000
44079820.082125 0.000000
41820254.665114 0.000000
43844359.789597 0.000000
46912450.888954 0.000000
45270763.391896 0.000000
42782746.371724 0.000000
34378744.380249 0.000000
30295706.320835 0.000000
26944029.892476 0.000000
21887026.074809 0.000000
19100270.250472 0.000000
15792211.176855 0.000000
13843409.393894 0.000000
12630351.076392 0.000000
11322994.862287 0.000000
11082228.186548 0.000000
10521197.824482 0.000000
9821108.313766 0.000000
9265043.209393 0.000000
8515753.532608 0.000000
8797160.347467 0.000000
9249981.638951 0.000000
8759757.906026 0.000000
8032922.067715 0.000000
7633904.966285 0.000000
6117967.413410 0.000000
5508263.300622 0.000000
4881295.975452 0.000000
5681222.225744 0.000000
6221609.461751 0.000000
6299235.978663 0.000000
5809442.999534 0.000000
5661432.294039 0.000000
5587712.970683 0.000000
4547098.672820 0.000000
4308181.336159 0.000000
4034426.249311 0.000000
3463075.115826 0.000000
3003443.649965 0.000000
3195463.790955 0.000000
3159087.705578 0.000000
2687994.839093 0.000000
2289485.053362 0.000000
1672987.308794 0.000000
721213.512745 0.000000
344884.891289 0.000000
423988.251154 0.000000
521774.684348 0.000000
663108.490055 0.000000
812173.267760 0.000000
969503.868545 0.000000
1183617.434036 0.000000
1390191.813815 0.000000
1626393.960994 0.000000
1890053.016203 0.000000
2052703.929315 0.000000
2116044.281574 0.000000
2156469.400157 0.000000
2145635.087492 0.000000
1888393.998310 0.000000
1562904.955467 0.000000
1214265.276545 0.000000
805571.769909 0.000000
308271.990464 0.000000
44105.353874 0.000000
69560.180047 0.000000
82102.797921 0.000000
103316.726741 0.000000
138302.498470 0.000000
160530.556480 0.000000
190113.704423 0.000000
221940.793295 0.000000
259687.035924 0.000000
307552.534979 0.000000
369603.698122 0.000000
373408.612153 0.000000
466282.915068 0.000000
560424.095014 0.000000
701136.039680 0.000000
865024.557295 0.000000
993447.772896 0.000000
1150589.906325 0.000000
1292611.408937 0.000000
1431862.250202 0.000000
1538785.831718 0.000000
1593943.505225 0.000000
1551238.125139 0.000000
1466485.210937 0.000000
1386040.591914 0.000000
1526548.298357 0.000000
1611941.945254 0.000000
1559119.546525 0.000000
1265510.519146 0.000000
798816.559626 0.000000
800190.324244 0.000000
592953.272827 0.000000
696240.302042 0.000000
821142.482948 0.000000
953015.296097 0.000000
971030.532240 0.000000
1081041.405621 0.000000
1003163.163394 0.000000
1052153.578952 0.000000
1214094.120669 0.000000
1336483.436504 0.000000
1406890.407558 0.000000
1470069.788933 0.000000
1518080.753146 0.000000
1480361.995950 0.000000
1215131.056392 0.000000
537737.235076 0.000000
77302.987531 0.000000
64289.839910 0.000000
68450.153793 0.000000
33705.121293 0.000000
36343.523879 0.000000
46542.620562 0.000000
57558.414698 0.000000
67743.672492 0.000000
85663.075683 0.000000
107641.214424 0.000000
132070.469991 0.000000
148575.294386 0.000000
167641.385195 0.000000
189322.091955 0.000000
199693.474548 0.000000
217037.696623 0.000000
151325.064098 0.000000
21522.224848 0.000000
13422.815390 0.000000
6215.252786 0.000000
7537.760625 0.000000
8807.182921 0.000000
10042.419834 0.000000
10922.150700 0.000000
11078.496624 0.000000
10204.821312 0.000000
6707.186681 0.000000
3091.485348 0.000000
786.469673 0.000000
1179.484448 0.000000
1570.409444 0.000000
1729.592195 0.000000
2272.880558 0.000000
3414.666124 0.000000
4466.904678 0.000000
5214.041432 0.000000
6591.722679 0.000000
8506.329818 0.000000
9898.232458 0.000000
12423.642534 0.000000
14291.671002 0.000000
16845.335104 0.000000
21115.515410 0.000000
25147.023485 0.000000
29975.143877 0.000000
33997.835060 0.000000
37163.662165 0.000000
37595.315269 0.000000
32533.401632 0.000000
19874.828824 0.000000
14392.421686 0.000000
1957.794820 0.000000
291.125164 0.000000
424.072092 0.000000
556.117068 0.000000
643.516011 0.000000
795.516864 0.000000
859.713867 0.000000
1072.845067 0.000000
1177.134192 0.000000
1364.987971 0.000000
1802.997382 0.000000
2060.555622 0.000000
2484.023653 0.000000
3116.458707 0.000000
3886.493905 0.000000
4701.482799 0.000000
5403.626688 0.000000
6410.235742 0.000000
7390.011428 0.000000
8025.442512 0.000000
8474.101959 0.000000
8006.346890 0.000000
6087.192080 0.000000
3312.293898 0.000000
1423.390166 0.000000
1748.765700 0.000000
2072.599893 0.000000
2695.466847 0.000000
3553.974946 0.000000
4411.038458 0.000000
5329.544822 0.000000
6452.921177 0.000000
7726.873857 0.000000
9035.637385 0.000000
10476.895809 0.000000
11647.132718 0.000000
12155.419423 0.000000
12840.180632 0.000000
12887.061735 0.000000
11306.960846 0.000000
9759.784360 0.000000
10046.851769 0.000000
11147.796098 0.000000
11784.453119 0.000000
11483.869659 0.000000
8434.722612 0.000000
1659.663002 0.000000
0.000000 0.000000
0.000000 0.000000
0.000000 0.000000
0.000000 0.000000
0.000000 0.000000
0.000000 0.000000
0.000000 0.000000
0.000000 0.000000
0.000000 0.000000
0.000000 0.000000
0.000000 0.000000
0.000000 0.000000
0.000000 0.000000
0.000000 0.000000
0.000000 0.000000
0.000000 0.000000
0.000000 0.000000
0.000000 0.000000
0.000000 0.000000
0.000000 0.000000
0.000000 0.000000
0.000000 0.000000
0.000000 0.000000
0.000000 0.000000
0.000000 0.000000
0.000000 0.000000
0.000000 0.000000
0.000000 0.000000
0.000000 0.000000
4.231764 0.000000
8.455056 0.000000
12.669876 0.000000
12.669876 0.000000
16.876224 0.000000
25.263504 0.000000
39.858642 0.000000
48.152730 0.000000
64.630770 0.000000
76.906698 0.000000
89.106378 0.000000
121.266090 0.000000
141.090570 0.000000
174.298692 0.000000
218.228130 0.000000
270.161490 0.000000
346.657296 0.000000
422.377914 0.000000
513.805620 0.000000
613.592013 0.000000
730.567035 0.000000
834.064164 0.000000
940.722408 0.000000
1009.697196 0.000000
1030.154958 0.000000
934.417122 0.000000
692.268300 0.000000
399.876282 0.000000
0.000000 0.000000
0.000000 0.000000
0.000000 0.000000
0.000000 0.000000
0.000000 0.000000
0.000000 0.000000
0.000000 0.000000
0.000000 0.000000
0.000000 0.000000
23.074902 0.000000
46.103608 0.000000
92.022432 0.000000
160.554198 0.000000
214.653217 0.000000
327.451319 0.000000
394.575828 0.000000
483.428430 0.000000
615.321452 0.000000
745.551419 0.000000
946.167719 0.000000
1217.129876 0.000000
1464.390919 0.000000
1751.733367 0.000000
2014.896853 0.000000
2501.115869 0.000000
3003.867051 0.000000
3718.827044 0.000000
4353.444775 0.000000
5000.625156 0.000000
5522.715037 0.000000
5910.112387 0.000000
5835.460948 0.000000
4794.503146 0.000000
1745.633827 0.000000
0.000000 0.000000
0.000000 0.000000
0.000000 0.000000
0.000000 0.000000
0.000000 0.000000
0.000000 0.000000
0.000000 0.000000
0.000000 0.000000
0.000000 0.000000
0.000000 0.000000
0.000000 0.000000
0.000000 0.000000
0.000000 0.000000
0.000000 0.000000
0.000000 0.000000
0.000000 0.000000
0.000000 0.000000
0.000000 0.000000
0.000000 0.000000
1.632366 0.000000
3.261464 0.000000
6.509856 0.000000
9.745176 0.000000
16.176600 0.000000
22.555736 0.000000
32.026400 0.000000
39.828750 0.000000
52.904835 0.000000
62.364928 0.000000
69.826582 0.000000
91.033435 0.000000
109.463307 0.000000
137.016598 0.000000
176.895822 0.000000
212.380339 0.000000
252.016446 0.000000
303.294112 0.000000
346.542195 0.000000
399.159425 0.000000
436.783644 0.000000
443.852356 0.000000
381.572450 0.000000
272.702858 0.000000
343.824601 0.000000
377.146644 0.000000
464.364769 0.000000
535.752173 0.000000
536.794098 0.000000
584.406598 0.000000
732.474291 0.000000
945.091306 0.000000
1134.020902 0.000000
1400.378065 0.000000
1744.236673 0.000000
2152.338486 0.000000
2573.265787 0.000000
3048.524253 0.000000
3538.740460 0.000000
4120.265353 0.000000
4627.656211 0.000000
5020.969557 0.000000
5054.907505 0.000000
4368.827672 0.000000
2423.112515 0.000000
1418.783068 0.000000
0.000000 0.000000
0.000000 0.000000
0.000000 0.000000
0.000000 0.000000
0.000000 0.000000
0.000000 0.000000
0.000000 0.000000
0.000000 0.000000
0.000000 0.000000
0.000000 0.000000
0.000000 0.000000
0.000000 0.000000
0.000000 0.000000
0.000000 0.000000
0.000000 0.000000
0.000000 0.000000
0.000000 0.000000
0.000000 0.000000
0.000000 0.000000
0.000000 0.000000
0.000000 0.000000
0.000000 0.000000
12.140847 0.000000
24.257388 0.000000
36.349623 0.000000
48.417552 0.000000
60.461175 0.000000
84.475503 0.000000
96.446208 0.000000
144.085968 0.000000
179.560575 0.000000
214.816428 0.000000
273.090063 0.000000
353.652300 0.000000
444.265068 0.000000
533.322252 0.000000
728.013312 0.000000
843.114375 0.000000
1005.284007 0.000000
1218.107343 0.000000
1506.668175 0.000000
1822.448750 0.000000
2115.658074 0.000000
2462.787169 0.000000
2729.545373 0.000000
2988.115039 0.000000
3048.088223 0.000000
2783.245225 0.000000
1862.558437 0.000000
236.548322 0.000000
298.339904 0.000000
361.348316 0.000000
437.744851 0.000000
547.568293 0.000000
676.139983 0.000000
828.097918 0.000000
1085.186105 0.000000
1295.015863 0.000000
1638.015657 0.000000
1870.111869 0.000000
2248.295173 0.000000
2662.262408 0.000000
3064.252588 0.000000
3375.877681 0.000000
3508.645152 0.000000
3239.537830 0.000000
2566.526681 0.000000
3114.845976 0.000000
3714.916984 0.000000
4372.843780 0.000000
4863.831183 0.000000
5190.783813 0.000000
5149.976172 0.000000
4697.679626 0.000000
2978.623824 0.000000
1654.126143 0.000000
407.273143 0.000000
385.382205 0.000000
466.635232 0.000000
558.494522 0.000000
661.238683 0.000000
783.037857 0.000000
944.490446 0.000000
1107.978916 0.000000
1216.881951 0.000000
1281.241574 0.000000
1253.454342 0.000000
1051.716851 0.000000
706.672903 0.000000
603.367889 0.000000
429.140375 0.000000
93.006171 0.000000
55.034058 0.000000
68.080877 0.000000
77.924191 0.000000
99.400877 0.000000
125.597789 0.000000
151.214942 0.000000
179.437305 0.000000
205.507330 0.000000
234.188969 0.000000
249.719632 0.000000
242.441039 0.000000
192.815745 0.000000
126.935786 0.000000
139.678196 0.000000
143.745041 0.000000
129.255006 0.000000
84.155161 0.000000
10.112349 0.000000
10.923579 0.000000
13.911134 0.000000
19.102673 0.000000
22.807821 0.000000
27.885533 0.000000
35.536788 0.000000
41.890299 0.000000
49.337615 0.000000
59.093357 0.000000
69.789336 0.000000
82.100907 0.000000
91.136890 0.000000
96.070670 0.000000
94.301952 0.000000
79.954905 0.000000
63.088613 0.000000
53.255741 0.000000
26.580147 0.000000
1.599036 0.000000
2.020298 0.000000
2.679236 0.000000
3.108957 0.000000
3.894047 0.000000
4.452672 0.000000
5.335562 0.000000
6.316610 0.000000
7.373207 0.000000
8.905224 0.000000
10.561121 0.000000
12.341257 0.000000
13.590223 0.000000
14.685581 0.000000
14.853545 0.000000
13.364835 0.000000
9.353129 0.000000
0.297587 0.000000
0.000000 0.000000
0.000000 0.000000
0.000000 0.000000
0.000000 0.000000
0.000000 0.000000
0.000000 0.000000
0.000000 0.000000
0.000000 0.000000
0.000000 0.000000
0.000000 0.000000
0.000000 0.000000
0.000000 0.000000
0.000000 0.000000
0.000000 0.000000
0.000000 0.000000
0.000000 0.000000
0.000000 0.000000
0.000000 0.000000
0.000000 0.000000
0.000000 0.000000
0.000000 0.000000
0.000000 0.000000
0.000000 0.000000
0.000000 0.000000
0.000000 0.000000
0.000000 0.000000
0.000000 0.000000
0.000000 0.000000
0.000000 0.000000
0.000000 0.000000
0.000000 0.000000
0.000000 0.000000
0.000000 0.000000
0.000000 0.000000
0.000000 0.000000
0.000000 0.000000
0.000000 0.000000
0.000000 0.000000
0.000000 0.000000
0.000000 0.000000
0.000000 0.000000
0.000000 0.000000
0.000000 0.000000
0.000000 0.000000
0.000000 0.000000
0.000000 0.000000
0.000000 0.000000
0.000000 0.000000
0.000000 0.000000
0.000000 0.000000
0.000000 0.000000
0.000000 0.000000
0.000000 0.000000
0.000000 0.000000
0.000000 0.000000
0.000000 0.000000
0.000000 0.000000
0.000000 0.000000
0.000000 0.000000
0.000000 0.000000
0.000000 0.000000
0.000000 0.000000
0.000000 0.000000
0.000000 0.000000
0.000000 0.000000
0.000000 0.000000
0.000000 0.000000
0.000000 0.000000
0.000000 0.000000
0.000000 0.000000
0.000000 0.000000
0.000000 0.000000
0.000000 0.000000
0.000000 0.000000
0.000000 0.000000
0.000000 0.000000
0.000000 0.000000
0.000000 0.000000
0.000000 0.000000
0.000000 0.000000
0.000000 0.000000
0.000000 0.000000
0.000000 0.000000
0.000000 0.000000
0.000000 0.000000
0.000000 0.000000
0.000000 0.000000
0.000000 0.000000
0.000000 0.000000
0.000000 0.000000
0.000000 0.000000
0.000000 0.000000
0.000000 0.000000
0.000000 0.000000
0.000000 0.000000
0.000000 0.000000
0.000000 0.000000
0.000000 0.000000
0.000000 0.000000
0.000000 0.000000
0.000000 0.000000
0.000000 0.000000
0.000000 0.000000
0.000000 0.000000
0.000000 0.000000
0.000000 0.000000
0.000000 0.000000
0.000000 0.000000
0.000000 0.000000
0.000000 0.000000
0.000000 0.000000
0.000000 0.000000
0.000000 0.000000
0.000000 0.000000
0.000000 0.000000
0.000000 0.000000
0.000000 0.000000
0.000000 0.000000
0.000000 0.000000
0.000000 0.000000
0.000000 0.000000
0.000000 0.000000
0.000000 0.000000
0.000000 0.000000
0.000000 0.000000
0.000000 0.000000
0.000000 0.000000
0.000000 0.000000
0.000000 0.000000
0.000000 0.000000
0.000000 0.000000
0.000000 0.000000
0.000000 0.000000
0.000000 0.000000
0.000000 0.000000
0.000000 0.000000
0.000000 0.000000
0.000000 0.000000
0.000000 0.000000
0.000000 0.000000
0.000000 0.000000
0.000000 0.000000
0.000000 0.000000
0.000000 0.000000
0.000000 0.000000
0.000000 0.000000
0.000000 0.000000
0.000000 0.000000
0.000000 0.000000
0.000000 0.000000
0.000000 0.000000
0.000000 0.000000
0.000000 0.000000
0.000000 0.000000
0.000000 0.000000
0.000000 0.000000
0.000000 0.000000
0.000000 0.000000
0.000000 0.000000
0.000000 0.000000
0.000000 0.000000
0.000000 0.000000
0.000000 0.000000
0.000000 0.000000
0.000000 0.000000
0.000000 0.000000
0.000000 0.000000
0.000000 0.000000
0.000000 0.000000
0.000000 0.000000
0.000000 0.000000
0.000000 0.000000
0.000000 0.000000
0.000000 0.000000
0.000000 0.000000
0.000000 0.000000
0.000000 0.000000
0.000000 0.000000
0.000000 0.000000
0.000000 0.000000
0.000000 0.000000
0.000000 0.000000
0.000000 0.000000
0.000000 0.000000
0.000000 0.000000
0.000000 0.000000
0.000000 0.000000
0.000000 0.000000
0.000000 0.000000
0.000000 0.000000
0.000000 0.000000
0.000000 0.000000
0.000000 0.000000
0.000000 0.000000
0.000000 0.000000
0.000000 0.000000
0.000000 0.000000
0.000000 0.000000
0.000000 0.000000
0.000000 0.000000
0.000000 0.000000
0.000000 0.000000
0.000000 0.000000
0.000000 0.000000
0.000000 0.000000
0.000000 0.000000
0.000000 0.000000
0.000000 0.000000
0.000000 0.000000
0.000000 0.000000
0.000000 0.000000
0.000000 0.000000
0.000000 0.000000
0.000000 0.000000
0.000000 0.000000
0.000000 0.000000
0.000000 0.000000
0.000000 0.000000
0.000000 0.000000
0.000000 0.000000
0.000000 0.000000
0.000000 0.000000
0.000000 0.000000
0.000000 0.000000
0.000000 0.000000
0.000000 0.000000
0.000000 0.000000
0.000000 0.000000
0.000000 0.000000
0.000000 0.000000
0.000000 0.000000
9.266724 0.000000
18.514896 0.000000
27.744516 0.000000
36.955584 0.000000
46.148100 0.000000
55.322064 0.000000
73.614336 0.000000
109.976256 0.000000
146.041344 0.000000
172.895364 0.000000
243.689796 0.000000
278.641764 0.000000
373.229136 0.000000
465.571716 0.000000
579.852036 0.000000
713.732544 0.000000
871.712100 0.000000
1069.624836 0.000000
1271.776704 0.000000
1554.945156 0.000000
1836.796416 0.000000
2066.460900 0.000000
2240.487936 0.000000
2317.181904 0.000000
2137.190400 0.000000
1478.585124 0.000000
0.000000 0.000000
0.000000 0.000000
0.000000 0.000000
0.000000 0.000000
0.000000 0.000000
0.000000 0.000000
0.000000 0.000000
0.000000 0.000000
0.000000 0.000000
0.000000 0.000000
0.000000 0.000000
0.000000 0.000000
0.000000 0.000000
0.000000 0.000000
0.000000 0.000000
0.000000 0.000000
0.000000 0.000000
0.000000 0.000000
0.000000 0.000000
0.000000 0.000000
0.000000 0.000000
0.000000 0.000000
0.000000 0.000000
0.000000 0.000000
0.000000 0.000000
0.000000 0.000000
0.000000 0.000000
0.000000 0.000000
0.000000 0.000000
0.000000 0.000000
0.000000 0.000000
0.000000 0.000000
0.000000 0.000000
0.000000 0.000000
0.000000 0.000000
0.000000 0.000000
0.000000 0.000000
0.000000 0.000000
0.000000 0.000000
0.000000 0.000000
0.000000 0.000000
0.000000 0.000000
0.000000 0.000000
0.000000 0.000000
0.000000 0.000000
0.000000 0.000000
0.000000 0.000000
0.000000 0.000000
0.000000 0.000000
0.000000 0.000000
0.000000 0.000000
0.000000 0.000000
0.000000 0.000000
0.000000 0.000000
0.000000 0.000000
0.000000 0.000000
0.000000 0.000000
0.000000 0.000000
0.000000 0.000000
0.000000 0.000000
0.000000 0.000000
0.000000 0.000000
0.000000 0.000000
0.000000 0.000000
0.000000 0.000000
0.000000 0.000000
0.000000 0.000000
0.000000 0.000000
0.000000 0.000000
0.000000 0.000000
0.000000 0.000000
0.000000 0.000000
0.000000 0.000000
0.000000 0.000000
0.000000 0.000000
0.000000 0.000000
0.000000 0.000000
0.000000 0.000000
0.000000 0.000000
0.000000 0.000000
0.000000 0.000000
0.000000 0.000000
0.000000 0.000000
0.000000 0.000000
0.000000 0.000000
0.000000 0.000000
0.000000 0.000000
0.000000 0.000000
0.000000 0.000000
0.000000 0.000000
0.000000 0.000000
0.000000 0.000000
0.000000 0.000000
0.000000 0.000000
0.000000 0.000000
0.000000 0.000000
0.000000 0.000000
0.000000 0.000000
0.000000 0.000000
0.000000 0.000000
0.000000 0.000000
0.000000 0.000000
0.000000 0.000000
0.000000 0.000000
0.000000 0.000000
0.000000 0.000000
0.000000 0.000000
0.000000 0.000000
0.000000 0.000000
0.000000 0.000000
0.000000 0.000000
0.000000 0.000000
0.000000 0.000000
0.000000 0.000000
0.000000 0.000000
0.000000 0.000000
0.000000 0.000000
0.000000 0.000000
0.000000 0.000000
0.000000 0.000000
0.000000 0.000000
0.000000 0.000000
0.000000 0.000000
0.000000 0.000000
0.000000 0.000000
0.000000 0.000000
0.000000 0.000000
0.000000 0.000000
0.000000 0.000000
0.000000 0.000000
0.000000 0.000000
0.000000 0.000000
0.000000 0.000000
0.000000 0.000000
0.000000 0.000000
0.000000 0.000000
0.000000 0.000000
0.000000 0.000000
0.000000 0.000000
0.000000 0.000000
0.000000 0.000000
0.000000 0.000000
0.000000 0.000000
0.000000 0.000000
0.000000 0.000000
0.000000 0.000000
0.000000 0.000000
0.000000 0.000000
0.000000 0.000000
0.000000 0.000000
0.000000 0.000000
0.000000 0.000000
0.000000 0.000000
0.000000 0.000000
0.000000 0.000000
0.000000 0.000000
0.000000 0.000000
0.000000 0.000000
0.000000 0.000000
0.000000 0.000000
0.000000 0.000000
0.000000 0.000000
0.000000 0.000000
0.000000 0.000000
0.000000 0.000000
0.000000 0.000000
0.000000 0.000000
0.000000 0.000000
0.000000 0.000000
0.000000 0.000000
0.000000 0.000000
0.000000 0.000000
0.000000 0.000000
0.000000 0.000000
0.000000 0.000000
0.000000 0.000000
0.000000 0.000000
0.000000 0.000000
0.000000 0.000000
0.000000 0.000000
0.000000 0.000000
0.000000 0.000000
0.000000 0.000000
0.000000 0.000000
0.000000 0.000000
0.000000 0.000000
0.000000 0.000000
0.000000 0.000000
0.000000 0.000000
0.000000 0.000000
0.000000 0.000000
0.000000 0.000000
0.000000 0.000000
0.000000 0.000000
0.000000 0.000000
0.000000 0.000000
0.000000 0.000000
0.000000 0.000000
0.000000 0.000000
0.000000 0.000000
0.000000 0.000000
0.000000 0.000000
0.000000 0.000000
0.000000 0.000000
0.000000 0.000000
0.000000 0.000000
0.000000 0.000000
