4702331.728369 0.000000
4510025.642140 0.000000
4326008.216285 0.000000
4177694.041695 0.000000
3903943.550111 0.000000
3583968.920472 0.000000
3382322.029423 0.000000
3213521.837530 0.000000
3224461.966390 0.000000
3031215.940771 0.000000
2937429.883670 0.000000
2757393.998768 0.000000
2694927.321030 0.000000
2625968.026368 0.000000
2560705.334620 0.000000
2553526.204875 0.000000
2557728.669333 0.000000
2342476.176145 0.000000
2261834.599948 0.000000
1938813.365182 0.000000
1866480.275481 0.000000
1783372.488106 0.000000
1583475.010575 0.000000
1320622.096144 0.000000
1513925.803748 0.000000
1630164.952035 0.000000
1591832.527576 0.000000
1316241.565554 0.000000
1103518.292278 0.000000
959084.745667 0.000000
870747.208727 0.000000
438691.309808 0.000000
103609.178658 0.000000
85380.493192 0.000000
93402.875855 0.000000
102107.744880 0.000000
120144.514587 0.000000
147710.899176 0.000000
128095.410875 0.000000
32340.472760 0.000000
39553.165933 0.000000
46967.717045 0.000000
61160.544644 0.000000
73391.464606 0.000000
76553.983620 0.000000
71701.887226 0.000000
73484.264973 0.000000
80478.688293 0.000000
85791.894225 0.000000
78171.085454 0.000000
79388.102721 0.000000
69767.637332 0.000000
50351.777456 0.000000
56864.164883 0.000000
60782.693815 0.000000
62479.562568 0.000000
64404.171413 0.000000
60217.273601 0.000000
59247.697862 0.000000
53896.035900 0.000000
52674.173337 0.000000
41570.076545 0.000000
46509.536384 0.000000
48328.635419 0.000000
43746.421522 0.000000
51295.875835 0.000000
58266.933746 0.000000
63723.407736 0.000000
59462.118983 0.000000
64859.157685 0.000000
69394.264721 0.000000
69399.925164 0.000000
67324.697891 0.000000
64721.935878 0.000000
57659.840453 0.000000
54540.561929 0.000000
39659.548654 0.000000
24836.589128 0.000000
21453.803374 0.000000
25784.697434 0.000000
30337.353488 0.000000
36495.640528 0.000000
39795.492921 0.000000
41389.106787 0.000000
40548.005474 0.000000
45422.796562 0.000000
50243.710705 0.000000
54561.471402 0.000000
59053.956142 0.000000
58433.162231 0.000000
53648.167731 0.000000
52225.561474 0.000000
43993.965931 0.000000
46014.846668 0.000000
44783.878491 0.000000
37201.995642 0.000000
32401.992694 0.000000
29850.478099 0.000000
29146.232871 0.000000
34345.061928 0.000000
39212.053167 0.000000
38275.672579 0.000000
33740.015099 0.000000
33779.269114 0.000000
32537.006776 0.000000
31796.850355 0.000000
33525.964050 0.000000
31851.654072 0.000000
30176.697374 0.000000
26597.406650 0.000000
23209.752618 0.000000
22491.684535 0.000000
24526.709437 0.000000
24944.055703 0.000000
24261.100989 0.000000
26917.006324 0.000000
28920.809527 0.000000
28847.534214 0.000000
27392.168295 0.000000
30332.326448 0.000000
32797.977969 0.000000
33783.110473 0.000000
34275.163253 0.000000
31559.500543 0.000000
24404.122080 0.000000
13579.674002 0.000000
14707.997575 0.000000
16619.070193 0.000000
17044.219906 0.000000
15522.037682 0.000000
12525.518277 0.000000
13668.879202 0.000000
13128.393376 0.000000
11919.755763 0.000000
10589.902760 0.000000
8147.645024 0.000000
3366.935491 0.000000
2049.715778 0.000000
2407.728391 0.000000
2772.463918 0.000000
3637.541456 0.000000
5305.998483 0.000000
6770.018936 0.000000
8432.869728 0.000000
10547.712935 0.000000
13545.533599 0.000000
15948.938117 0.000000
18676.652273 0.000000
21222.106269 0.000000
22936.068505 0.000000
22617.665294 0.000000
21907.958561 0.000000
17928.513146 0.000000
13265.304253 0.000000
8894.153139 0.000000
7461.875434 0.000000
8053.900084 0.000000
9170.873267 0.000000
10605.963737 0.000000
11121.333530 0.000000
10342.738080 0.000000
8901.114436 0.000000
8947.737894 0.000000
9089.611261 0.000000
8755.280845 0.000000
8337.736709 0.000000
8101.807360 0.000000
9520.138636 0.000000
10626.085012 0.000000
10434.151742 0.000000
8769.853243 0.000000
6804.475016 0.000000
7826.304256 0.000000
8879.664686 0.000000
9706.842046 0.000000
9889.683757 0.000000
10166.552013 0.000000
11666.490267 0.000000
13154.792004 0.000000
13772.247926 0.000000
13565.617204 0.000000
15707.234026 0.000000
16380.583511 0.000000
15384.857514 0.000000
11762.293234 0.000000
9511.023540 0.000000
5906.280795 0.000000
1787.954290 0.000000
1730.880188 0.000000
1843.893323 0.000000
2052.951791 0.000000
1991.110635 0.000000
2265.406893 0.000000
2752.432871 0.000000
3427.164768 0.000000
4128.526046 0.000000
4436.213039 0.000000
4890.869086 0.000000
4971.664823 0.000000
5213.681756 0.000000
6226.130376 0.000000
7376.172854 0.000000
8299.477127 0.000000
8969.081776 0.000000
9477.635498 0.000000
8428.106820 0.000000
4361.311407 0.000000
4076.713377 0.000000
4891.414103 0.000000
5172.380074 0.000000
5603.246764 0.000000
5477.498997 0.000000
4143.517256 0.000000
3810.598551 0.000000
4542.462248 0.000000
5486.097036 0.000000
6640.700100 0.000000
7824.552446 0.000000
8815.293983 0.000000
9411.845140 0.000000
9465.188191 0.000000
9910.949703 0.000000
9596.290505 0.000000
7412.361227 0.000000
4843.639541 0.000000
2734.236685 0.000000
2341.695363 0.000000
3141.066346 0.000000
3725.919036 0.000000
4661.445896 0.000000
5885.941924 0.000000
7625.507423 0.000000
8771.842809 0.000000
10082.994397 0.000000
11208.812833 0.000000
11783.903598 0.000000
11746.818790 0.000000
10932.473829 0.000000
9374.520500 0.000000
8679.466234 0.000000
6814.947134 0.000000
4095.646524 0.000000
4340.384229 0.000000
4950.832675 0.000000
5500.766062 0.000000
6356.785541 0.000000
7128.589765 0.000000
7302.445991 0.000000
7360.744836 0.000000
7423.589984 0.000000
7813.340478 0.000000
8058.001627 0.000000
7366.675533 0.000000
7186.078200 0.000000
6063.420184 0.000000
4923.387684 0.000000
5014.079995 0.000000
5205.580395 0.000000
4813.439206 0.000000
3171.850154 0.000000
2959.251977 0.000000
3449.995203 0.000000
3663.591181 0.000000
3791.323790 0.000000
3514.003639 0.000000
3145.271565 0.000000
3319.224851 0.000000
3752.559127 0.000000
4069.504793 0.000000
4129.107608 0.000000
3838.518020 0.000000
2803.000256 0.000000
2300.309085 0.000000
1076.201544 0.000000
1400.287303 0.000000
1822.197919 0.000000
2219.268400 0.000000
2956.454978 0.000000
3580.286341 0.000000
4520.535710 0.000000
5581.227797 0.000000
6581.043889 0.000000
7675.033358 0.000000
7971.315698 0.000000
7856.656889 0.000000
5998.678720 0.000000
4613.382113 0.000000
4323.545598 0.000000
4799.256379 0.000000
5161.695313 0.000000
4904.373115 0.000000
3719.496587 0.000000
3924.279776 0.000000
4401.600777 0.000000
4493.983089 0.000000
3814.608908 0.000000
2498.131946 0.000000
2845.339469 0.000000
3152.647485 0.000000
3571.978581 0.000000
4097.104217 0.000000
4307.658063 0.000000
4209.466374 0.000000
4814.640218 0.000000
5107.449892 0.000000
4858.667592 0.000000
3430.249310 0.000000
3186.726591 0.000000
2343.982807 0.000000
1714.783302 0.000000
1934.925662 0.000000
2125.404079 0.000000
2284.744878 0.000000
2238.284301 0.000000
1859.838131 0.000000
1891.529755 0.000000
1992.483864 0.000000
1981.581879 0.000000
1612.026908 0.000000
823.568380 0.000000
0.000000 0.000000
0.000000 0.000000
0.000000 0.000000
73.011110 0.000000
145.288440 0.000000
216.831990 0.000000
357.717750 0.000000
512.149914 0.000000
536.513149 0.000000
620.174681 0.000000
735.679697 0.000000
1040.256527 0.000000
1140.156392 0.000000
1326.679415 0.000000
1688.545575 0.000000
1970.707730 0.000000
2366.142483 0.000000
2835.376156 0.000000
3181.029556 0.000000
3474.770429 0.000000
3539.817394 0.000000
3165.838976 0.000000
2971.990411 0.000000
2913.545673 0.000000
2325.146228 0.000000
1533.920613 0.000000
786.689499 0.000000
565.630131 0.000000
674.576059 0.000000
789.546812 0.000000
918.308778 0.000000
973.808681 0.000000
995.792734 0.000000
803.841642 0.000000
501.123857 0.000000
424.395606 0.000000
499.563136 0.000000
616.471394 0.000000
661.247907 0.000000
747.932336 0.000000
770.689572 0.000000
787.929076 0.000000
846.339027 0.000000
970.094242 0.000000
1015.985210 0.000000
1000.528674 0.000000
797.583057 0.000000
383.954995 0.000000
0.000000 0.000000
0.000000 0.000000
0.000000 0.000000
0.000000 0.000000
0.000000 0.000000
0.000000 0.000000
0.000000 0.000000
0.000000 0.000000
0.000000 0.000000
0.000000 0.000000
0.000000 0.000000
0.000000 0.000000
0.000000 0.000000
0.000000 0.000000
0.000000 0.000000
0.000000 0.000000
0.000000 0.000000
0.000000 0.000000
0.000000 0.000000
0.000000 0.000000
0.000000 0.000000
0.000000 0.000000
0.000000 0.000000
0.000000 0.000000
0.000000 0.000000
36.622766 0.000000
72.877464 0.000000
108.764094 0.000000
144.282656 0.000000
231.422755 0.000000
433.081207 0.000000
596.512934 0.000000
764.493221 0.000000
863.838169 0.000000
1095.391177 0.000000
1284.436784 0.000000
1702.486432 0.000000
2070.614963 0.000000
2522.723455 0.000000
3099.072322 0.000000
3353.094283 0.000000
3687.085325 0.000000
3872.674736 0.000000
4060.985914 0.000000
4141.383362 0.000000
4022.374599 0.000000
3558.362262 0.000000
2670.999295 0.000000
2219.962950 0.000000
1260.031065 0.000000
729.701536 0.000000
571.289597 0.000000
704.396214 0.000000
824.864183 0.000000
984.658363 0.000000
1164.723367 0.000000
1273.274475 0.000000
1294.209962 0.000000
1197.007193 0.000000
1032.924300 0.000000
1006.867770 0.000000
1174.028863 0.000000
1373.041977 0.000000
1558.131701 0.000000
1647.480975 0.000000
1554.733460 0.000000
1111.324054 0.000000
731.542712 0.000000
365.792473 0.000000
201.089964 0.000000
259.772691 0.000000
364.121285 0.000000
423.718361 0.000000
484.683403 0.000000
529.392984 0.000000
528.428867 0.000000
472.251805 0.000000
313.155851 0.000000
336.411538 0.000000
366.178485 0.000000
478.021114 0.000000
608.922904 0.000000
733.275274 0.000000
861.075619 0.000000
1054.110275 0.000000
1152.524856 0.000000
1271.332739 0.000000
1308.151569 0.000000
1258.710363 0.000000
1037.346838 0.000000
744.970594 0.000000
509.910495 0.000000
124.664235 0.000000
156.319767 0.000000
191.509907 0.000000
227.089906 0.000000
283.043440 0.000000
342.109891 0.000000
384.523713 0.000000
432.896585 0.000000
446.640945 0.000000
407.287163 0.000000
339.709298 0.000000
264.071955 0.000000
214.279118 0.000000
228.612686 0.000000
263.750129 0.000000
335.145213 0.000000
406.442366 0.000000
517.495821 0.000000
604.225628 0.000000
657.520389 0.000000
812.653627 0.000000
909.938605 0.000000
1001.777521 0.000000
1065.225518 0.000000
921.776205 0.000000
508.817477 0.000000
43.915608 0.000000
48.193387 0.000000
68.276893 0.000000
81.525689 0.000000
94.634286 0.000000
107.602684 0.000000
151.800400 0.000000
176.054834 0.000000
234.517797 0.000000
294.347706 0.000000
374.331188 0.000000
475.484724 0.000000
576.743371 0.000000
646.194377 0.000000
670.694031 0.000000
600.524261 0.000000
404.376894 0.000000
238.513085 0.000000
33.841061 0.000000
48.495502 0.000000
69.594250 0.000000
102.904568 0.000000
150.641777 0.000000
254.488548 0.000000
302.987759 0.000000
363.480854 0.000000
437.441801 0.000000
488.141695 0.000000
561.179309 0.000000
634.749773 0.000000
692.725298 0.000000
777.820099 0.000000
847.476046 0.000000
938.667980 0.000000
1014.494209 0.000000
1017.068171 0.000000
911.064184 0.000000
541.139123 0.000000
471.316211 0.000000
559.323189 0.000000
596.326701 0.000000
600.263047 0.000000
552.012593 0.000000
427.088190 0.000000
481.114030 0.000000
537.577934 0.000000
582.518868 0.000000
552.149744 0.000000
525.043987 0.000000
521.008123 0.000000
500.771853 0.000000
569.534958 0.000000
685.677682 0.000000
810.260429 0.000000
908.277612 0.000000
1002.576716 0.000000
1034.077428 0.000000
909.978906 0.000000
495.554525 0.000000
177.901897 0.000000
0.000000 0.000000
0.000000 0.000000
0.000000 0.000000
0.000000 0.000000
0.000000 0.000000
0.000000 0.000000
0.000000 0.000000
0.000000 0.000000
0.000000 0.000000
0.000000 0.000000
0.000000 0.000000
0.000000 0.000000
0.000000 0.000000
0.000000 0.000000
0.000000 0.000000
0.000000 0.000000
0.000000 0.000000
0.000000 0.000000
0.000000 0.000000
0.000000 0.000000
0.000000 0.000000
0.000000 0.000000
0.000000 0.000000
0.000000 0.000000
0.000000 0.000000
0.000000 0.000000
0.000000 0.000000
0.000000 0.000000
0.000000 0.000000
26.263224 0.000000
52.262496 0.000000
77.997816 0.000000
141.148332 0.000000
165.959820 0.000000
190.507356 0.000000
309.021804 0.000000
388.009440 0.000000
495.569880 0.000000
662.189580 0.000000
821.649582 0.000000
995.264010 0.000000
1114.636302 0.000000
1247.602122 0.000000
1298.775816 0.000000
1191.214771 0.000000
792.429946 0.000000
302.076738 0.000000
142.266216 0.000000
169.763949 0.000000
199.523369 0.000000
246.361820 0.000000
313.035719 0.000000
377.384539 0.000000
491.362154 0.000000
558.925884 0.000000
687.723766 0.000000
841.668297 0.000000
950.660378 0.000000
1042.332611 0.000000
1100.301832 0.000000
879.293698 0.000000
1001.024838 0.000000
1067.727676 0.000000
1096.765750 0.000000
986.989429 0.000000
986.830894 0.000000
1009.879637 0.000000
921.183884 0.000000
838.392482 0.000000
677.178190 0.000000
502.043198 0.000000
544.656389 0.000000
537.707327 0.000000
425.877632 0.000000
289.148930 0.000000
95.231326 0.000000
0.000000 0.000000
0.000000 0.000000
0.000000 0.000000
0.000000 0.000000
0.000000 0.000000
0.000000 0.000000
0.000000 0.000000
0.000000 0.000000
0.000000 0.000000
0.000000 0.000000
0.000000 0.000000
0.000000 0.000000
0.000000 0.000000
0.000000 0.000000
0.000000 0.000000
0.000000 0.000000
0.000000 0.000000
0.000000 0.000000
0.000000 0.000000
0.000000 0.000000
0.000000 0.000000
0.000000 0.000000
24.817887 0.000000
49.386348 0.000000
73.705383 0.000000
97.774992 0.000000
156.826691 0.000000
214.257116 0.000000
313.715811 0.000000
387.483623 0.000000
515.751147 0.000000
623.503419 0.000000
746.034048 0.000000
897.435788 0.000000
975.475062 0.000000
1054.792518 0.000000
1156.932045 0.000000
1150.227815 0.000000
979.088638 0.000000
618.914478 0.000000
617.947960 0.000000
490.959966 0.000000
179.632047 0.000000
141.018094 0.000000
167.332326 0.000000
197.567137 0.000000
242.120517 0.000000
269.931310 0.000000
293.751322 0.000000
296.791201 0.000000
262.690463 0.000000
157.254525 0.000000
164.612614 0.000000
147.846460 0.000000
116.664565 0.000000
27.495054 0.000000
0.000000 0.000000
0.000000 0.000000
0.000000 0.000000
0.000000 0.000000
0.000000 0.000000
0.000000 0.000000
0.000000 0.000000
0.000000 0.000000
0.000000 0.000000
0.000000 0.000000
0.000000 0.000000
0.000000 0.000000
0.000000 0.000000
0.000000 0.000000
0.000000 0.000000
0.000000 0.000000
0.000000 0.000000
0.000000 0.000000
0.000000 0.000000
0.000000 0.000000
0.000000 0.000000
0.000000 0.000000
0.000000 0.000000
0.000000 0.000000
0.000000 0.000000
0.000000 0.000000
0.000000 0.000000
0.000000 0.000000
0.000000 0.000000
0.000000 0.000000
0.000000 0.000000
0.000000 0.000000
0.000000 0.000000
0.000000 0.000000
0.000000 0.000000
0.000000 0.000000
0.000000 0.000000
0.000000 0.000000
0.000000 0.000000
0.000000 0.000000
0.000000 0.000000
0.000000 0.000000
0.000000 0.000000
0.000000 0.000000
0.000000 0.000000
0.000000 0.000000
0.000000 0.000000
0.000000 0.000000
0.000000 0.000000
0.000000 0.000000
0.000000 0.000000
0.000000 0.000000
0.000000 0.000000
0.000000 0.000000
0.000000 0.000000
0.000000 0.000000
0.000000 0.000000
0.000000 0.000000
0.000000 0.000000
0.000000 0.000000
0.000000 0.000000
0.000000 0.000000
0.000000 0.000000
0.000000 0.000000
0.000000 0.000000
0.000000 0.000000
0.000000 0.000000
0.000000 0.000000
0.000000 0.000000
0.000000 0.000000
0.000000 0.000000
0.000000 0.000000
0.000000 0.000000
0.000000 0.000000
0.000000 0.000000
0.000000 0.000000
0.000000 0.000000
0.000000 0.000000
0.000000 0.000000
0.000000 0.000000
0.000000 0.000000
0.000000 0.000000
0.000000 0.000000
0.000000 0.000000
0.000000 0.000000
0.000000 0.000000
0.000000 0.000000
0.000000 0.000000
0.000000 0.000000
0.000000 0.000000
0.000000 0.000000
0.000000 0.000000
0.000000 0.000000
0.000000 0.000000
0.000000 0.000000
0.000000 0.000000
0.000000 0.000000
0.000000 0.000000
0.000000 0.000000
0.000000 0.000000
0.000000 0.000000
0.000000 0.000000
0.000000 0.000000
0.000000 0.000000
0.000000 0.000000
0.000000 0.000000
0.000000 0.000000
0.000000 0.000000
0.000000 0.000000
0.000000 0.000000
0.000000 0.000000
0.000000 0.000000
0.000000 0.000000
0.000000 0.000000
0.000000 0.000000
0.000000 0.000000
0.000000 0.000000
0.000000 0.000000
0.000000 0.000000
0.000000 0.000000
0.000000 0.000000
0.000000 0.000000
0.000000 0.000000
0.000000 0.000000
0.000000 0.000000
0.000000 0.000000
0.000000 0.000000
0.000000 0.000000
0.000000 0.000000
0.000000 0.000000
0.000000 0.000000
0.000000 0.000000
0.000000 0.000000
0.000000 0.000000
0.000000 0.000000
0.000000 0.000000
0.000000 0.000000
0.000000 0.000000
0.000000 0.000000
0.000000 0.000000
0.000000 0.000000
0.000000 0.000000
0.000000 0.000000
0.000000 0.000000
0.000000 0.000000
2.670779 0.000000
5.314716 0.000000
10.522064 0.000000
13.085475 0.000000
18.131771 0.000000
31.452026 0.000000
44.981713 0.000000
61.343763 0.000000
76.988411 0.000000
93.764538 0.000000
113.626503 0.000000
133.604978 0.000000
157.338532 0.000000
172.930193 0.000000
200.401105 0.000000
217.586296 0.000000
221.319311 0.000000
204.862290 0.000000
208.901312 0.000000
259.045726 0.000000
314.202680 0.000000
348.522556 0.000000
365.261676 0.000000
330.301348 0.000000
216.026470 0.000000
78.655126 0.000000
100.800068 0.000000
118.133675 0.000000
135.192950 0.000000
155.453593 0.000000
175.906187 0.000000
181.481036 0.000000
165.953431 0.000000
102.709701 0.000000
28.827662 0.000000
0.000000 0.000000
0.000000 0.000000
0.000000 0.000000
0.000000 0.000000
0.000000 0.000000
0.000000 0.000000
0.000000 0.000000
0.000000 0.000000
0.000000 0.000000
0.000000 0.000000
0.000000 0.000000
0.000000 0.000000
0.000000 0.000000
0.000000 0.000000
0.000000 0.000000
0.000000 0.000000
0.000000 0.000000
0.000000 0.000000
0.000000 0.000000
0.000000 0.000000
0.000000 0.000000
0.000000 0.000000
0.000000 0.000000
0.000000 0.000000
0.000000 0.000000
0.000000 0.000000
0.000000 0.000000
0.000000 0.000000
0.000000 0.000000
0.000000 0.000000
0.000000 0.000000
0.000000 0.000000
0.000000 0.000000
0.000000 0.000000
0.000000 0.000000
0.000000 0.000000
0.000000 0.000000
0.000000 0.000000
0.000000 0.000000
0.000000 0.000000
0.000000 0.000000
0.000000 0.000000
0.000000 0.000000
0.000000 0.000000
0.000000 0.000000
0.000000 0.000000
0.000000 0.000000
0.000000 0.000000
0.000000 0.000000
0.000000 0.000000
0.000000 0.000000
0.000000 0.000000
0.000000 0.000000
0.000000 0.000000
0.000000 0.000000
0.000000 0.000000
0.000000 0.000000
0.000000 0.000000
0.000000 0.000000
0.000000 0.000000
0.000000 0.000000
0.000000 0.000000
0.000000 0.000000
0.000000 0.000000
0.000000 0.000000
0.000000 0.000000
0.000000 0.000000
0.000000 0.000000
0.000000 0.000000
0.000000 0.000000
0.000000 0.000000
0.000000 0.000000
0.000000 0.000000
0.000000 0.000000
0.000000 0.000000
0.000000 0.000000
0.000000 0.000000
0.000000 0.000000
0.000000 0.000000
0.000000 0.000000
0.000000 0.000000
0.000000 0.000000
0.000000 0.000000
0.000000 0.000000
0.000000 0.000000
0.000000 0.000000
0.000000 0.000000
0.000000 0.000000
0.000000 0.000000
0.000000 0.000000
0.000000 0.000000
0.000000 0.000000
0.000000 0.000000
0.000000 0.000000
0.000000 0.000000
0.000000 0.000000
0.000000 0.000000
0.000000 0.000000
0.000000 0.000000
0.000000 0.000000
0.000000 0.000000
0.000000 0.000000
0.000000 0.000000
0.000000 0.000000
0.000000 0.000000
0.000000 0.000000
0.000000 0.000000
0.000000 0.000000
0.000000 0.000000
0.000000 0.000000
0.000000 0.000000
0.000000 0.000000
0.000000 0.000000
0.000000 0.000000
0.000000 0.000000
0.000000 0.000000
0.000000 0.000000
0.000000 0.000000
0.000000 0.000000
0.000000 0.000000
0.000000 0.000000
0.000000 0.000000
0.000000 0.000000
0.000000 0.000000
0.000000 0.000000
0.000000 0.000000
0.000000 0.000000
0.000000 0.000000
0.000000 0.000000
0.000000 0.000000
0.000000 0.000000
0.000000 0.000000
0.000000 0.000000
0.000000 0.000000
0.000000 0.000000
0.000000 0.000000
0.000000 0.000000
0.000000 0.000000
0.000000 0.000000
0.000000 0.000000
0.000000 0.000000
0.000000 0.000000
