4651906.737663 0.000000
4159139.140710 0.000000
3856842.011085 0.000000
3546348.699426 0.000000
3178653.811417 0.000000
2806953.908091 0.000000
2560765.228864 0.000000
2401644.585868 0.000000
2182616.130453 0.000000
1952963.429575 0.000000
1802547.779067 0.000000
1666459.465769 0.000000
1664088.876596 0.000000
1496631.876372 0.000000
1386675.636968 0.000000
1247393.524618 0.000000
1109646.798314 0.000000
1128648.668442 0.000000
1103034.435572 0.000000
1039219.959936 0.000000
1035968.614448 0.000000
1010874.165069 0.000000
953160.427448 0.000000
916655.041078 0.000000
866598.325939 0.000000
806476.346403 0.000000
745815.305828 0.000000
668937.489053 0.000000
624964.657720 0.000000
584675.195535 0.000000
533353.470101 0.000000
520487.174941 0.000000
500303.460184 0.000000
414174.782373 0.000000
367735.198865 0.000000
306149.846082 0.000000
288790.582948 0.000000
326743.423817 0.000000
328353.495550 0.000000
286383.417429 0.000000
268728.131583 0.000000
242661.052416 0.000000
223567.540709 0.000000
214974.208115 0.000000
243681.614257 0.000000
251130.620841 0.000000
213612.624342 0.000000
205064.305426 0.000000
209200.464003 0.000000
192102.225600 0.000000
190834.365965 0.000000
196171.227124 0.000000
179087.862288 0.000000
162830.143747 0.000000
143875.180160 0.000000
105267.761105 0.000000
104393.568882 0.000000
111780.450637 0.000000
102400.226668 0.000000
90257.660449 0.000000
84759.680482 0.000000
66240.747700 0.000000
50210.003152 0.000000
39550.173331 0.000000
47507.828063 0.000000
54983.492507 0.000000
61034.357096 0.000000
63535.714306 0.000000
68987.450082 0.000000
66440.937243 0.000000
59114.466907 0.000000
52173.343641 0.000000
40894.759008 0.000000
26909.839484 0.000000
18897.454237 0.000000
23674.411368 0.000000
28073.813807 0.000000
33945.101456 0.000000
38382.167497 0.000000
40772.263801 0.000000
39556.014086 0.000000
38689.218401 0.000000
36113.540103 0.000000
37591.559294 0.000000
36815.089134 0.000000
36987.501262 0.000000
36602.661775 0.000000
31368.284133 0.000000
35984.856609 0.000000
39550.030527 0.000000
40866.510088 0.000000
36632.622569 0.000000
41148.720475 0.000000
44369.041928 0.000000
43806.313582 0.000000
38691.152527 0.000000
34674.248836 0.000000
25007.866773 0.000000
26595.553682 0.000000
26388.270530 0.000000
20287.137417 0.000000
19695.425815 0.000000
22814.959561 0.000000
25114.227820 0.000000
25647.459003 0.000000
20916.679108 0.000000
17018.891934 0.000000
12630.739221 0.000000
6644.773813 0.000000
4463.650033 0.000000
6222.676405 0.000000
7364.469522 0.000000
9240.715879 0.000000
11531.002222 0.000000
14312.280419 0.000000
16206.071874 0.000000
17829.372164 0.000000
18651.098912 0.000000
17968.479097 0.000000
16724.580240 0.000000
17680.594103 0.000000
15772.859078 0.000000
14361.321178 0.000000
16648.751993 0.000000
19080.890066 0.000000
20733.335450 0.000000
21115.247425 0.000000
21372.548011 0.000000
22107.469064 0.000000
23075.612771 0.000000
22147.253970 0.000000
19550.163222 0.000000
18508.510576 0.000000
15276.964755 0.000000
10351.986493 0.000000
6941.940089 0.000000
5933.986235 0.000000
7351.699162 0.000000
8254.179564 0.000000
9406.555291 0.000000
9786.573496 0.000000
9521.209240 0.000000
8125.265179 0.000000
5279.506542 0.000000
2930.051495 0.000000
138.993532 0.000000
156.571272 0.000000
233.670762 0.000000
385.497450 0.000000
460.224648 0.000000
607.306752 0.000000
856.990485 0.000000
926.577717 0.000000
1327.495065 0.000000
1547.920530 0.000000
1874.703753 0.000000
2177.368674 0.000000
2641.744833 0.000000
3070.536612 0.000000
3529.476295 0.000000
3825.123169 0.000000
3892.041519 0.000000
3250.929480 0.000000
1950.419050 0.000000
695.773394 0.000000
0.000000 0.000000
203.145966 0.000000
404.250264 0.000000
701.823375 0.000000
897.823503 0.000000
1283.698755 0.000000
1566.980190 0.000000
2254.640040 0.000000
3047.055151 0.000000
4036.165468 0.000000
4890.894774 0.000000
5785.224398 0.000000
6392.351208 0.000000
7388.255276 0.000000
8410.028326 0.000000
9677.874660 0.000000
10070.312307 0.000000
9500.706049 0.000000
7132.691204 0.000000
5565.829381 0.000000
4194.434753 0.000000
5046.788639 0.000000
5844.353618 0.000000
6251.087200 0.000000
6077.439014 0.000000
4920.526068 0.000000
3692.792292 0.000000
2505.274346 0.000000
1432.916421 0.000000
0.000000 0.000000
0.000000 0.000000
0.000000 0.000000
0.000000 0.000000
0.000000 0.000000
12.532025 0.000000
24.938100 0.000000
43.295409 0.000000
67.226096 0.000000
67.226096 0.000000
96.478068 0.000000
136.120905 0.000000
163.420641 0.000000
197.852244 0.000000
260.402160 0.000000
307.901337 0.000000
350.409537 0.000000
460.216301 0.000000
584.031505 0.000000
705.450720 0.000000
762.003479 0.000000
854.636348 0.000000
910.908681 0.000000
956.478641 0.000000
1306.659578 0.000000
1515.552234 0.000000
2029.719346 0.000000
2787.644002 0.000000
3273.833144 0.000000
3595.206410 0.000000
4010.041680 0.000000
4604.261961 0.000000
4634.564910 0.000000
4948.137807 0.000000
5232.845060 0.000000
5606.182459 0.000000
6729.460487 0.000000
7343.625387 0.000000
8196.192242 0.000000
8109.389083 0.000000
6634.985215 0.000000
5129.617581 0.000000
4636.482815 0.000000
2988.645456 0.000000
1595.426042 0.000000
1768.874306 0.000000
1894.460883 0.000000
2040.241180 0.000000
2013.154793 0.000000
1364.246427 0.000000
1226.671125 0.000000
1366.733224 0.000000
1826.974361 0.000000
2147.673711 0.000000
2516.631151 0.000000
3074.141755 0.000000
3404.134607 0.000000
3675.631276 0.000000
3786.547724 0.000000
3670.490188 0.000000
3436.919982 0.000000
3574.921498 0.000000
3339.617955 0.000000
3797.864408 0.000000
4706.967275 0.000000
5328.212657 0.000000
5688.375263 0.000000
5723.451996 0.000000
4763.734870 0.000000
4083.228371 0.000000
4292.361912 0.000000
4206.476908 0.000000
3197.262261 0.000000
2183.644434 0.000000
755.630564 0.000000
563.589522 0.000000
756.995055 0.000000
893.865872 0.000000
1264.540626 0.000000
1543.119204 0.000000
1830.540208 0.000000
2255.205370 0.000000
2754.039474 0.000000
3327.686577 0.000000
3545.298851 0.000000
3931.603143 0.000000
4050.436924 0.000000
3533.342009 0.000000
2922.655947 0.000000
1529.080068 0.000000
1091.359554 0.000000
545.307557 0.000000
630.368110 0.000000
691.851439 0.000000
705.946913 0.000000
654.331540 0.000000
549.621886 0.000000
117.056330 0.000000
181.176963 0.000000
244.998135 0.000000
327.713891 0.000000
414.463398 0.000000
605.619663 0.000000
738.712870 0.000000
936.375171 0.000000
1136.344835 0.000000
1335.594295 0.000000
1537.142215 0.000000
1680.381204 0.000000
1909.498302 0.000000
2043.774321 0.000000
2322.312304 0.000000
2467.705996 0.000000
2586.273837 0.000000
2615.587137 0.000000
2332.032120 0.000000
1230.160348 0.000000
1475.734159 0.000000
1603.919041 0.000000
1524.561332 0.000000
998.105626 0.000000
724.180721 0.000000
747.665653 0.000000
900.337939 0.000000
981.201696 0.000000
1211.549117 0.000000
1459.040699 0.000000
1726.523209 0.000000
1860.924199 0.000000
2042.224711 0.000000
2230.707038 0.000000
2430.573403 0.000000
2438.957601 0.000000
2400.311801 0.000000
2213.211485 0.000000
1527.325844 0.000000
1060.579032 0.000000
1136.936286 0.000000
1302.378838 0.000000
1476.264820 0.000000
1734.071934 0.000000
1788.336141 0.000000
1591.806955 0.000000
1063.083601 0.000000
1222.330264 0.000000
1345.282183 0.000000
1411.722354 0.000000
1366.578574 0.000000
1225.754969 0.000000
1170.827085 0.000000
942.380745 0.000000
701.648472 0.000000
606.289292 0.000000
451.430948 0.000000
134.166364 0.000000
118.490624 0.000000
147.357600 0.000000
175.922304 0.000000
204.184736 0.000000
245.973840 0.000000
287.007264 0.000000
380.182608 0.000000
469.579552 0.000000
619.014550 0.000000
729.429429 0.000000
900.528747 0.000000
1061.647049 0.000000
1207.356991 0.000000
1357.299614 0.000000
1451.640924 0.000000
1473.689566 0.000000
1370.923451 0.000000
1023.247923 0.000000
794.468856 0.000000
769.989897 0.000000
567.574937 0.000000
356.114923 0.000000
432.703630 0.000000
490.211863 0.000000
524.611031 0.000000
567.294839 0.000000
559.191735 0.000000
461.277041 0.000000
396.273925 0.000000
171.563493 0.000000
90.616394 0.000000
112.910587 0.000000
149.888226 0.000000
172.263538 0.000000
219.581069 0.000000
257.364425 0.000000
289.453771 0.000000
307.525950 0.000000
305.052335 0.000000
266.365593 0.000000
174.102448 0.000000
168.574449 0.000000
188.821139 0.000000
186.092742 0.000000
153.101035 0.000000
107.448632 0.000000
90.831389 0.000000
33.706294 0.000000
20.677262 0.000000
26.184797 0.000000
30.388206 0.000000
36.632439 0.000000
48.053648 0.000000
60.760448 0.000000
66.722898 0.000000
75.762402 0.000000
81.332219 0.000000
80.060062 0.000000
62.433886 0.000000
64.974631 0.000000
59.348429 0.000000
41.721757 0.000000
24.621214 0.000000
17.727673 0.000000
3.797680 0.000000
0.000000 0.000000
0.000000 0.000000
0.000000 0.000000
0.000000 0.000000
0.000000 0.000000
0.000000 0.000000
0.000000 0.000000
76.528634 0.000000
152.288136 0.000000
301.499744 0.000000
447.634824 0.000000
590.693376 0.000000
833.546805 0.000000
867.196330 0.000000
1163.504433 0.000000
1515.478383 0.000000
1827.553696 0.000000
2206.831849 0.000000
2633.123274 0.000000
3004.902435 0.000000
3378.460263 0.000000
3669.288433 0.000000
3512.722160 0.000000
2537.559425 0.000000
2120.329715 0.000000
1985.762112 0.000000
1471.506275 0.000000
517.583603 0.000000
0.000000 0.000000
0.000000 0.000000
0.000000 0.000000
0.000000 0.000000
0.000000 0.000000
0.000000 0.000000
20.724855 0.000000
41.241420 0.000000
61.549695 0.000000
101.541375 0.000000
169.496079 0.000000
225.734376 0.000000
288.898400 0.000000
358.050672 0.000000
407.727831 0.000000
530.462840 0.000000
639.346535 0.000000
764.867363 0.000000
904.786252 0.000000
992.632419 0.000000
1020.933376 0.000000
908.169507 0.000000
650.123295 0.000000
266.270172 0.000000
44.755884 0.000000
0.000000 0.000000
0.000000 0.000000
0.000000 0.000000
0.000000 0.000000
0.000000 0.000000
0.000000 0.000000
0.000000 0.000000
0.000000 0.000000
0.000000 0.000000
0.000000 0.000000
0.000000 0.000000
0.000000 0.000000
0.000000 0.000000
0.000000 0.000000
0.000000 0.000000
0.000000 0.000000
0.000000 0.000000
0.000000 0.000000
0.000000 0.000000
0.000000 0.000000
0.000000 0.000000
0.000000 0.000000
0.000000 0.000000
0.000000 0.000000
0.000000 0.000000
0.000000 0.000000
0.000000 0.000000
0.000000 0.000000
0.000000 0.000000
0.000000 0.000000
0.000000 0.000000
0.000000 0.000000
0.000000 0.000000
0.000000 0.000000
0.000000 0.000000
0.000000 0.000000
0.000000 0.000000
0.000000 0.000000
0.000000 0.000000
0.000000 0.000000
0.000000 0.000000
0.000000 0.000000
0.000000 0.000000
0.000000 0.000000
0.000000 0.000000
0.000000 0.000000
0.000000 0.000000
0.000000 0.000000
0.000000 0.000000
0.000000 0.000000
0.000000 0.000000
0.000000 0.000000
0.000000 0.000000
0.000000 0.000000
0.000000 0.000000
0.000000 0.000000
0.000000 0.000000
0.000000 0.000000
0.000000 0.000000
0.000000 0.000000
0.000000 0.000000
0.000000 0.000000
0.000000 0.000000
0.000000 0.000000
0.000000 0.000000
8.074226 0.000000
16.067304 0.000000
27.894625 0.000000
35.684833 0.000000
51.021805 0.000000
62.281090 0.000000
65.953037 0.000000
76.928304 0.000000
83.988180 0.000000
97.621044 0.000000
114.317245 0.000000
134.776612 0.000000
152.608890 0.000000
186.265032 0.000000
222.071506 0.000000
258.121541 0.000000
284.748244 0.000000
305.157012 0.000000
313.135069 0.000000
301.014225 0.000000
206.113113 0.000000
111.229417 0.000000
21.776632 0.000000
0.000000 0.000000
0.000000 0.000000
0.000000 0.000000
0.000000 0.000000
0.000000 0.000000
0.000000 0.000000
0.000000 0.000000
0.000000 0.000000
0.000000 0.000000
0.000000 0.000000
0.000000 0.000000
0.000000 0.000000
0.000000 0.000000
0.000000 0.000000
0.000000 0.000000
0.000000 0.000000
0.000000 0.000000
0.000000 0.000000
0.000000 0.000000
0.000000 0.000000
0.000000 0.000000
0.000000 0.000000
0.000000 0.000000
0.000000 0.000000
0.000000 0.000000
0.000000 0.000000
0.000000 0.000000
0.000000 0.000000
0.000000 0.000000
0.000000 0.000000
0.000000 0.000000
0.000000 0.000000
0.000000 0.000000
0.000000 0.000000
0.000000 0.000000
0.000000 0.000000
0.000000 0.000000
0.000000 0.000000
0.000000 0.000000
0.000000 0.000000
0.000000 0.000000
0.000000 0.000000
0.000000 0.000000
0.000000 0.000000
0.000000 0.000000
0.000000 0.000000
0.000000 0.000000
0.000000 0.000000
0.000000 0.000000
0.000000 0.000000
0.000000 0.000000
0.000000 0.000000
0.000000 0.000000
0.000000 0.000000
0.000000 0.000000
0.000000 0.000000
0.000000 0.000000
0.000000 0.000000
0.000000 0.000000
0.000000 0.000000
0.000000 0.000000
0.000000 0.000000
0.000000 0.000000
0.000000 0.000000
0.000000 0.000000
0.000000 0.000000
0.000000 0.000000
0.000000 0.000000
0.000000 0.000000
0.000000 0.000000
0.000000 0.000000
0.000000 0.000000
0.000000 0.000000
0.000000 0.000000
0.000000 0.000000
0.000000 0.000000
0.000000 0.000000
0.000000 0.000000
0.000000 0.000000
0.000000 0.000000
0.000000 0.000000
0.000000 0.000000
0.000000 0.000000
0.000000 0.000000
0.000000 0.000000
0.000000 0.000000
0.000000 0.000000
0.000000 0.000000
0.000000 0.000000
0.000000 0.000000
0.000000 0.000000
0.000000 0.000000
0.000000 0.000000
0.000000 0.000000
0.000000 0.000000
0.000000 0.000000
0.000000 0.000000
0.000000 0.000000
0.000000 0.000000
6.969378 0.000000
13.868712 0.000000
20.698002 0.000000
27.457248 0.000000
40.765608 0.000000
60.202818 0.000000
75.910185 0.000000
94.191669 0.000000
117.586365 0.000000
154.473213 0.000000
203.206337 0.000000
252.394749 0.000000
289.465550 0.000000
325.056706 0.000000
345.500822 0.000000
335.909168 0.000000
255.612428 0.000000
114.420811 0.000000
20.622502 0.000000
23.660315 0.000000
33.067496 0.000000
39.808861 0.000000
50.840188 0.000000
64.607206 0.000000
73.883180 0.000000
82.095496 0.000000
87.145036 0.000000
87.500094 0.000000
77.469966 0.000000
47.449880 0.000000
7.486380 0.000000
3.159729 0.000000
3.960905 0.000000
5.506170 0.000000
7.871324 0.000000
9.634945 0.000000
12.018030 0.000000
14.859689 0.000000
17.212749 0.000000
19.718749 0.000000
21.010344 0.000000
20.319063 0.000000
16.983076 0.000000
10.219740 0.000000
6.309371 0.000000
1.611120 0.000000
1.790316 0.000000
2.427366 0.000000
2.625468 0.000000
2.851244 0.000000
3.269916 0.000000
4.085066 0.000000
4.724393 0.000000
5.059477 0.000000
5.064550 0.000000
4.222178 0.000000
3.132026 0.000000
3.280710 0.000000
3.051950 0.000000
2.106934 0.000000
1.229289 0.000000
0.485809 0.000000
0.135286 0.000000
0.141304 0.000000
0.188428 0.000000
0.244188 0.000000
0.315928 0.000000
0.371416 0.000000
0.449038 0.000000
26.494119 0.000000
52.264760 0.000000
102.867017 0.000000
152.301931 0.000000
248.066656 0.000000
271.427892 0.000000
328.594058 0.000000
437.784812 0.000000
499.727954 0.000000
680.032468 0.000000
812.537652 0.000000
932.974624 0.000000
1097.092378 0.000000
1199.710805 0.000000
1242.024556 0.000000
1106.004977 0.000000
741.929544 0.000000
633.758454 0.000000
648.617767 0.000000
588.710259 0.000000
380.257640 0.000000
181.536313 0.000000
204.225039 0.000000
246.581331 0.000000
288.935739 0.000000
317.011704 0.000000
319.578106 0.000000
269.562050 0.000000
127.121126 0.000000
45.290299 0.000000
0.074356 0.000000
0.041068 0.000000
0.006237 0.000000
0.000000 0.000000
0.000000 0.000000
0.000000 0.000000
0.000000 0.000000
0.000000 0.000000
0.000000 0.000000
0.000000 0.000000
0.000000 0.000000
0.000000 0.000000
0.000000 0.000000
0.000000 0.000000
0.000000 0.000000
0.000000 0.000000
0.000000 0.000000
0.000000 0.000000
0.000000 0.000000
0.000000 0.000000
0.000000 0.000000
0.000000 0.000000
0.000000 0.000000
0.000000 0.000000
0.000000 0.000000
0.000000 0.000000
0.000000 0.000000
0.000000 0.000000
0.000000 0.000000
0.000000 0.000000
0.000000 0.000000
0.000000 0.000000
0.000000 0.000000
0.000000 0.000000
0.000000 0.000000
0.000000 0.000000
0.000000 0.000000
0.000000 0.000000
0.000000 0.000000
0.000000 0.000000
0.000000 0.000000
0.000000 0.000000
0.000000 0.000000
0.000000 0.000000
0.000000 0.000000
0.000000 0.000000
0.000000 0.000000
0.000000 0.000000
0.000000 0.000000
0.000000 0.000000
0.000000 0.000000
0.000000 0.000000
0.000000 0.000000
0.000000 0.000000
0.000000 0.000000
0.000000 0.000000
0.000000 0.000000
0.000000 0.000000
0.000000 0.000000
0.000000 0.000000
0.000000 0.000000
0.000000 0.000000
0.000000 0.000000
0.000000 0.000000
0.000000 0.000000
0.000000 0.000000
0.000000 0.000000
0.000000 0.000000
0.000000 0.000000
0.000000 0.000000
0.000000 0.000000
0.000000 0.000000
0.000000 0.000000
0.000000 0.000000
0.000000 0.000000
0.000000 0.000000
0.000000 0.000000
0.000000 0.000000
0.000000 0.000000
0.000000 0.000000
0.000000 0.000000
0.000000 0.000000
0.000000 0.000000
0.000000 0.000000
0.000000 0.000000
0.000000 0.000000
0.000000 0.000000
0.000000 0.000000
0.000000 0.000000
0.000000 0.000000
0.000000 0.000000
0.000000 0.000000
0.000000 0.000000
0.000000 0.000000
0.000000 0.000000
0.000000 0.000000
0.000000 0.000000
0.000000 0.000000
0.000000 0.000000
0.000000 0.000000
0.000000 0.000000
0.000000 0.000000
0.000000 0.000000
0.000000 0.000000
0.000000 0.000000
0.000000 0.000000
0.000000 0.000000
0.000000 0.000000
0.000000 0.000000
0.000000 0.000000
0.000000 0.000000
0.000000 0.000000
0.000000 0.000000
0.000000 0.000000
0.000000 0.000000
0.000000 0.000000
0.000000 0.000000
0.000000 0.000000
0.000000 0.000000
0.000000 0.000000
0.000000 0.000000
0.000000 0.000000
0.000000 0.000000
0.000000 0.000000
0.000000 0.000000
0.000000 0.000000
0.000000 0.000000
0.000000 0.000000
0.000000 0.000000
0.000000 0.000000
0.000000 0.000000
0.000000 0.000000
0.000000 0.000000
0.000000 0.000000
0.000000 0.000000
0.000000 0.000000
0.000000 0.000000
0.000000 0.000000
0.000000 0.000000
0.000000 0.000000
0.000000 0.000000
0.000000 0.000000
0.000000 0.000000
0.000000 0.000000
0.000000 0.000000
0.000000 0.000000
0.000000 0.000000
0.000000 0.000000
0.000000 0.000000
0.000000 0.000000
0.000000 0.000000
0.000000 0.000000
0.000000 0.000000
0.000000 0.000000
0.000000 0.000000
0.000000 0.000000
0.000000 0.000000
0.000000 0.000000
0.000000 0.000000
0.000000 0.000000
0.000000 0.000000
0.000000 0.000000
0.000000 0.000000
0.000000 0.000000
0.000000 0.000000
0.000000 0.000000
0.000000 0.000000
0.000000 0.000000
0.000000 0.000000
0.000000 0.000000
0.000000 0.000000
0.000000 0.000000
0.000000 0.000000
0.000000 0.000000
0.000000 0.000000
0.000000 0.000000
0.000000 0.000000
0.000000 0.000000
0.000000 0.000000
0.000000 0.000000
0.000000 0.000000
0.000000 0.000000
4.410238 0.000000
8.776152 0.000000
17.375008 0.000000
25.796568 0.000000
25.796568 0.000000
34.040832 0.000000
42.107800 0.000000
53.875822 0.000000
68.945982 0.000000
91.916895 0.000000
111.419455 0.000000
132.118763 0.000000
165.860408 0.000000
189.784287 0.000000
212.201150 0.000000
216.483935 0.000000
194.067047 0.000000
134.456700 0.000000
50.130444 0.000000
0.000000 0.000000
0.000000 0.000000
0.000000 0.000000
0.000000 0.000000
0.000000 0.000000
0.000000 0.000000
0.000000 0.000000
0.000000 0.000000
0.000000 0.000000
0.000000 0.000000
0.000000 0.000000
0.000000 0.000000
0.000000 0.000000
0.000000 0.000000
0.000000 0.000000
0.000000 0.000000
0.000000 0.000000
0.000000 0.000000
0.000000 0.000000
0.000000 0.000000
0.000000 0.000000
0.000000 0.000000
0.000000 0.000000
0.000000 0.000000
0.000000 0.000000
0.000000 0.000000
0.000000 0.000000
0.000000 0.000000
0.000000 0.000000
0.000000 0.000000
0.000000 0.000000
0.000000 0.000000
0.000000 0.000000
0.000000 0.000000
0.000000 0.000000
0.000000 0.000000
0.000000 0.000000
0.000000 0.000000
0.000000 0.000000
0.000000 0.000000
0.000000 0.000000
0.000000 0.000000
0.000000 0.000000
0.000000 0.000000
0.000000 0.000000
0.000000 0.000000
