7567349.978654 0.000000
7264961.324118 0.000000
7050194.537717 0.000000
6890401.456589 0.000000
6798738.615422 0.000000
6498983.452214 0.000000
6250833.078913 0.000000
6149789.538991 0.000000
6124793.813853 0.000000
6114882.219815 0.000000
5922972.231926 0.000000
5859665.851707 0.000000
5715964.659941 0.000000
5443327.373930 0.000000
4844046.943633 0.000000
4450096.969765 0.000000
4197381.268663 0.000000
3851812.466452 0.000000
3715484.633036 0.000000
2844514.861959 0.000000
2450622.057502 0.000000
2365618.827904 0.000000
2439201.427077 0.000000
2279344.159877 0.000000
1657583.344532 0.000000
1821986.914346 0.000000
1914652.656844 0.000000
1894856.013408 0.000000
1804168.988142 0.000000
1542312.233812 0.000000
1420240.391336 0.000000
1299845.647157 0.000000
991237.458020 0.000000
860612.697086 0.000000
953616.782401 0.000000
1070166.862975 0.000000
1140277.925180 0.000000
1110803.094756 0.000000
951483.842253 0.000000
1173746.093105 0.000000
1346064.496523 0.000000
1529300.133416 0.000000
1702909.534459 0.000000
1681271.602562 0.000000
1679704.902871 0.000000
1499818.601643 0.000000
1129331.259269 0.000000
945130.883962 0.000000
902209.316439 0.000000
694646.985600 0.000000
710898.587147 0.000000
725731.097522 0.000000
605352.141374 0.000000
428613.856350 0.000000
487250.892187 0.000000
509730.381108 0.000000
485944.932848 0.000000
361084.099097 0.000000
227007.239522 0.000000
40123.547758 0.000000
5.901798 0.000000
11.756192 0.000000
17.563182 0.000000
23.322768 0.000000
29.034950 0.000000
51.409638 0.000000
67.692912 0.000000
78.311408 0.000000
98.979552 0.000000
118.889232 0.000000
142.709742 0.000000
169.730022 0.000000
192.993535 0.000000
227.977687 0.000000
274.718031 0.000000
318.945963 0.000000
352.407238 0.000000
369.081628 0.000000
335.140400 0.000000
234.632110 0.000000
33.846456 0.000000
0.000000 0.000000
0.000000 0.000000
0.000000 0.000000
0.000000 0.000000
0.000000 0.000000
0.000000 0.000000
0.000000 0.000000
0.000000 0.000000
0.000000 0.000000
0.000000 0.000000
7731.509866 0.000000
19204.573649 0.000000
30522.386231 0.000000
34232.889909 0.000000
50743.855283 0.000000
63342.490411 0.000000
79123.775125 0.000000
103218.761840 0.000000
119690.914795 0.000000
158461.021400 0.000000
200861.903809 0.000000
248786.996988 0.000000
302436.167430 0.000000
337036.269247 0.000000
375914.152375 0.000000
410335.868675 0.000000
409487.773500 0.000000
352749.982797 0.000000
281447.139396 0.000000
222050.847513 0.000000
178295.338328 0.000000
122128.366876 0.000000
120396.344900 0.000000
103421.079203 0.000000
50555.127864 0.000000
0.000000 0.000000
0.000000 0.000000
0.000000 0.000000
0.000000 0.000000
30.872016 0.000000
123.159622 0.000000
153.325010 0.000000
203.992810 0.000000
233.516054 0.000000
340.550381 0.000000
428.083214 0.000000
626.340656 0.000000
862.579511 0.000000
1019.207947 0.000000
1268.303595 0.000000
1480.980502 0.000000
1725.740941 0.000000
2001.673850 0.000000
2317.196845 0.000000
2626.239472 0.000000
2816.795654 0.000000
2149.911660 0.000000
1314.888563 0.000000
1145.139641 0.000000
1048.874018 0.000000
1235.748063 0.000000
1440.410132 0.000000
1665.472883 0.000000
1976.113099 0.000000
2147.389201 0.000000
2294.972053 0.000000
2316.687738 0.000000
2076.148126 0.000000
2084.051472 0.000000
2002.397698 0.000000
1582.334720 0.000000
766.078128 0.000000
201.352773 0.000000
2.871375 0.000000
4.746875 0.000000
5.673000 0.000000
7.502000 0.000000
9.300000 0.000000
11.062899 0.000000
11.922927 0.000000
14.036421 0.000000
16.084055 0.000000
22.318416 0.000000
26.079818 0.000000
31.748826 0.000000
36.672498 0.000000
43.196928 0.000000
50.334099 0.000000
53.645882 0.000000
51.979686 0.000000
11256.835506 0.000000
22366.623219 0.000000
33396.803826 0.000000
44331.220089 0.000000
55169.274132 0.000000
102882.050786 0.000000
128574.100014 0.000000
143683.536224 0.000000
182953.560436 0.000000
233999.156273 0.000000
296291.125737 0.000000
360721.193705 0.000000
429011.523379 0.000000
512587.944794 0.000000
594039.298000 0.000000
640073.703837 0.000000
653689.978025 0.000000
597409.319385 0.000000
446198.171237 0.000000
398021.988031 0.000000
367850.377012 0.000000
291768.203325 0.000000
112358.946181 0.000000
10900.535476 0.000000
16709.936425 0.000000
23501.429859 0.000000
28787.023787 0.000000
33552.817257 0.000000
39443.211627 0.000000
46149.661857 0.000000
54737.295248 0.000000
61515.788230 0.000000
70790.122187 0.000000
83380.161829 0.000000
84940.399856 0.000000
78500.370648 0.000000
70364.561382 0.000000
71809.367724 0.000000
67498.288080 0.000000
50990.490702 0.000000
43304.493883 0.000000
43570.304394 0.000000
37169.910850 0.000000
22735.308092 0.000000
26391.625672 0.000000
6259.269849 0.000000
7381.015545 0.000000
9258.319362 0.000000
11695.048310 0.000000
13861.981713 0.000000
16413.695961 0.000000
21549.424866 0.000000
24985.382766 0.000000
28101.642696 0.000000
32064.183455 0.000000
35583.442188 0.000000
37672.867549 0.000000
36155.880813 0.000000
31208.988387 0.000000
28190.748959 0.000000
20726.731317 0.000000
21694.386204 0.000000
21559.907187 0.000000
18784.363014 0.000000
10496.483155 0.000000
8045.840373 0.000000
9460.724969 0.000000
10718.578649 0.000000
11572.474793 0.000000
11257.316097 0.000000
10085.140528 0.000000
8529.338487 0.000000
5472.534348 0.000000
2865.103839 0.000000
3346.339494 0.000000
3956.311265 0.000000
4342.499909 0.000000
4731.944141 0.000000
4395.127233 0.000000
2533.750557 0.000000
2119.974073 0.000000
224.552695 0.000000
231.782359 0.000000
305.433124 0.000000
15871.694367 0.000000
31333.773467 0.000000
46629.787196 0.000000
69352.233825 0.000000
99202.641773 0.000000
114064.307773 0.000000
150406.172178 0.000000
240811.311087 0.000000
312857.960878 0.000000
383907.075161 0.000000
472660.617488 0.000000
552670.270828 0.000000
652953.568140 0.000000
753417.306197 0.000000
837909.448683 0.000000
904578.426681 0.000000
871007.309329 0.000000
718325.393279 0.000000
463806.009736 0.000000
392556.659814 0.000000
182926.774273 0.000000
3851.817555 0.000000
7641.509021 0.000000
9513.057471 0.000000
13209.559802 0.000000
31040.494232 0.000000
48658.807566 0.000000
76442.725285 0.000000
115515.397649 0.000000
152746.018289 0.000000
185417.619800 0.000000
215550.837616 0.000000
257383.630219 0.000000
334521.045033 0.000000
390424.363345 0.000000
447077.146536 0.000000
509415.313750 0.000000
600895.979222 0.000000
654104.497456 0.000000
719826.974550 0.000000
774692.145625 0.000000
761527.535433 0.000000
660528.683884 0.000000
444463.813795 0.000000
397540.920430 0.000000
245990.725415 0.000000
143783.458560 0.000000
168294.719645 0.000000
193165.559673 0.000000
220732.200913 0.000000
228952.243041 0.000000
202244.976814 0.000000
111749.205048 0.000000
42219.576092 0.000000
1865.257031 0.000000
3657.726045 0.000000
5432.198279 0.000000
5448.884966 0.000000
5463.362825 0.000000
7223.819252 0.000000
10677.731494 0.000000
10681.523316 0.000000
14034.435267 0.000000
111.210554 0.000000
100.863789 0.000000
71.823357 0.000000
15.251741 0.000000
0.000000 0.000000
0.000000 0.000000
0.000000 0.000000
0.000000 0.000000
0.000000 0.000000
0.000000 0.000000
0.000000 0.000000
0.000000 0.000000
0.000000 0.000000
0.000000 0.000000
0.000000 0.000000
0.000000 0.000000
0.000000 0.000000
0.000000 0.000000
0.000000 0.000000
0.000000 0.000000
0.000000 0.000000
0.000000 0.000000
0.000000 0.000000
0.000000 0.000000
0.000000 0.000000
0.000000 0.000000
0.000000 0.000000
0.000000 0.000000
0.000000 0.000000
0.000000 0.000000
0.000000 0.000000
0.000000 0.000000
0.000000 0.000000
0.000000 0.000000
0.000000 0.000000
0.000000 0.000000
2.594580 0.000000
5.168320 0.000000
7.721220 0.000000
10.253280 0.000000
12.764500 0.000000
18.948770 0.000000
26.201090 0.000000
36.720080 0.000000
44.602810 0.000000
52.225040 0.000000
67.651850 0.000000
86.512050 0.000000
114.958650 0.000000
137.416355 0.000000
154.242050 0.000000
160.327330 0.000000
151.780325 0.000000
113.891988 0.000000
43.576440 0.000000
0.000000 0.000000
0.000000 0.000000
0.000000 0.000000
0.000000 0.000000
0.000000 0.000000
0.000000 0.000000
0.000000 0.000000
0.000000 0.000000
0.000000 0.000000
0.000000 0.000000
0.000000 0.000000
0.000000 0.000000
0.000000 0.000000
0.000000 0.000000
0.000000 0.000000
0.000000 0.000000
0.000000 0.000000
0.000000 0.000000
3116.545129 0.000000
6208.057767 0.000000
10795.261858 0.000000
12303.469554 0.000000
15282.336208 0.000000
19731.861589 0.000000
24118.805740 0.000000
34175.609086 0.000000
39707.789794 0.000000
48484.807276 0.000000
63061.539982 0.000000
77358.221855 0.000000
95125.032941 0.000000
118527.283356 0.000000
144946.731041 0.000000
165396.644338 0.000000
164082.053145 0.000000
130331.376407 0.000000
92008.478210 0.000000
68991.104443 0.000000
7148.340061 0.000000
9637.508093 0.000000
13393.945899 0.000000
17248.948858 0.000000
23169.132255 0.000000
30186.051780 0.000000
37262.423705 0.000000
42520.810973 0.000000
47606.318068 0.000000
47395.889326 0.000000
40794.354465 0.000000
25908.631424 0.000000
13527.717261 0.000000
0.000000 0.000000
0.000000 0.000000
0.000000 0.000000
0.000000 0.000000
0.000000 0.000000
0.000000 0.000000
0.000000 0.000000
0.000000 0.000000
0.000000 0.000000
0.000000 0.000000
0.000000 0.000000
0.000000 0.000000
0.000000 0.000000
0.000000 0.000000
0.000000 0.000000
0.617520 0.000000
1.230080 0.000000
2.440320 0.000000
3.630720 0.000000
6.235960 0.000000
9.282640 0.000000
13.441600 0.000000
27.153054 0.000000
43.562983 0.000000
59.162889 0.000000
74.933188 0.000000
91.492995 0.000000
140.733772 0.000000
176.747622 0.000000
210.976669 0.000000
241.333423 0.000000
295.284108 0.000000
384.085584 0.000000
453.334834 0.000000
569.075267 0.000000
654.403032 0.000000
736.108843 0.000000
777.719858 0.000000
764.124365 0.000000
575.631814 0.000000
209.287593 0.000000
0.000000 0.000000
0.000000 0.000000
0.000000 0.000000
0.000000 0.000000
0.000000 0.000000
0.000000 0.000000
0.000000 0.000000
0.000000 0.000000
0.000000 0.000000
0.000000 0.000000
0.000000 0.000000
0.000000 0.000000
0.000000 0.000000
0.000000 0.000000
0.000000 0.000000
0.000000 0.000000
0.000000 0.000000
0.000000 0.000000
0.000000 0.000000
0.000000 0.000000
0.000000 0.000000
0.000000 0.000000
0.000000 0.000000
0.000000 0.000000
0.000000 0.000000
0.000000 0.000000
0.000000 0.000000
0.000000 0.000000
0.000000 0.000000
0.000000 0.000000
0.000000 0.000000
0.000000 0.000000
0.000000 0.000000
0.000000 0.000000
0.000000 0.000000
0.000000 0.000000
0.000000 0.000000
0.000000 0.000000
0.000000 0.000000
0.000000 0.000000
0.000000 0.000000
0.000000 0.000000
0.000000 0.000000
0.000000 0.000000
0.000000 0.000000
0.000000 0.000000
0.000000 0.000000
0.000000 0.000000
0.000000 0.000000
0.000000 0.000000
0.000000 0.000000
0.000000 0.000000
0.000000 0.000000
0.000000 0.000000
0.000000 0.000000
0.000000 0.000000
0.000000 0.000000
0.000000 0.000000
0.000000 0.000000
0.000000 0.000000
6961.995683 0.000000
6961.995683 0.000000
13868.071722 0.000000
20718.228117 0.000000
27512.464868 0.000000
37591.980706 0.000000
54102.255608 0.000000
73394.532802 0.000000
113199.737873 0.000000
137536.834959 0.000000
173264.153518 0.000000
211697.937515 0.000000
257750.672766 0.000000
282092.381848 0.000000
334108.155265 0.000000
368785.375979 0.000000
386534.854505 0.000000
376183.875669 0.000000
309020.141364 0.000000
215424.204267 0.000000
186019.136671 0.000000
112073.732603 0.000000
93494.689665 0.000000
111661.042779 0.000000
131259.872769 0.000000
145696.209064 0.000000
106172.613559 0.000000
66548.474887 0.000000
57578.482555 0.000000
67251.259925 0.000000
78363.286424 0.000000
91025.631547 0.000000
99132.002673 0.000000
101694.147986 0.000000
81499.010142 0.000000
41247.591685 0.000000
34382.149023 0.000000
4206.739814 0.000000
25.057375 0.000000
25.057375 0.000000
39.600880 0.000000
49.092000 0.000000
67.583320 0.000000
76.583520 0.000000
94.093000 0.000000
102.602280 0.000000
131.096095 0.000000
150.221520 0.000000
168.324195 0.000000
196.746340 0.000000
249.561052 0.000000
280.775340 0.000000
306.497520 0.000000
317.840100 0.000000
287.500778 0.000000
194.185866 0.000000
56.381850 0.000000
71.867042 0.000000
86.043050 0.000000
102.960162 0.000000
119.020679 0.000000
130.350746 0.000000
143.672716 0.000000
146.526328 0.000000
134.863851 0.000000
98.398474 0.000000
84.877058 0.000000
70.300987 0.000000
28.844343 0.000000
0.000000 0.000000
0.000000 0.000000
0.000000 0.000000
0.000000 0.000000
0.000000 0.000000
0.000000 0.000000
0.000000 0.000000
0.000000 0.000000
0.000000 0.000000
0.000000 0.000000
0.000000 0.000000
0.000000 0.000000
0.000000 0.000000
0.000000 0.000000
0.000000 0.000000
0.000000 0.000000
0.000000 0.000000
0.000000 0.000000
0.000000 0.000000
0.000000 0.000000
0.000000 0.000000
0.000000 0.000000
0.000000 0.000000
0.000000 0.000000
0.000000 0.000000
0.000000 0.000000
0.000000 0.000000
0.000000 0.000000
0.000000 0.000000
0.000000 0.000000
0.000000 0.000000
0.000000 0.000000
0.000000 0.000000
0.000000 0.000000
0.000000 0.000000
0.000000 0.000000
0.000000 0.000000
0.000000 0.000000
0.000000 0.000000
0.000000 0.000000
0.000000 0.000000
0.000000 0.000000
0.000000 0.000000
0.000000 0.000000
0.000000 0.000000
0.000000 0.000000
0.000000 0.000000
0.000000 0.000000
0.000000 0.000000
3091.558849 0.000000
6158.285900 0.000000
12217.244609 0.000000
18176.876125 0.000000
29798.157582 0.000000
35459.807523 0.000000
49179.375909 0.000000
63550.778993 0.000000
72297.779833 0.000000
84241.874664 0.000000
99910.739193 0.000000
118261.437904 0.000000
137655.072130 0.000000
161953.134213 0.000000
182154.204121 0.000000
188529.977576 0.000000
178762.338638 0.000000
142841.239235 0.000000
68712.689048 0.000000
21876.814183 0.000000
0.000000 0.000000
0.000000 0.000000
0.000000 0.000000
0.000000 0.000000
0.000000 0.000000
0.000000 0.000000
0.000000 0.000000
0.000000 0.000000
0.000000 0.000000
0.000000 0.000000
0.000000 0.000000
0.000000 0.000000
0.000000 0.000000
0.000000 0.000000
0.000000 0.000000
0.000000 0.000000
0.000000 0.000000
0.000000 0.000000
0.000000 0.000000
0.000000 0.000000
2.922015 0.000000
5.820560 0.000000
5.820560 0.000000
8.695635 0.000000
11.547240 0.000000
14.375375 0.000000
21.339980 0.000000
25.441248 0.000000
36.108147 0.000000
47.672900 0.000000
59.829975 0.000000
76.273185 0.000000
104.524902 0.000000
117.433305 0.000000
137.360505 0.000000
149.206877 0.000000
163.895219 0.000000
165.018498 0.000000
138.417056 0.000000
89.814141 0.000000
88.068411 0.000000
74.563209 0.000000
43.115130 0.000000
39.305331 0.000000
43.671123 0.000000
45.697050 0.000000
43.772346 0.000000
33.853959 0.000000
11.170561 0.000000
0.000000 0.000000
0.000000 0.000000
0.000000 0.000000
0.000000 0.000000
0.000000 0.000000
0.000000 0.000000
0.000000 0.000000
0.000000 0.000000
0.000000 0.000000
0.000000 0.000000
0.000000 0.000000
0.000000 0.000000
0.000000 0.000000
0.000000 0.000000
0.000000 0.000000
0.000000 0.000000
0.000000 0.000000
0.000000 0.000000
0.000000 0.000000
0.000000 0.000000
0.000000 0.000000
0.000000 0.000000
0.000000 0.000000
0.000000 0.000000
0.000000 0.000000
0.000000 0.000000
0.000000 0.000000
0.000000 0.000000
0.000000 0.000000
0.000000 0.000000
0.000000 0.000000
0.000000 0.000000
0.000000 0.000000
0.000000 0.000000
0.000000 0.000000
0.000000 0.000000
0.000000 0.000000
0.000000 0.000000
0.000000 0.000000
0.000000 0.000000
0.000000 0.000000
0.000000 0.000000
0.000000 0.000000
0.000000 0.000000
0.000000 0.000000
0.000000 0.000000
0.000000 0.000000
0.000000 0.000000
0.000000 0.000000
0.000000 0.000000
0.000000 0.000000
0.000000 0.000000
0.000000 0.000000
0.000000 0.000000
0.000000 0.000000
0.000000 0.000000
0.000000 0.000000
0.000000 0.000000
0.000000 0.000000
0.000000 0.000000
0.000000 0.000000
0.000000 0.000000
0.000000 0.000000
0.000000 0.000000
0.000000 0.000000
0.000000 0.000000
0.000000 0.000000
0.000000 0.000000
0.000000 0.000000
0.000000 0.000000
0.000000 0.000000
0.000000 0.000000
0.000000 0.000000
0.000000 0.000000
0.000000 0.000000
0.000000 0.000000
0.000000 0.000000
0.000000 0.000000
0.000000 0.000000
0.000000 0.000000
0.000000 0.000000
0.000000 0.000000
0.000000 0.000000
0.000000 0.000000
0.000000 0.000000
0.000000 0.000000
0.000000 0.000000
0.000000 0.000000
0.000000 0.000000
0.000000 0.000000
0.000000 0.000000
0.000000 0.000000
0.000000 0.000000
0.000000 0.000000
0.000000 0.000000
0.000000 0.000000
0.000000 0.000000
0.000000 0.000000
0.000000 0.000000
0.000000 0.000000
0.000000 0.000000
0.000000 0.000000
0.000000 0.000000
0.000000 0.000000
0.000000 0.000000
0.000000 0.000000
0.000000 0.000000
0.000000 0.000000
0.000000 0.000000
0.000000 0.000000
0.000000 0.000000
0.000000 0.000000
0.000000 0.000000
0.000000 0.000000
0.000000 0.000000
0.000000 0.000000
0.000000 0.000000
0.000000 0.000000
0.000000 0.000000
0.000000 0.000000
0.000000 0.000000
0.000000 0.000000
0.000000 0.000000
0.000000 0.000000
0.000000 0.000000
0.000000 0.000000
0.000000 0.000000
0.000000 0.000000
0.000000 0.000000
0.000000 0.000000
0.000000 0.000000
0.000000 0.000000
0.000000 0.000000
0.000000 0.000000
0.000000 0.000000
0.000000 0.000000
0.000000 0.000000
0.000000 0.000000
0.000000 0.000000
0.000000 0.000000
0.000000 0.000000
0.000000 0.000000
0.000000 0.000000
0.000000 0.000000
0.000000 0.000000
0.000000 0.000000
0.000000 0.000000
0.000000 0.000000
0.000000 0.000000
0.000000 0.000000
0.000000 0.000000
0.000000 0.000000
0.000000 0.000000
0.000000 0.000000
0.000000 0.000000
0.000000 0.000000
0.000000 0.000000
0.000000 0.000000
0.000000 0.000000
0.000000 0.000000
0.000000 0.000000
0.000000 0.000000
0.000000 0.000000
0.000000 0.000000
0.000000 0.000000
0.000000 0.000000
0.000000 0.000000
0.000000 0.000000
0.000000 0.000000
0.000000 0.000000
0.000000 0.000000
0.000000 0.000000
0.000000 0.000000
0.000000 0.000000
0.000000 0.000000
0.000000 0.000000
0.000000 0.000000
0.000000 0.000000
0.000000 0.000000
0.000000 0.000000
0.000000 0.000000
0.000000 0.000000
0.000000 0.000000
0.000000 0.000000
0.000000 0.000000
0.000000 0.000000
0.000000 0.000000
0.000000 0.000000
0.000000 0.000000
0.000000 0.000000
0.000000 0.000000
0.000000 0.000000
0.000000 0.000000
0.000000 0.000000
0.000000 0.000000
0.000000 0.000000
0.000000 0.000000
0.000000 0.000000
0.000000 0.000000
0.000000 0.000000
0.000000 0.000000
0.000000 0.000000
0.000000 0.000000
0.000000 0.000000
0.000000 0.000000
0.000000 0.000000
0.000000 0.000000
0.000000 0.000000
0.000000 0.000000
0.000000 0.000000
0.000000 0.000000
0.000000 0.000000
0.000000 0.000000
0.000000 0.000000
0.000000 0.000000
0.000000 0.000000
0.000000 0.000000
0.000000 0.000000
0.000000 0.000000
0.000000 0.000000
0.000000 0.000000
0.000000 0.000000
0.000000 0.000000
0.000000 0.000000
0.000000 0.000000
0.000000 0.000000
0.000000 0.000000
0.000000 0.000000
0.000000 0.000000
0.000000 0.000000
0.000000 0.000000
0.000000 0.000000
0.000000 0.000000
0.000000 0.000000
0.000000 0.000000
0.000000 0.000000
0.000000 0.000000
0.000000 0.000000
0.000000 0.000000
0.000000 0.000000
0.000000 0.000000
0.000000 0.000000
0.000000 0.000000
0.000000 0.000000
0.000000 0.000000
0.000000 0.000000
0.000000 0.000000
0.000000 0.000000
0.000000 0.000000
0.000000 0.000000
0.000000 0.000000
0.000000 0.000000
0.000000 0.000000
0.000000 0.000000
0.000000 0.000000
0.000000 0.000000
0.000000 0.000000
0.000000 0.000000
0.000000 0.000000
0.000000 0.000000
0.000000 0.000000
0.000000 0.000000
0.000000 0.000000
0.000000 0.000000
0.000000 0.000000
0.000000 0.000000
0.000000 0.000000
0.000000 0.000000
0.000000 0.000000
0.000000 0.000000
0.000000 0.000000
0.000000 0.000000
0.000000 0.000000
0.000000 0.000000
0.000000 0.000000
0.000000 0.000000
0.000000 0.000000
0.000000 0.000000
0.000000 0.000000
0.000000 0.000000
0.000000 0.000000
0.000000 0.000000
0.000000 0.000000
0.000000 0.000000
0.000000 0.000000
0.000000 0.000000
0.000000 0.000000
0.000000 0.000000
