300 316.047221
290 316.047221
280 316.047221
270 316.047221
260 316.047221
250 316.047221
240 316.047221
230 316.047221
220 316.047221
210 316.047221
200 316.047221
190 316.047221
180 316.047221
170 316.047221
160 316.047221
150 316.047221
140 316.047221
130 316.047221
120 316.047221
110 316.047221
100 316.047221
90 316.047221
80 316.047221
70 316.047221
60 316.047221
50 316.047221
40 316.047223
30 316.047297
20 316.048487
10 316.048487
300 21396086832.425671
290 21396086832.425671
280 21396086832.425671
270 21396086832.425671
260 21396086832.425671
250 21396086832.425671
240 21396086832.425671
230 21396086832.425671
220 21396086832.425671
210 21396086832.425671
200 21396086832.425671
190 21396086832.425671
180 21396086832.425671
170 21396086832.425671
160 21396086832.425671
150 21396086832.425671
140 21396086832.425671
130 21396086832.425671
120 21396086832.425674
110 21396086832.425674
100 21396086832.425674
90 21396086832.425674
80 21396086832.425674
70 21396086832.425674
60 21396086832.425674
50 21396086832.425674
40 21396086832.425674
30 21396086832.425674
20 21396086832.425674
10 21396086832.425674
300 317.310078
290 317.310078
280 317.310078
270 317.310078
260 317.310078
250 317.310078
240 317.310078
230 317.310078
220 317.310078
210 317.310078
200 317.310078
190 317.310078
180 317.310078
170 317.310078
160 317.310078
150 317.310078
140 317.310078
130 317.310078
120 317.310078
110 317.310078
100 317.310078
90 317.310078
80 317.310078
70 317.310078
60 317.310107
50 317.310782
40 317.310782
30 317.318009
20 317.318009
10 317.318009
300 311.870310
290 311.870310
280 311.870310
270 311.870310
260 311.870310
250 311.870310
240 311.870310
230 311.870310
220 311.870310
210 312.399605
200 312.399605
190 312.399605
180 312.399605
170 312.399605
160 312.399605
150 312.399605
140 312.399605
130 312.399605
120 312.399605
110 312.399605
100 312.860094
90 312.860094
80 313.619275
70 313.619275
60 313.619275
50 313.619275
40 313.619275
30 313.619275
20 313.619275
10 314.370263
300 317.317279
290 317.317279
280 317.317279
270 317.317279
260 317.317279
250 317.317279
240 317.317279
230 317.317279
220 317.317279
210 317.317279
200 317.317279
190 317.317279
180 317.317279
170 317.317279
160 317.317279
150 317.317279
140 317.317279
130 317.317279
120 317.317279
110 317.317279
100 317.317279
90 317.317279
80 317.317279
70 317.317282
60 317.317282
50 317.317282
40 317.317282
30 317.317282
20 317.318009
10 317.318009
2 317.318009
1 318.134973
2 314.545411
1 314.545411
2 314.545411
1 314.545411
2 313.524123
1 315.917705
2 313.905502
1 313.905502
2 310.776881
1 311.865237
2 310.776881
1 311.865237
2 312.298336
1 312.647575
2 311.175791
1 311.175791
2 311.443625
1 311.948162
2 310.666290
1 310.666290
2 310.128930
1 310.128930
2 311.477128
1 311.477128
2 310.226769
1 310.226769
2 310.844747
1 312.128703
2 311.695374
1 311.695374
2 311.260864
1 311.260864
2 311.986090
1 311.986090
2 310.776881
1 311.865237
300 46053591459.646149
290 46053591459.646172
280 46053591459.646194
270 46053591459.646202
260 46053591459.647194
250 46053591459.648018
240 46053591459.648262
230 46053591459.648315
220 46053591459.648590
210 46053591459.653191
200 46053591459.654739
190 46053591459.654816
180 46053591459.656647
170 46053591459.656647
160 46053591459.656647
150 46053591459.656647
140 46053591459.656761
130 46053591459.969116
120 46053591459.969116
110 46053591460.893883
100 46053591460.893883
90 46053591460.893883
80 46053591460.893883
70 46053591776.856110
60 46053592281.703011
50 46053667701.769440
40 46056582756.585358
30 46075731729.022141
20 46100631469.400513
10 47837428841.176399
300 46053591459.646149
290 46053591459.646172
280 46053591459.646194
270 46053591459.646202
260 46053591459.647194
250 46053591459.648018
240 46053591459.648262
230 46053591459.648315
220 46053591459.648590
210 46053591459.653191
200 46053591459.654739
190 46053591459.654816
180 46053591459.656647
170 46053591459.656647
160 46053591459.656647
150 46053591459.656647
140 46053591459.656761
130 46053591459.969116
120 46053591459.969116
110 46053591460.893883
100 46053591460.893883
90 46053591460.893883
80 46053591460.893883
70 46053591776.856110
60 46053592281.703011
50 46053667701.769440
40 46056582756.585358
30 46075731729.022141
20 46100631469.400513
10 47837428841.176399
300 310.626929
290 310.626929
280 311.565395
270 311.565395
260 311.565395
250 311.565395
240 311.565395
230 311.565395
220 311.565395
210 311.565395
200 311.565395
190 311.565395
180 311.565395
170 311.565395
160 311.565395
150 311.565395
140 311.565395
130 311.565395
120 312.442721
110 312.442721
100 312.442721
90 312.537890
80 312.537890
70 312.901295
60 312.901295
50 313.450249
40 313.450249
30 313.450249
20 314.545411
10 314.545411
300 46053591459.646149
290 46053591459.646172
280 46053591459.646194
270 46053591459.646202
260 46053591459.647194
250 46053591459.648018
240 46053591459.648262
230 46053591459.648315
220 46053591459.648590
210 46053591459.653191
200 46053591459.654739
190 46053591459.654816
180 46053591459.656647
170 46053591459.656647
160 46053591459.656647
150 46053591459.656647
140 46053591459.656761
130 46053591459.969116
120 46053591459.969116
110 46053591460.893883
100 46053591460.893883
90 46053591460.893883
80 46053591460.893883
70 46053591776.856110
60 46053592281.703011
50 46053667701.769440
40 46056582756.585358
30 46075731729.022141
20 46100631469.400513
10 47837428841.176399
5 3960030122.242836
4 3960030122.242836
3 3960030122.242836
2 3960030122.242836
1 3960030122.242836
5 3960030122.242836
4 3960030122.242836
3 3960030122.242836
2 3960030122.242836
1 3960030122.242836
5 3960030122.242836
4 3960030122.242836
3 3960030122.242836
2 3960030122.242836
1 3960030122.242836
5 3960030122.242836
4 3960030122.242836
3 3960030122.242836
2 3960030122.242836
1 3960030122.242836
5 3960030122.242836
4 3960030122.242836
3 3960030122.242836
2 3960030122.242836
1 3960030122.242836
5 3960030122.242836
4 3960030122.242836
3 3960030122.242836
2 3960030122.242836
1 3960030122.242836
5 3960030122.242836
4 3960030122.242836
3 3960030122.242836
2 3960030122.242836
1 3960030122.242836
5 3960030122.242836
4 3960030122.242836
3 3960030122.242836
2 3960030122.242836
1 3960030122.242836
5 3960030122.242836
4 3960030122.242836
3 3960030122.242836
2 3960030122.242836
1 3960030122.242836
5 3960030122.242836
4 3960030122.242836
3 3960030122.242836
2 3960030122.242836
1 3960030122.242836
5 3960030122.242836
4 3960030122.242836
3 3960030122.242836
2 3960030122.242836
1 3960030122.242836
5 3960030122.242836
4 3960030122.242836
3 3960030122.242836
2 3960030122.242836
1 3960030122.242836
5 3960030122.242836
4 3960030122.242836
3 3960030122.242836
2 3960030122.242836
1 3960030122.242836
5 3960030122.242836
4 3960030122.242836
3 3960030122.242836
2 3960030122.242836
1 3960030122.242836
5 3960030122.242836
4 3960030122.242836
3 3960030122.242836
2 3960030122.242836
1 3960030122.242836
5 3960030122.242836
4 3960030122.242836
3 3960030122.242836
2 3960030122.242836
1 3960030122.242836
5 3960030122.242836
4 3960030122.242836
3 3960030122.242836
2 3960030122.242836
1 3960030122.242836
5 3960030122.242836
4 3960030122.242836
3 3960030122.242836
2 3960030122.242836
1 3960030122.242836
5 3960030122.242836
4 3960030122.242836
3 3960030122.242836
2 3960030122.242836
1 3960030122.242836
5 3960030122.242836
4 3960030122.242836
3 3960030122.242836
2 3960030122.242836
1 3960030122.242836
5 3960030122.242836
4 3960030122.242836
3 3960030122.242836
2 3960030122.242836
1 3960030122.242836
5 3960030122.242836
4 3960030122.242836
3 3960030122.242836
2 3960030122.242836
1 3960030122.242836
5 3960030122.242836
4 3960030122.242836
3 3960030122.242836
2 3960030122.242836
1 3960030122.242836
5 3960030122.242836
4 3960030122.242836
3 3960030122.242836
2 3960030122.242836
1 3960030122.242836
5 3960030122.242836
4 3960030122.242836
3 3960030122.242836
2 3960030122.242836
1 3960030122.242836
5 3960030122.242836
4 3960030122.242836
3 3960030122.242836
2 3960030122.242836
1 3960030122.242836
5 3960030122.242836
4 3960030122.242836
3 3960030122.242836
2 3960030122.242836
1 3960030122.242836
5 3960030122.242836
4 3960030122.242836
3 3960030122.242836
2 3960030122.242836
1 3960030122.242836
5 3960030122.242836
4 3960030122.242836
3 3960030122.242836
2 3960030122.242836
1 3960030122.242836
5 3960030122.242836
4 3960030122.242836
3 3960030122.242836
2 3960030122.242836
1 3960030122.242836
5 3960030122.242836
4 3960030122.242836
3 3960030122.242836
2 3960030122.242836
1 3960030122.242836
5 3960030122.242836
4 3960030122.242836
3 3960030122.242836
2 3960030122.242836
1 3960030122.242836
5 3960030122.242836
4 3960030122.242836
3 3960030122.242836
2 3960030122.242836
1 3960030122.242836
5 3960030122.242836
4 3960030122.242836
3 3960030122.242836
2 3960030122.242836
1 3960030122.242836
5 3960030122.242836
4 3960030122.242836
3 3960030122.242836
2 3960030122.242836
1 3960030122.242836
5 3960030122.242836
4 3960030122.242836
3 3960030122.242836
2 3960030122.242836
1 3960030122.242836
5 3960030122.242836
4 3960030122.242836
3 3960030122.242836
2 3960030122.242836
1 3960030122.242836
5 3960030122.242836
4 3960030122.242836
3 3960030122.242836
2 3960030122.242836
1 3960030122.242836
5 3960030122.242836
4 3960030122.242836
3 3960030122.242836
2 3960030122.242836
1 3960030122.242836
5 3960030122.242836
4 3960030122.242836
3 3960030122.242836
2 3960030122.242836
1 3960030122.242836
5 3960030122.242836
4 3960030122.242836
3 3960030122.242836
2 3960030122.242836
1 3960030122.242836
5 3960030122.242836
4 3960030122.242836
3 3960030122.242836
2 3960030122.242836
1 3960030122.242836
5 3960030122.242836
4 3960030122.242836
3 3960030122.242836
2 3960030122.242836
1 3960030122.242836
5 3960030122.242836
4 3960030122.242836
3 3960030122.242836
2 3960030122.242836
1 3960030122.242836
5 3960030122.242836
4 3960030122.242836
3 3960030122.242836
2 3960030122.242836
1 3960030122.242836
5 3960030122.242836
4 3960030122.242836
3 3960030122.242836
2 3960030122.242836
1 3960030122.242836
5 3960030122.242836
4 3960030122.242836
3 3960030122.242836
2 3960030122.242836
1 3960030122.242836
5 3960030122.242836
4 3960030122.242836
3 3960030122.242836
2 3960030122.242836
1 3960030122.242836
5 3960030122.242836
4 3960030122.242836
3 3960030122.242836
2 3960030122.242836
1 3960030122.242836
5 3960030122.242836
4 3960030122.242836
3 3960030122.242836
2 3960030122.242836
1 3960030122.242836
5 3960030122.242836
4 3960030122.242836
3 3960030122.242836
2 3960030122.242836
1 3960030122.242836
5 3960030122.242836
4 3960030122.242836
3 3960030122.242836
2 3960030122.242836
1 3960030122.242836
5 3960030122.242836
4 3960030122.242836
3 3960030122.242836
2 3960030122.242836
1 3960030122.242836
5 3960030122.242836
4 3960030122.242836
3 3960030122.242836
2 3960030122.242836
1 3960030122.242836
5 3960030122.242836
4 3960030122.242836
3 3960030122.242836
2 3960030122.242836
1 3960030122.242836
5 3960030122.242836
4 3960030122.242836
3 3960030122.242836
2 3960030122.242836
1 3960030122.242836
5 3960030122.242836
4 3960030122.242836
3 3960030122.242836
2 3960030122.242836
1 3960030122.242836
5 3960030122.242836
4 3960030122.242836
3 3960030122.242836
2 3960030122.242836
1 3960030122.242836
5 3960030122.242836
4 3960030122.242836
3 3960030122.242836
2 3960030122.242836
1 3960030122.242836
5 3960030122.242836
4 3960030122.242836
3 3960030122.242836
2 3960030122.242836
1 3960030122.242836
5 3960030122.242836
4 3960030122.242836
3 3960030122.242836
2 3960030122.242836
1 3960030122.242836
5 3960030122.242836
4 3960030122.242836
3 3960030122.242836
2 3960030122.242836
1 3960030122.242836
5 3960030122.242836
4 3960030122.242836
3 3960030122.242836
2 3960030122.242836
1 3960030122.242836
5 3960030122.242836
4 3960030122.242836
3 3960030122.242836
2 3960030122.242836
1 3960030122.242836
5 3960030122.242836
4 3960030122.242836
3 3960030122.242836
2 3960030122.242836
1 3960030122.242836
5 3960030122.242836
4 3960030122.242836
3 3960030122.242836
2 3960030122.242836
1 3960030122.242836
5 3960030122.242836
4 3960030122.242836
3 3960030122.242836
2 3960030122.242836
1 3960030122.242836
5 3960030122.242836
4 3960030122.242836
3 3960030122.242836
2 3960030122.242836
1 3960030122.242836
5 3960030122.242836
4 3960030122.242836
3 3960030122.242836
2 3960030122.242836
1 3960030122.242836
5 3960030122.242836
4 3960030122.242836
3 3960030122.242836
2 3960030122.242836
1 3960030122.242836
5 3960030122.242836
4 3960030122.242836
3 3960030122.242836
2 3960030122.242836
1 3960030122.242836
5 3960030122.242836
4 3960030122.242836
3 3960030122.242836
2 3960030122.242836
1 3960030122.242836
5 3960030122.242836
4 3960030122.242836
3 3960030122.242836
2 3960030122.242836
1 3960030122.242836
5 3960030122.242836
4 3960030122.242836
3 3960030122.242836
2 3960030122.242836
1 3960030122.242836
5 3960030122.242836
4 3960030122.242836
3 3960030122.242836
2 3960030122.242836
1 3960030122.242836
5 3960030122.242836
4 3960030122.242836
3 3960030122.242836
2 3960030122.242836
1 3960030122.242836
5 3960030122.242836
4 3960030122.242836
3 3960030122.242836
2 3960030122.242836
1 3960030122.242836
5 3960030122.242836
4 3960030122.242836
3 3960030122.242836
2 3960030122.242836
1 3960030122.242836
5 3960030122.242836
4 3960030122.242836
3 3960030122.242836
2 3960030122.242836
1 3960030122.242836
5 3960030122.242836
4 3960030122.242836
3 3960030122.242836
2 3960030122.242836
1 3960030122.242836
5 3960030122.242836
4 3960030122.242836
3 3960030122.242836
2 3960030122.242836
1 3960030122.242836
5 3960030122.242836
4 3960030122.242836
3 3960030122.242836
2 3960030122.242836
1 3960030122.242836
5 3960030122.242836
4 3960030122.242836
3 3960030122.242836
2 3960030122.242836
1 3960030122.242836
5 3960030122.242836
4 3960030122.242836
3 3960030122.242836
2 3960030122.242836
1 3960030122.242836
5 3960030122.242836
4 3960030122.242836
3 3960030122.242836
2 3960030122.242836
1 3960030122.242836
5 3960030122.242836
4 3960030122.242836
3 3960030122.242836
2 3960030122.242836
1 3960030122.242836
5 3960030122.242836
4 3960030122.242836
3 3960030122.242836
2 3960030122.242836
1 3960030122.242836
5 3960030122.242836
4 3960030122.242836
3 3960030122.242836
2 3960030122.242836
1 3960030122.242836
5 3960030122.242836
4 3960030122.242836
3 3960030122.242836
2 3960030122.242836
1 3960030122.242836
5 3960030122.242836
4 3960030122.242836
3 3960030122.242836
2 3960030122.242836
1 3960030122.242836
5 3960030122.242836
4 3960030122.242836
3 3960030122.242836
2 3960030122.242836
1 3960030122.242836
5 3960030122.242836
4 3960030122.242836
3 3960030122.242836
2 3960030122.242836
1 3960030122.242836
5 3960030122.242836
4 3960030122.242836
3 3960030122.242836
2 3960030122.242836
1 3960030122.242836
5 3960030122.242836
4 3960030122.242836
3 3960030122.242836
2 3960030122.242836
1 3960030122.242836
5 3960030122.242836
4 3960030122.242836
3 3960030122.242836
2 3960030122.242836
1 3960030122.242836
5 3960030122.242836
4 3960030122.242836
3 3960030122.242836
2 3960030122.242836
1 3960030122.242836
5 3960030122.242836
4 3960030122.242836
3 3960030122.242836
2 3960030122.242836
1 3960030122.242836
5 3960030122.242836
4 3960030122.242836
3 3960030122.242836
2 3960030122.242836
1 3960030122.242836
5 3960030122.242836
4 3960030122.242836
3 3960030122.242836
2 3960030122.242836
1 3960030122.242836
5 3960030122.242836
4 3960030122.242836
3 3960030122.242836
2 3960030122.242836
1 3960030122.242836
5 3960030122.242836
4 3960030122.242836
3 3960030122.242836
2 3960030122.242836
1 3960030122.242836
5 3960030122.242836
4 3960030122.242836
3 3960030122.242836
2 3960030122.242836
1 3960030122.242836
5 3960030122.242836
4 3960030122.242836
3 3960030122.242836
2 3960030122.242836
1 3960030122.242836
5 3960030122.242836
4 3960030122.242836
3 3960030122.242836
2 3960030122.242836
1 3960030122.242836
5 3960030122.242836
4 3960030122.242836
3 3960030122.242836
2 3960030122.242836
1 3960030122.242836
5 3960030122.242836
4 3960030122.242836
3 3960030122.242836
2 3960030122.242836
1 3960030122.242836
5 3960030122.242836
4 3960030122.242836
3 3960030122.242836
2 3960030122.242836
1 3960030122.242836
5 3960030122.242836
4 3960030122.242836
3 3960030122.242836
2 3960030122.242836
1 3960030122.242836
5 3960030122.242836
4 3960030122.242836
3 3960030122.242836
2 3960030122.242836
1 3960030122.242836
5 3960030122.242836
4 3960030122.242836
3 3960030122.242836
2 3960030122.242836
1 3960030122.242836
5 3960030122.242836
4 3960030122.242836
3 3960030122.242836
2 3960030122.242836
1 3960030122.242836
5 3960030122.242836
4 3960030122.242836
3 3960030122.242836
2 3960030122.242836
1 3960030122.242836
5 3960030122.242836
4 3960030122.242836
3 3960030122.242836
2 3960030122.242836
1 3960030122.242836
5 3960030122.242836
4 3960030122.242836
3 3960030122.242836
2 3960030122.242836
1 3960030122.242836
5 3960030122.242836
4 3960030122.242836
3 3960030122.242836
2 3960030122.242836
1 3960030122.242836
5 3960030122.242836
4 3960030122.242836
3 3960030122.242836
2 3960030122.242836
1 3960030122.242836
5 3960030122.242836
4 3960030122.242836
3 3960030122.242836
2 3960030122.242836
1 3960030122.242836
5 3960030122.242836
4 3960030122.242836
3 3960030122.242836
2 3960030122.242836
1 3960030122.242836
5 3960030122.242836
4 3960030122.242836
3 3960030122.242836
2 3960030122.242836
1 3960030122.242836
5 3960030122.242836
4 3960030122.242836
3 3960030122.242836
2 3960030122.242836
1 3960030122.242836
5 3960030122.242836
4 3960030122.242836
3 3960030122.242836
2 3960030122.242836
1 3960030122.242836
5 3960030122.242836
4 3960030122.242836
3 3960030122.242836
2 3960030122.242836
1 3960030122.242836
5 3960030122.242836
4 3960030122.242836
3 3960030122.242836
2 3960030122.242836
1 3960030122.242836
5 3960030122.242836
4 3960030122.242836
3 3960030122.242836
2 3960030122.242836
1 3960030122.242836
5 3960030122.242836
4 3960030122.242836
3 3960030122.242836
2 3960030122.242836
1 3960030122.242836
5 3960030122.242836
4 3960030122.242836
3 3960030122.242836
2 3960030122.242836
1 3960030122.242836
5 3960030122.242836
4 3960030122.242836
3 3960030122.242836
2 3960030122.242836
1 3960030122.242836
5 3960030122.242836
4 3960030122.242836
3 3960030122.242836
2 3960030122.242836
1 3960030122.242836
5 3960030122.242836
4 3960030122.242836
3 3960030122.242836
2 3960030122.242836
1 3960030122.242836
5 3960030122.242836
4 3960030122.242836
3 3960030122.242836
2 3960030122.242836
1 3960030122.242836
5 3960030122.242836
4 3960030122.242836
3 3960030122.242836
2 3960030122.242836
1 3960030122.242836
5 3960030122.242836
4 3960030122.242836
3 3960030122.242836
2 3960030122.242836
1 3960030122.242836
5 3960030122.242836
4 3960030122.242836
3 3960030122.242836
2 3960030122.242836
1 3960030122.242836
5 3960030122.242836
4 3960030122.242836
3 3960030122.242836
2 3960030122.242836
1 3960030122.242836
5 3960030122.242836
4 3960030122.242836
3 3960030122.242836
2 3960030122.242836
1 3960030122.242836
5 3960030122.242836
4 3960030122.242836
3 3960030122.242836
2 3960030122.242836
1 3960030122.242836
5 3960030122.242836
4 3960030122.242836
3 3960030122.242836
2 3960030122.242836
1 3960030122.242836
5 3960030122.242836
4 3960030122.242836
3 3960030122.242836
2 3960030122.242836
1 3960030122.242836
5 3960030122.242836
4 3960030122.242836
3 3960030122.242836
2 3960030122.242836
1 3960030122.242836
5 3960030122.242836
4 3960030122.242836
3 3960030122.242836
2 3960030122.242836
1 3960030122.242836
5 3960030122.242836
4 3960030122.242836
3 3960030122.242836
2 3960030122.242836
1 3960030122.242836
5 3960030122.242836
4 3960030122.242836
3 3960030122.242836
2 3960030122.242836
1 3960030122.242836
5 3960030122.242836
4 3960030122.242836
3 3960030122.242836
2 3960030122.242836
1 3960030122.242836
5 3960030122.242836
4 3960030122.242836
3 3960030122.242836
2 3960030122.242836
1 3960030122.242836
5 3960030122.242836
4 3960030122.242836
3 3960030122.242836
2 3960030122.242836
1 3960030122.242836
5 3960030122.242836
4 3960030122.242836
3 3960030122.242836
2 3960030122.242836
1 3960030122.242836
5 3960030122.242836
4 3960030122.242836
3 3960030122.242836
2 3960030122.242836
1 3960030122.242836
5 3960030122.242836
4 3960030122.242836
3 3960030122.242836
2 3960030122.242836
1 3960030122.242836
5 3960030122.242836
4 3960030122.242836
3 3960030122.242836
2 3960030122.242836
1 3960030122.242836
5 3960030122.242836
4 3960030122.242836
3 3960030122.242836
2 3960030122.242836
1 3960030122.242836
5 3960030122.242836
4 3960030122.242836
3 3960030122.242836
2 3960030122.242836
1 3960030122.242836
5 3960030122.242836
4 3960030122.242836
3 3960030122.242836
2 3960030122.242836
1 3960030122.242836
5 3960030122.242836
4 3960030122.242836
3 3960030122.242836
2 3960030122.242836
1 3960030122.242836
5 3960030122.242836
4 3960030122.242836
3 3960030122.242836
2 3960030122.242836
1 3960030122.242836
5 3960030122.242836
4 3960030122.242836
3 3960030122.242836
2 3960030122.242836
1 3960030122.242836
5 3960030122.242836
4 3960030122.242836
3 3960030122.242836
2 3960030122.242836
1 3960030122.242836
5 3960030122.242836
4 3960030122.242836
3 3960030122.242836
2 3960030122.242836
1 3960030122.242836
5 3960030122.242836
4 3960030122.242836
3 3960030122.242836
2 3960030122.242836
1 3960030122.242836
5 3960030122.242836
4 3960030122.242836
3 3960030122.242836
2 3960030122.242836
1 3960030122.242836
5 3960030122.242836
4 3960030122.242836
3 3960030122.242836
2 3960030122.242836
1 3960030122.242836
5 3960030122.242836
4 3960030122.242836
3 3960030122.242836
2 3960030122.242836
1 3960030122.242836
5 3960030122.242836
4 3960030122.242836
3 3960030122.242836
2 3960030122.242836
1 3960030122.242836
5 3960030122.242836
4 3960030122.242836
3 3960030122.242836
2 3960030122.242836
1 3960030122.242836
5 3960030122.242836
4 3960030122.242836
3 3960030122.242836
2 3960030122.242836
1 3960030122.242836
5 3960030122.242836
4 3960030122.242836
3 3960030122.242836
2 3960030122.242836
1 3960030122.242836
5 3960030122.242836
4 3960030122.242836
3 3960030122.242836
2 3960030122.242836
1 3960030122.242836
5 3960030122.242836
4 3960030122.242836
3 3960030122.242836
2 3960030122.242836
1 3960030122.242836
5 3960030122.242836
4 3960030122.242836
3 3960030122.242836
2 3960030122.242836
1 3960030122.242836
5 3960030122.242836
4 3960030122.242836
3 3960030122.242836
2 3960030122.242836
1 3960030122.242836
5 3960030122.242836
4 3960030122.242836
3 3960030122.242836
2 3960030122.242836
1 3960030122.242836
5 3960030122.242836
4 3960030122.242836
3 3960030122.242836
2 3960030122.242836
1 3960030122.242836
5 3960030122.242836
4 3960030122.242836
3 3960030122.242836
2 3960030122.242836
1 3960030122.242836
5 3960030122.242836
4 3960030122.242836
3 3960030122.242836
2 3960030122.242836
1 3960030122.242836
5 3960030122.242836
4 3960030122.242836
3 3960030122.242836
2 3960030122.242836
1 3960030122.242836
5 3960030122.242836
4 3960030122.242836
3 3960030122.242836
2 3960030122.242836
1 3960030122.242836
5 3960030122.242836
4 3960030122.242836
3 3960030122.242836
2 3960030122.242836
1 3960030122.242836
5 3960030122.242836
4 3960030122.242836
3 3960030122.242836
2 3960030122.242836
1 3960030122.242836
5 3960030122.242836
4 3960030122.242836
3 3960030122.242836
2 3960030122.242836
1 3960030122.242836
5 3960030122.242836
4 3960030122.242836
3 3960030122.242836
2 3960030122.242836
1 3960030122.242836
5 3960030122.242836
4 3960030122.242836
3 3960030122.242836
2 3960030122.242836
1 3960030122.242836
5 3960030122.242836
4 3960030122.242836
3 3960030122.242836
2 3960030122.242836
1 3960030122.242836
5 3960030122.242836
4 3960030122.242836
3 3960030122.242836
2 3960030122.242836
1 3960030122.242836
5 3960030122.242836
4 3960030122.242836
3 3960030122.242836
2 3960030122.242836
1 3960030122.242836
5 3960030122.242836
4 3960030122.242836
3 3960030122.242836
2 3960030122.242836
1 3960030122.242836
5 3960030122.242836
4 3960030122.242836
3 3960030122.242836
2 3960030122.242836
1 3960030122.242836
5 3960030122.242836
4 3960030122.242836
3 3960030122.242836
2 3960030122.242836
1 3960030122.242836
5 3960030122.242836
4 3960030122.242836
3 3960030122.242836
2 3960030122.242836
1 3960030122.242836
5 3960030122.242836
4 3960030122.242836
3 3960030122.242836
2 3960030122.242836
1 3960030122.242836
5 3960030122.242836
4 3960030122.242836
3 4264271187.024403
2 4271761457.134334
1 4271761457.134334
5 4271761457.134334
4 4271761457.134334
3 4271761457.134334
2 4271761457.134334
1 4271761457.134334
5 4271761457.134334
4 4677138498.041705
3 4677138498.041705
2 4677138498.041705
1 4677138498.041705
5 4765246476.216352
4 4765246476.216352
3 4765246476.216352
2 5603519745.765920
1 5902912648.948032
5 6070742451.237051
4 6070742451.237051
3 7084070827.331629
2 7084070827.331629
1 7084070827.331629
5 7091338931.654224
4 7091338931.654224
3 7091338931.654224
2 7091338931.654224
1 7091338931.654224
5 7439206796.910621
4 7439206796.910621
3 7439206796.910621
2 7439206796.910621
1 7838612244.214362
5 7838612244.214362
4 7838612244.214362
3 7838612244.214362
2 7838612244.214362
1 7838612244.214362
5 7838612244.214362
4 7838612244.214362
3 7838612244.214362
2 7838612244.214362
1 7838612244.214362
5 7838612244.214362
4 13508468484.470533
3 13508468484.470533
2 14400391662.166246
1 14549768834.745951
5 15438113408.641573
4 16335295869.430067
3 16335295869.430067
2 16335295869.430067
1 24573510214.175377
5 15438113408.641573
4 16335295869.430067
3 16335295869.430067
2 16335295869.430067
1 24573510214.175377
5 15438113408.641573
4 16335295869.430067
3 16335295869.430067
2 16335295869.430067
1 24573510214.175377
5 313.578742
4 314.872011
3 314.872011
2 314.872011
1 315.265643
5 311.231238
4 315.265643
3 315.265643
2 315.265643
1 315.265643
5 313.578742
4 314.872011
3 314.872011
2 314.872011
1 315.265643
5 311.231238
4 315.265643
3 315.265643
2 315.265643
1 315.265643
5 315.574024
4 316.243861
3 317.079289
2 317.258159
1 317.959723
5 315.574024
4 316.243861
3 317.079289
2 317.258159
1 317.959723
5 313.525770
4 313.525770
3 313.525770
2 313.525770
1 315.265643
5 313.525770
4 313.525770
3 313.525770
2 313.525770
1 315.265643
5 313.525770
4 313.525770
3 313.525770
2 313.525770
1 315.265643
5 318.103839
4 318.350526
3 319.036645
2 319.296569
1 319.296569
5 318.103839
4 318.350526
3 319.036645
2 319.296569
1 319.296569
5 313.985250
4 313.985250
3 313.985250
2 313.985250
1 316.717958
5 313.985250
4 313.985250
3 313.985250
2 313.985250
1 316.717958
5 313.985250
4 313.985250
3 313.985250
2 313.985250
1 316.717958
5 313.985250
4 313.985250
3 313.985250
2 313.985250
1 316.717958
5 315.055616
4 315.055616
3 315.055616
2 316.717958
1 316.717958
5 315.055616
4 315.055616
3 315.055616
2 316.717958
1 316.717958
5 310.896664
4 310.896664
3 310.896664
2 310.896664
1 310.896664
9 310.896664
8 310.896664
7 310.896664
6 310.896664
5 310.896664
4 310.896664
3 310.896664
2 310.896664
1 310.896664
9 310.896664
8 310.896664
7 310.896664
6 310.896664
5 310.896664
4 310.896664
3 310.896664
2 310.896664
1 310.896664
2 316.717958
1 316.717958
25 310.896664
24 310.896664
23 310.896664
22 310.896664
21 310.896664
20 310.896664
19 310.896664
18 310.896664
17 310.896664
16 310.896664
15 310.896664
14 310.896664
13 310.896664
12 310.896664
11 310.896664
10 310.896664
9 310.896664
8 310.896664
7 310.896664
6 310.896664
5 310.896664
4 310.896664
3 310.896664
2 310.896664
1 310.896664
25 310.896664
24 310.896664
23 310.896664
22 310.896664
21 310.896664
20 310.896664
19 310.896664
18 310.896664
17 310.896664
16 310.896664
15 310.896664
14 310.896664
13 310.896664
12 310.896664
11 310.896664
10 310.896664
9 310.896664
8 310.896664
7 310.896664
6 310.896664
5 310.896664
4 310.896664
3 310.896664
2 310.896664
1 310.896664
25 311.308265
24 311.308265
23 311.308265
22 311.308265
21 311.308265
20 311.308265
19 313.320706
18 313.320706
17 313.320706
16 313.320706
15 313.320706
14 313.320706
13 313.320706
12 313.320706
11 313.320706
10 313.320706
9 313.320706
8 313.320706
7 313.320706
6 313.320706
5 313.320706
4 313.927067
3 313.927067
2 314.297931
1 314.297931
26 311.308265
25 311.308265
24 311.308265
23 311.308265
22 311.308265
21 311.308265
20 311.308265
19 313.320706
18 313.320706
17 313.320706
16 313.320706
15 313.320706
14 313.320706
13 313.320706
12 313.320706
11 313.320706
10 313.320706
9 313.320706
8 313.320706
7 313.320706
6 313.320706
5 313.320706
4 313.927067
3 313.927067
2 314.297931
1 314.297931
26 310.958294
25 310.958294
24 310.958294
23 310.958294
22 310.958294
21 310.958294
20 310.958294
19 310.958294
18 310.958294
17 310.958294
16 310.958294
15 310.958294
14 310.958294
13 313.878831
12 313.878831
11 313.878831
10 313.878831
9 313.878831
8 313.878831
7 313.878831
6 313.878831
5 313.878831
4 313.878831
3 313.878831
2 313.878831
1 313.878831
26 310.958294
25 310.958294
24 310.958294
23 310.958294
22 310.958294
21 310.958294
20 310.958294
19 310.958294
18 310.958294
17 310.958294
16 310.958294
15 310.958294
14 310.958294
13 313.878831
12 313.878831
11 313.878831
10 313.878831
9 313.878831
8 313.878831
7 313.878831
6 313.878831
5 313.878831
4 313.878831
3 313.878831
2 313.878831
1 313.878831
26 310.958294
25 310.958294
24 310.958294
23 310.958294
22 310.958294
21 310.958294
20 310.958294
19 310.958294
18 310.958294
17 310.958294
16 310.958294
15 310.958294
14 310.958294
13 313.878831
12 313.878831
11 313.878831
10 313.878831
9 313.878831
8 313.878831
7 313.878831
6 313.878831
5 313.878831
4 313.878831
3 313.878831
2 313.878831
1 313.878831
26 310.958294
25 310.958294
24 310.958294
23 310.958294
22 310.958294
21 310.958294
20 310.958294
19 310.958294
18 310.958294
17 310.958294
16 310.958294
15 310.958294
14 310.958294
13 313.878831
12 313.878831
11 313.878831
10 313.878831
9 313.878831
8 313.878831
7 313.878831
6 313.878831
5 313.878831
4 313.878831
3 313.878831
2 313.878831
1 313.878831
26 310.958294
25 310.958294
24 310.958294
23 310.958294
22 310.958294
21 310.958294
20 310.958294
19 310.958294
18 310.958294
17 310.958294
16 310.958294
15 310.958294
14 310.958294
13 313.878831
12 313.878831
11 313.878831
10 313.878831
9 313.878831
8 313.878831
7 313.878831
6 313.878831
5 313.878831
4 313.878831
3 313.878831
2 313.878831
1 313.878831
60 310.958294
58 310.958294
56 310.958294
54 310.958294
52 310.958294
50 310.958294
48 310.958294
46 310.958294
44 310.958294
42 310.958294
40 310.958294
38 310.958294
36 310.958294
34 310.958294
32 310.958294
30 310.958294
28 310.958294
26 310.958294
24 310.958294
22 310.958294
20 310.958294
18 310.958294
16 310.958294
14 310.958294
12 313.878831
10 313.878831
8 313.878831
6 313.878831
4 313.878831
2 313.878831
60 310.958294
58 310.958294
56 310.958294
54 310.958294
52 310.958294
50 310.958294
48 310.958294
46 310.958294
44 310.958294
42 310.958294
40 310.958294
38 310.958294
36 310.958294
34 310.958294
32 310.958294
30 310.958294
28 310.958294
26 310.958294
24 310.958294
22 310.958294
20 310.958294
18 310.958294
16 310.958294
14 310.958294
12 313.878831
10 313.878831
8 313.878831
6 313.878831
4 313.878831
2 313.878831
9 313.878831
8 313.878831
7 313.878831
6 313.878831
5 313.878831
4 313.878831
3 313.878831
2 313.878831
1 313.878831
90 310.958294
87 310.958294
84 310.958294
81 310.958294
78 310.958294
75 310.958294
72 310.958294
69 310.958294
66 310.958294
63 310.958294
60 310.958294
57 310.958294
54 310.958294
51 310.958294
48 310.958294
45 310.958294
42 310.958294
39 310.958294
36 310.958294
33 310.958294
30 310.958294
27 310.958294
24 310.958294
21 310.958294
18 310.958294
15 310.958294
12 313.878831
9 313.878831
6 313.878831
3 313.878831
90 310.653632
87 310.653632
84 310.653632
81 310.653632
78 310.653632
75 310.653632
72 310.653632
69 310.653632
66 310.653632
63 310.653632
60 310.653632
57 310.653632
54 310.653632
51 310.653632
48 310.653632
45 310.653632
42 310.653632
39 310.653632
36 310.653632
33 310.653632
30 310.653632
27 310.653632
24 310.653632
21 310.653632
18 310.653632
15 310.653632
12 310.653632
9 310.653632
6 310.653632
3 310.699492
10 7791812334.329443
9 7791812334.329443
8 8677825348.561535
7 8677825348.561535
6 8677825348.561535
5 10428121712.768539
4 11620765451.158859
3 12469566632.474674
2 24012175237.350807
1 25805729409.790176
10 313.878831
9 313.878831
8 313.878831
7 313.878831
6 313.878831
5 313.878831
4 313.878831
3 313.878831
2 313.878831
1 313.878831
20 310.958294
19 310.958294
18 310.958294
17 310.958294
16 310.958294
15 310.958294
14 310.958294
13 313.878831
12 313.878831
11 313.878831
10 313.878831
9 313.878831
8 313.878831
7 313.878831
6 313.878831
5 313.878831
4 313.878831
3 313.878831
2 313.878831
1 313.878831
20 310.482345
19 310.482345
18 310.482345
17 310.482345
16 310.482345
15 310.482345
14 310.482345
13 310.482345
12 310.482345
11 310.482345
10 310.482345
9 310.482345
8 310.482345
7 310.482345
6 310.482345
5 310.482345
4 312.100227
3 312.100227
2 312.372991
1 313.392218
20 3115532009.468345
19 3115532009.468345
18 3115532009.468345
17 3115532009.468345
16 3115532009.468345
15 3115532009.468345
14 3115532009.468345
13 3115532009.468345
12 3115532009.468345
11 3916410837.570625
10 3916410837.570625
9 6554250497.680605
8 6554250497.680605
7 9912877515.521868
6 13823779403.525856
5 18683917682.390118
4 18683917682.390118
3 18683917682.390118
2 35289587843.084831
1 45528247099.814224
20 313.021706
19 313.049669
18 313.049669
17 313.049669
16 313.049669
15 313.308172
14 313.308172
13 313.308172
12 313.308172
11 313.308172
10 313.308172
9 313.308172
8 313.308172
7 313.308172
6 313.308172
5 313.308172
4 313.308172
3 313.308172
2 313.308172
1 313.717782
90 310.451904
87 310.451904
84 310.451904
81 310.451904
78 310.451904
75 310.451904
72 310.451904
69 310.451904
66 310.451904
63 310.451904
60 310.451904
57 310.451904
54 311.773079
51 311.773079
48 311.773079
45 311.773079
42 311.773079
39 311.773079
36 311.773079
33 311.773079
30 311.773079
27 311.773079
24 311.773079
21 311.773079
18 313.049669
15 313.308172
12 313.308172
9 313.308172
6 313.308172
3 313.308172
90 310.653632
87 310.653632
84 310.653632
81 310.653632
78 310.653632
75 310.653632
72 310.653632
69 310.653632
66 310.653632
63 310.653632
60 310.653632
57 310.653632
54 310.653632
51 310.653632
48 310.653632
45 310.653632
42 310.653632
39 310.653632
36 310.653632
33 310.653632
30 310.653632
27 310.653632
24 310.653632
21 310.653632
18 310.653632
15 310.653632
12 310.653632
9 310.653632
6 310.653632
3 310.699492
3 316.219994
2 319.294580
1 320.188645
3 316.219994
2 319.294580
1 320.188645
3 318.641342
2 318.641342
1 318.641342
3 3212.664948
2 3232.200967
1 3232.200967
3 3287.567493
2 3287.567493
1 3321.484557
990 3239.736451
957 3240.211383
924 3240.211383
891 3240.211383
858 3240.211383
825 3240.211383
792 3240.211383
759 3240.211383
726 3240.211383
693 3240.211383
660 3240.211383
627 3240.211383
594 3240.211383
561 3240.211383
528 3240.211383
495 3240.211383
462 3240.211383
429 3241.092162
396 3241.092162
363 3241.092162
330 3241.092162
297 3241.092162
264 3242.842524
231 3244.513972
198 3244.513972
165 3246.035631
132 3248.465903
99 3256.242221
66 3260.827194
33 3277.423716
3 4337.802235
2 4337.802235
1 4337.802235
