117480342.385220 0.000000
107068427.054984 0.000000
97465454.275148 0.000000
89664126.037003 0.000000
82098471.960432 0.000000
75500846.642279 0.000000
70315360.864306 0.000000
64257616.294378 0.000000
58646224.647288 0.000000
54908487.658669 0.000000
51965662.375204 0.000000
48408462.004774 0.000000
45125835.957511 0.000000
41528125.543144 0.000000
38263902.973182 0.000000
35894298.138511 0.000000
33823280.195221 0.000000
32452375.800535 0.000000
30640176.116582 0.000000
28619414.337269 0.000000
26413169.809490 0.000000
23924086.069881 0.000000
21578757.023532 0.000000
20030496.325587 0.000000
18698178.560707 0.000000
17733999.079985 0.000000
18327556.679325 0.000000
16998818.280609 0.000000
16227309.972587 0.000000
15353163.756363 0.000000
14637315.176973 0.000000
14240452.687975 0.000000
14457366.895889 0.000000
15107774.252245 0.000000
14814580.797639 0.000000
14299677.556755 0.000000
13863787.294877 0.000000
13645974.732923 0.000000
13212819.932999 0.000000
12774323.502793 0.000000
12381956.593940 0.000000
11948906.124076 0.000000
11683952.332373 0.000000
10867234.783181 0.000000
11287071.808115 0.000000
10700917.583299 0.000000
9842769.080232 0.000000
8252223.359185 0.000000
6580514.730376 0.000000
4324995.144321 0.000000
5177519.687865 0.000000
6093369.743358 0.000000
7120142.899463 0.000000
8167919.420001 0.000000
9241804.702778 0.000000
9978093.377105 0.000000
10185793.777995 0.000000
10097994.755646 0.000000
9404056.884442 0.000000
9004699.415890 0.000000
8252503.123414 0.000000
6770698.571868 0.000000
4148967.470514 0.000000
2726311.604022 0.000000
3184005.030907 0.000000
3669374.274523 0.000000
4063571.131611 0.000000
4311167.262285 0.000000
4230273.865677 0.000000
3470417.495259 0.000000
1739931.293753 0.000000
558116.552286 0.000000
717671.018644 0.000000
916587.848773 0.000000
1067364.485791 0.000000
1235244.139854 0.000000
1418155.439880 0.000000
1629847.902831 0.000000
2072173.835878 0.000000
2416892.786313 0.000000
2872017.555646 0.000000
3434362.706819 0.000000
3909595.405066 0.000000
4383234.707784 0.000000
4705583.416163 0.000000
4777947.254179 0.000000
3656940.501034 0.000000
2286448.508813 0.000000
1979788.070988 0.000000
121683.772209 0.000000
151577.441489 0.000000
182757.914904 0.000000
215935.257607 0.000000
245044.505860 0.000000
263116.110548 0.000000
326288.728794 0.000000
384531.945012 0.000000
442239.445782 0.000000
485122.272525 0.000000
77250.399196 0.000000
85891.981682 0.000000
89249.171645 0.000000
83253.083180 0.000000
64209.070534 0.000000
57847.102839 0.000000
42057.013597 0.000000
49930.109146 0.000000
58072.656249 0.000000
66828.921188 0.000000
71667.514881 0.000000
76348.543366 0.000000
76164.692935 0.000000
73963.647424 0.000000
76579.173308 0.000000
86830.632545 0.000000
97725.600841 0.000000
105577.694229 0.000000
112864.509976 0.000000
115978.430477 0.000000
114747.730740 0.000000
107947.065673 0.000000
91645.840272 0.000000
71888.845047 0.000000
61550.200171 0.000000
61081.058964 0.000000
68897.806424 0.000000
73873.069448 0.000000
75017.120080 0.000000
67168.158644 0.000000
56687.452219 0.000000
59461.763118 0.000000
62572.778663 0.000000
60612.209038 0.000000
51355.268439 0.000000
49912.052785 0.000000
51223.979628 0.000000
52537.470491 0.000000
47715.464180 0.000000
44157.230631 0.000000
40631.326750 0.000000
30788.867623 0.000000
27169.762178 0.000000
31426.672915 0.000000
34557.334065 0.000000
35885.426001 0.000000
33352.381244 0.000000
24782.266630 0.000000
24271.033511 0.000000
24462.269304 0.000000
19714.236437 0.000000
20256.638608 0.000000
22848.664061 0.000000
25025.281016 0.000000
24870.655671 0.000000
22729.533573 0.000000
23885.395613 0.000000
25090.811406 0.000000
23709.527044 0.000000
23133.023002 0.000000
27284.257171 0.000000
32097.438685 0.000000
36980.970489 0.000000
42663.833415 0.000000
47832.901074 0.000000
51430.214257 0.000000
49261.746379 0.000000
40842.365762 0.000000
31935.727430 0.000000
18725.765537 0.000000
11046.756699 0.000000
6813.888331 0.000000
8249.449414 0.000000
10099.067263 0.000000
12408.634196 0.000000
14871.613911 0.000000
17642.047843 0.000000
20102.610538 0.000000
23162.610792 0.000000
25633.722918 0.000000
27111.977242 0.000000
27253.946986 0.000000
24434.261268 0.000000
21537.134908 0.000000
19455.019152 0.000000
16248.839405 0.000000
18807.995735 0.000000
22329.581685 0.000000
26880.230603 0.000000
31174.040411 0.000000
33053.499854 0.000000
36343.595197 0.000000
40183.189092 0.000000
41743.213155 0.000000
39491.253312 0.000000
31176.570213 0.000000
27157.609295 0.000000
22362.312440 0.000000
21644.201122 0.000000
18729.912068 0.000000
9494.117458 0.000000
9525.743937 0.000000
12074.900168 0.000000
14648.833265 0.000000
17515.192226 0.000000
20933.435515 0.000000
23530.547870 0.000000
25809.074230 0.000000
26520.492759 0.000000
23939.865986 0.000000
17685.164938 0.000000
14430.539384 0.000000
14490.243754 0.000000
16701.838055 0.000000
18297.216437 0.000000
18896.324675 0.000000
18009.580622 0.000000
16950.641712 0.000000
16170.959419 0.000000
16200.926466 0.000000
17015.528973 0.000000
15738.943273 0.000000
11207.618932 0.000000
11561.259477 0.000000
12712.657712 0.000000
13006.256730 0.000000
11002.655630 0.000000
9961.816149 0.000000
11490.442244 0.000000
12993.166474 0.000000
13689.818144 0.000000
14488.622089 0.000000
16363.016536 0.000000
18851.456298 0.000000
20758.956285 0.000000
21669.791437 0.000000
21019.342480 0.000000
21037.479086 0.000000
21040.442255 0.000000
18580.748997 0.000000
14994.091255 0.000000
13064.815630 0.000000
12732.557735 0.000000
11976.735266 0.000000
12920.487716 0.000000
15359.140553 0.000000
17408.129332 0.000000
19103.150042 0.000000
20535.691032 0.000000
20464.819441 0.000000
17426.955776 0.000000
10046.555798 0.000000
11103.658167 0.000000
11701.290680 0.000000
11006.499831 0.000000
8198.509309 0.000000
2930.589508 0.000000
270.712507 0.000000
341.129780 0.000000
449.637659 0.000000
560.257284 0.000000
677.126094 0.000000
859.246515 0.000000
1024.245321 0.000000
1256.737214 0.000000
1546.834216 0.000000
1815.650900 0.000000
2132.840309 0.000000
2465.373903 0.000000
2734.679539 0.000000
2799.510181 0.000000
2585.666272 0.000000
1743.806567 0.000000
1242.977095 0.000000
733.730554 0.000000
857.789157 0.000000
1160.763127 0.000000
1314.122022 0.000000
1853.092123 0.000000
2336.671775 0.000000
2696.237185 0.000000
3568.452974 0.000000
4289.832336 0.000000
5290.168608 0.000000
6268.245013 0.000000
7817.809688 0.000000
8933.351473 0.000000
10457.485319 0.000000
11984.702888 0.000000
13264.231930 0.000000
13922.118238 0.000000
13751.044960 0.000000
11850.115312 0.000000
12252.551216 0.000000
12173.485161 0.000000
13390.490017 0.000000
15627.890228 0.000000
17109.296102 0.000000
17837.529424 0.000000
17111.573387 0.000000
13448.992937 0.000000
12876.176762 0.000000
12981.214159 0.000000
11618.056182 0.000000
12040.873511 0.000000
11331.476517 0.000000
9906.907288 0.000000
10369.245861 0.000000
9770.823138 0.000000
9819.033290 0.000000
11643.815179 0.000000
13630.925261 0.000000
15582.536802 0.000000
17066.108182 0.000000
17506.317675 0.000000
15989.238336 0.000000
13413.467652 0.000000
12090.803397 0.000000
9317.096512 0.000000
4871.437970 0.000000
0.000000 0.000000
0.000000 0.000000
0.000000 0.000000
87.654258 0.000000
175.133032 0.000000
349.564128 0.000000
436.516450 0.000000
868.645800 0.000000
1040.269152 0.000000
1466.256562 0.000000
1917.454714 0.000000
2488.148718 0.000000
2928.587172 0.000000
3381.760840 0.000000
4043.685553 0.000000
4966.422240 0.000000
6166.153040 0.000000
7615.758167 0.000000
10418.086469 0.000000
12635.294217 0.000000
15670.067620 0.000000
18220.022751 0.000000
20848.608727 0.000000
22628.067531 0.000000
22660.600900 0.000000
19374.441103 0.000000
21095.083072 0.000000
21150.935331 0.000000
18147.084215 0.000000
14137.423864 0.000000
13624.151092 0.000000
13512.741826 0.000000
13394.149725 0.000000
11415.983343 0.000000
9189.057227 0.000000
10229.529273 0.000000
11240.596929 0.000000
11811.561763 0.000000
10993.767198 0.000000
7951.380073 0.000000
7549.510170 0.000000
7541.389151 0.000000
5716.136073 0.000000
3945.144480 0.000000
2487.568679 0.000000
3261.959371 0.000000
4338.646863 0.000000
5193.452052 0.000000
6684.621981 0.000000
8011.172293 0.000000
9526.049376 0.000000
12015.110160 0.000000
14721.581733 0.000000
16896.330494 0.000000
19391.470413 0.000000
21913.949622 0.000000
23835.416448 0.000000
24931.385125 0.000000
24283.047942 0.000000
20134.569793 0.000000
17934.988089 0.000000
13264.004202 0.000000
7990.664681 0.000000
6158.478609 0.000000
3324.334792 0.000000
1962.296288 0.000000
1074.676731 0.000000
1390.232621 0.000000
1654.826635 0.000000
2087.708471 0.000000
2541.901150 0.000000
2966.222589 0.000000
3458.257552 0.000000
3883.027414 0.000000
4141.816836 0.000000
4122.701408 0.000000
3183.259883 0.000000
3009.034961 0.000000
2914.767323 0.000000
3284.234471 0.000000
3783.832790 0.000000
4134.483475 0.000000
4199.931870 0.000000
3661.613224 0.000000
2103.170750 0.000000
1915.355171 0.000000
2095.430983 0.000000
2160.679760 0.000000
2028.154615 0.000000
1388.311890 0.000000
470.792479 0.000000
537.949667 0.000000
688.051245 0.000000
869.554892 0.000000
1014.799343 0.000000
1104.732138 0.000000
1190.261572 0.000000
1195.082679 0.000000
988.070159 0.000000
977.362183 0.000000
1083.547844 0.000000
1237.317459 0.000000
1367.867020 0.000000
1275.496795 0.000000
1368.377502 0.000000
1804.685012 0.000000
2202.624554 0.000000
2853.530251 0.000000
3573.105825 0.000000
4194.059847 0.000000
5069.104753 0.000000
6071.457956 0.000000
6960.098980 0.000000
7704.049677 0.000000
8240.556416 0.000000
8343.982937 0.000000
7519.723542 0.000000
4613.290796 0.000000
3465.449878 0.000000
1367.520085 0.000000
0.000000 0.000000
0.000000 0.000000
0.000000 0.000000
0.000000 0.000000
0.000000 0.000000
0.000000 0.000000
0.000000 0.000000
44.602353 0.000000
89.115412 0.000000
133.539177 0.000000
177.873648 0.000000
266.274708 0.000000
398.206593 0.000000
772.626460 0.000000
944.428116 0.000000
1157.171071 0.000000
1498.475321 0.000000
1875.668259 0.000000
2392.036579 0.000000
2959.475596 0.000000
3514.760460 0.000000
4362.395982 0.000000
5461.061371 0.000000
6373.450950 0.000000
7729.857051 0.000000
8907.707062 0.000000
10131.057207 0.000000
11046.479345 0.000000
11262.203611 0.000000
10467.862057 0.000000
7527.757627 0.000000
4726.828440 0.000000
2245.745734 0.000000
0.000000 0.000000
0.000000 0.000000
0.000000 0.000000
0.000000 0.000000
0.000000 0.000000
0.000000 0.000000
0.000000 0.000000
0.000000 0.000000
0.000000 0.000000
0.000000 0.000000
29.750220 0.000000
59.440880 0.000000
89.071980 0.000000
148.155500 0.000000
207.000780 0.000000
265.607820 0.000000
411.083120 0.000000
526.391280 0.000000
697.566720 0.000000
978.064540 0.000000
1211.792870 0.000000
1514.216215 0.000000
1905.599865 0.000000
2245.881035 0.000000
2713.230125 0.000000
3337.199615 0.000000
4050.419676 0.000000
4939.751051 0.000000
5601.220665 0.000000
6352.335647 0.000000
6964.267663 0.000000
7203.903876 0.000000
6819.269674 0.000000
5015.517020 0.000000
2830.478793 0.000000
1180.678071 0.000000
0.000000 0.000000
0.000000 0.000000
0.000000 0.000000
0.000000 0.000000
0.000000 0.000000
0.000000 0.000000
42.094863 0.000000
84.105452 0.000000
126.031767 0.000000
167.873808 0.000000
209.631575 0.000000
251.305068 0.000000
334.399232 0.000000
417.156300 0.000000
602.117147 0.000000
886.374299 0.000000
1046.832932 0.000000
1324.096227 0.000000
1932.798693 0.000000
2454.415933 0.000000
3127.146011 0.000000
3816.335261 0.000000
4832.704924 0.000000
5856.109469 0.000000
6667.533395 0.000000
7697.727856 0.000000
8821.022799 0.000000
9661.423918 0.000000
10072.646459 0.000000
9739.469376 0.000000
8189.084033 0.000000
5268.952006 0.000000
5801.805925 0.000000
6024.501759 0.000000
5301.887388 0.000000
3348.485244 0.000000
3485.762895 0.000000
4219.673594 0.000000
4956.896468 0.000000
5887.054336 0.000000
6631.782593 0.000000
7546.511615 0.000000
8405.096005 0.000000
8878.291972 0.000000
9771.851017 0.000000
10885.604398 0.000000
11536.714202 0.000000
11013.307592 0.000000
8496.124780 0.000000
8318.360271 0.000000
7248.247876 0.000000
4586.018809 0.000000
3595.294168 0.000000
2953.514061 0.000000
2775.083595 0.000000
1187.730698 0.000000
997.786653 0.000000
1242.140898 0.000000
1526.421825 0.000000
1805.366364 0.000000
2067.492526 0.000000
2261.691910 0.000000
2392.145238 0.000000
2326.283507 0.000000
1902.286747 0.000000
1372.905004 0.000000
1201.888221 0.000000
1146.509647 0.000000
963.408258 0.000000
837.593543 0.000000
692.143429 0.000000
231.212752 0.000000
0.897768 0.000000
1.793739 0.000000
1.793739 0.000000
1.793739 0.000000
3.580288 0.000000
4.470867 0.000000
6.246633 0.000000
8.896801 0.000000
13.277802 0.000000
16.750250 0.000000
41.975925 0.000000
66.665733 0.000000
92.495282 0.000000
140.106740 0.000000
188.739506 0.000000
317.453653 0.000000
409.373357 0.000000
462.275002 0.000000
654.552636 0.000000
788.582913 0.000000
978.225394 0.000000
1169.854490 0.000000
1404.979443 0.000000
1692.527256 0.000000
1956.556597 0.000000
2211.653477 0.000000
2679.293728 0.000000
3212.264051 0.000000
3716.452474 0.000000
4199.972198 0.000000
4598.978110 0.000000
4737.714919 0.000000
4251.130591 0.000000
2795.866801 0.000000
2873.000376 0.000000
2657.507815 0.000000
1822.077003 0.000000
621.999890 0.000000
84.920458 0.000000
50.595278 0.000000
34.014102 0.000000
9.263158 0.000000
7.543633 0.000000
10.037939 0.000000
13.140830 0.000000
42.107385 0.000000
70.993162 0.000000
102.216769 0.000000
172.093161 0.000000
244.770923 0.000000
303.060237 0.000000
463.342209 0.000000
607.262471 0.000000
701.786839 0.000000
880.534752 0.000000
1125.818415 0.000000
1493.065914 0.000000
2020.425640 0.000000
2467.326644 0.000000
2971.007022 0.000000
3628.156989 0.000000
4456.332983 0.000000
5196.570344 0.000000
5957.019173 0.000000
6940.192604 0.000000
7637.970393 0.000000
8059.718431 0.000000
7778.209428 0.000000
7808.184521 0.000000
8315.829545 0.000000
6261.207067 0.000000
4247.164173 0.000000
5148.705695 0.000000
6253.948015 0.000000
7351.923519 0.000000
8526.567551 0.000000
9971.267487 0.000000
11392.383051 0.000000
12160.774907 0.000000
11719.036473 0.000000
9279.469462 0.000000
4019.818903 0.000000
904.588393 0.000000
529.215561 0.000000
674.229546 0.000000
840.394237 0.000000
927.504838 0.000000
1216.543864 0.000000
1525.167366 0.000000
1874.085444 0.000000
2201.491874 0.000000
2522.898356 0.000000
2859.998466 0.000000
3099.162140 0.000000
3161.510355 0.000000
2821.013056 0.000000
1867.625373 0.000000
2119.385372 0.000000
2317.063194 0.000000
2416.469021 0.000000
2253.484109 0.000000
1825.421112 0.000000
2176.752701 0.000000
2595.331493 0.000000
3064.028733 0.000000
3583.769434 0.000000
4012.712816 0.000000
4316.247883 0.000000
4210.872773 0.000000
4291.430666 0.000000
3969.583547 0.000000
3153.755819 0.000000
2097.892119 0.000000
1681.030178 0.000000
1092.155249 0.000000
1210.917420 0.000000
1534.986437 0.000000
1833.399531 0.000000
2378.555618 0.000000
2887.033001 0.000000
3629.914154 0.000000
4474.194104 0.000000
5330.591495 0.000000
6232.317854 0.000000
7098.381652 0.000000
7813.044283 0.000000
8296.627599 0.000000
7960.788454 0.000000
6272.483043 0.000000
5540.263370 0.000000
5050.980616 0.000000
3452.983712 0.000000
1841.273543 0.000000
1005.131023 0.000000
1308.723575 0.000000
1613.762244 0.000000
1897.163810 0.000000
2348.995113 0.000000
2866.045698 0.000000
3340.548632 0.000000
3980.803896 0.000000
4311.183501 0.000000
4844.198099 0.000000
5237.018279 0.000000
5279.344539 0.000000
4690.711812 0.000000
4308.357907 0.000000
3291.254621 0.000000
2492.121440 0.000000
2031.721620 0.000000
854.182846 0.000000
730.776755 0.000000
889.834568 0.000000
1043.741309 0.000000
1276.556425 0.000000
1552.624945 0.000000
1791.259067 0.000000
2046.683546 0.000000
2238.024841 0.000000
2301.627372 0.000000
2056.225710 0.000000
1206.610514 0.000000
1330.281860 0.000000
1334.254895 0.000000
1214.301761 0.000000
785.679452 0.000000
297.613050 0.000000
65.416095 0.000000
87.583872 0.000000
126.662715 0.000000
167.812969 0.000000
212.828251 0.000000
255.452458 0.000000
306.522978 0.000000
374.342594 0.000000
471.085103 0.000000
529.924609 0.000000
554.675460 0.000000
647.789544 0.000000
743.974230 0.000000
980.149088 0.000000
1074.962939 0.000000
1281.379839 0.000000
1503.534872 0.000000
1846.152630 0.000000
2218.051404 0.000000
2666.250562 0.000000
3138.884465 0.000000
3605.210024 0.000000
4046.742491 0.000000
4373.168181 0.000000
4459.047808 0.000000
3843.239918 0.000000
2325.562086 0.000000
1210.329431 0.000000
104.655388 0.000000
142.134696 0.000000
202.379601 0.000000
279.930789 0.000000
333.840964 0.000000
378.208146 0.000000
439.506433 0.000000
580.347244 0.000000
731.943147 0.000000
933.500225 0.000000
1177.048364 0.000000
1370.608850 0.000000
1639.329997 0.000000
1867.592043 0.000000
2138.039984 0.000000
2311.588678 0.000000
2306.004471 0.000000
1909.566964 0.000000
930.152093 0.000000
367.013242 0.000000
0.000000 0.000000
0.000000 0.000000
0.000000 0.000000
0.000000 0.000000
0.000000 0.000000
0.000000 0.000000
0.000000 0.000000
0.000000 0.000000
0.000000 0.000000
0.000000 0.000000
0.000000 0.000000
0.000000 0.000000
0.000000 0.000000
0.000000 0.000000
0.000000 0.000000
0.000000 0.000000
0.000000 0.000000
0.000000 0.000000
0.000000 0.000000
0.000000 0.000000
0.000000 0.000000
0.000000 0.000000
0.000000 0.000000
0.000000 0.000000
0.000000 0.000000
2.948049 0.000000
5.890196 0.000000
8.826441 0.000000
8.826441 0.000000
11.756784 0.000000
17.599764 0.000000
24.869061 0.000000
34.983129 0.000000
42.160956 0.000000
50.730669 0.000000
65.597322 0.000000
88.615173 0.000000
107.825285 0.000000
130.082564 0.000000
152.250338 0.000000
188.258151 0.000000
245.149382 0.000000
284.002188 0.000000
355.547401 0.000000
432.198340 0.000000
519.906241 0.000000
594.001747 0.000000
651.479913 0.000000
688.816518 0.000000
658.201589 0.000000
552.877940 0.000000
402.374778 0.000000
320.702195 0.000000
169.409672 0.000000
227.872350 0.000000
317.998796 0.000000
422.467715 0.000000
570.331415 0.000000
716.327686 0.000000
831.220536 0.000000
1094.658691 0.000000
1364.266333 0.000000
1733.520294 0.000000
2260.641249 0.000000
2882.703536 0.000000
3618.579469 0.000000
4341.674191 0.000000
4944.865421 0.000000
5771.122608 0.000000
6349.689777 0.000000
6662.388363 0.000000
6366.248393 0.000000
4875.599525 0.000000
4145.820391 0.000000
2850.911692 0.000000
1222.305286 0.000000
17.140478 0.000000
3.818774 0.000000
48.065420 0.000000
90.323637 0.000000
137.225405 0.000000
224.901224 0.000000
357.022541 0.000000
403.309343 0.000000
520.890157 0.000000
763.161090 0.000000
840.413536 0.000000
1163.919590 0.000000
1420.501191 0.000000
1665.048378 0.000000
1966.520909 0.000000
2452.690596 0.000000
2875.248591 0.000000
3572.603484 0.000000
4678.441585 0.000000
5546.560830 0.000000
6544.907121 0.000000
7686.087225 0.000000
8837.293190 0.000000
10407.069845 0.000000
11870.791513 0.000000
12982.440576 0.000000
13180.283467 0.000000
10083.072798 0.000000
6777.813264 0.000000
4643.939926 0.000000
3026.579441 0.000000
1240.018023 0.000000
911.911464 0.000000
1084.522248 0.000000
1389.443051 0.000000
1625.958338 0.000000
1975.652959 0.000000
2343.144136 0.000000
2761.634123 0.000000
3323.060683 0.000000
3790.630213 0.000000
4224.836223 0.000000
4444.827759 0.000000
4271.122639 0.000000
3507.519162 0.000000
3029.431037 0.000000
2522.877489 0.000000
1868.850690 0.000000
583.966424 0.000000
699.333056 0.000000
828.190150 0.000000
978.961810 0.000000
1104.716588 0.000000
1216.104325 0.000000
1242.191512 0.000000
1261.691148 0.000000
996.422867 0.000000
568.414950 0.000000
684.376531 0.000000
803.828252 0.000000
925.292198 0.000000
1020.089725 0.000000
1073.819851 0.000000
1031.254395 0.000000
798.071235 0.000000
661.683504 0.000000
630.133191 0.000000
624.936598 0.000000
611.946887 0.000000
517.593779 0.000000
373.298051 0.000000
286.285172 0.000000
170.190808 0.000000
193.964705 0.000000
261.580437 0.000000
330.817306 0.000000
406.085423 0.000000
498.331388 0.000000
581.576285 0.000000
626.900280 0.000000
665.201740 0.000000
685.985881 0.000000
710.873975 0.000000
823.616773 0.000000
963.581500 0.000000
1027.305441 0.000000
1414.910036 0.000000
1816.890491 0.000000
2168.699339 0.000000
2672.893778 0.000000
3289.228245 0.000000
4011.459696 0.000000
4965.949187 0.000000
5768.600834 0.000000
6648.866159 0.000000
7290.452346 0.000000
7850.660917 0.000000
8077.638303 0.000000
7279.928911 0.000000
6012.104999 0.000000
5343.172252 0.000000
3424.158181 0.000000
1509.928740 0.000000
839.553326 0.000000
983.728610 0.000000
1153.320391 0.000000
1349.659210 0.000000
827.544916 0.000000
944.559238 0.000000
679.539596 0.000000
821.559067 0.000000
938.823131 0.000000
1066.663869 0.000000
1170.163408 0.000000
1212.708786 0.000000
1099.947802 0.000000
701.838191 0.000000
422.473071 0.000000
101.540692 0.000000
100.495845 0.000000
83.900451 0.000000
84.093869 0.000000
52.636711 0.000000
37.587096 0.000000
40.032865 0.000000
30.287469 0.000000
35.596073 0.000000
39.261403 0.000000
40.823933 0.000000
