125961061.000225 0.000000
125147565.601048 0.000000
123905287.653136 0.000000
123374793.992462 0.000000
122481910.308608 0.000000
120975223.520185 0.000000
120108267.215695 0.000000
119806167.661554 0.000000
120345838.375026 0.000000
119479230.652795 0.000000
119483276.355674 0.000000
120638202.441862 0.000000
119716307.448883 0.000000
120660612.102314 0.000000
119427141.182954 0.000000
118363407.207357 0.000000
117904275.402056 0.000000
113134268.923379 0.000000
109000077.665483 0.000000
107776858.030871 0.000000
108505910.524189 0.000000
105281956.962360 0.000000
102707904.222035 0.000000
93764911.403205 0.000000
82825157.045037 0.000000
71438969.166841 0.000000
52532728.635670 0.000000
56566252.148514 0.000000
57163264.452818 0.000000
63132618.476819 0.000000
68821736.824494 0.000000
70442325.998296 0.000000
65280359.822347 0.000000
55313167.791214 0.000000
65307337.922950 0.000000
73633781.647001 0.000000
79773738.942946 0.000000
81166921.612481 0.000000
73911936.903375 0.000000
52780935.766670 0.000000
40530238.610705 0.000000
48312059.671224 0.000000
55946755.004396 0.000000
62754553.270089 0.000000
65936297.315777 0.000000
64653316.919826 0.000000
54493422.972660 0.000000
26343954.404574 0.000000
9291872.008582 0.000000
10882102.307930 0.000000
12889183.270147 0.000000
15072835.362348 0.000000
19286627.270826 0.000000
23887784.155784 0.000000
28594511.466721 0.000000
35798048.248525 0.000000
41985545.271508 0.000000
47463520.784890 0.000000
53308889.699442 0.000000
58691168.995148 0.000000
61930540.381054 0.000000
59607511.938081 0.000000
49380437.357481 0.000000
55097945.998213 0.000000
60382115.392026 0.000000
61803409.313993 0.000000
54220111.926051 0.000000
38668975.163090 0.000000
45632799.065727 0.000000
39958033.330131 0.000000
11363712.173748 0.000000
13989174.632609 0.000000
16775924.710020 0.000000
20287705.133576 0.000000
16534307.536623 0.000000
19449705.699002 0.000000
23644101.505344 0.000000
27987294.514883 0.000000
33761402.888176 0.000000
40767941.429283 0.000000
48090041.980286 0.000000
54895949.129797 0.000000
60680401.305323 0.000000
61551823.977969 0.000000
55677504.423070 0.000000
50472613.844652 0.000000
24492095.246101 0.000000
6038344.084123 0.000000
1352.379308 0.000000
1990.233368 0.000000
2490.055282 0.000000
3106.217567 0.000000
3721.743859 0.000000
5113.253817 0.000000
6030.946828 0.000000
6997.755065 0.000000
8625.374088 0.000000
10467.980388 0.000000
12619.009085 0.000000
15934.993401 0.000000
19146.048320 0.000000
22423.758896 0.000000
27689.160890 0.000000
32099.378816 0.000000
37265.005080 0.000000
42282.144432 0.000000
46298.967493 0.000000
47202.784982 0.000000
42256.457402 0.000000
26955.568300 0.000000
17185.252328 0.000000
10019.997149 0.000000
4522.522898 0.000000
2532.217751 0.000000
3327.304032 0.000000
4087.229650 0.000000
4663.489181 0.000000
5652.851206 0.000000
7000.835260 0.000000
8747.520136 0.000000
10228.108907 0.000000
11580.260926 0.000000
13172.291824 0.000000
13855.452544 0.000000
13616.865575 0.000000
12154.172846 0.000000
8219.687040 0.000000
9476.589574 0.000000
10962.897740 0.000000
12010.593584 0.000000
12304.430502 0.000000
12417.385335 0.000000
14406.075983 0.000000
16481.523258 0.000000
17339.767919 0.000000
17442.958614 0.000000
17302.056339 0.000000
17229.905051 0.000000
15830.991475 0.000000
11964.740379 0.000000
8743.688883 0.000000
8073.976885 0.000000
8394.209582 0.000000
7676.427238 0.000000
7425.113956 0.000000
2202.756934 0.000000
2660.805357 0.000000
3227.233151 0.000000
4126.598816 0.000000
5025.496992 0.000000
6008.958593 0.000000
7566.264083 0.000000
9303.259633 0.000000
11073.603687 0.000000
12716.280782 0.000000
14382.886815 0.000000
15320.395454 0.000000
14970.025744 0.000000
14741.602937 0.000000
16285.159216 0.000000
17349.675189 0.000000
17645.275997 0.000000
15880.660014 0.000000
11179.883990 0.000000
8181.631150 0.000000
6358.654977 0.000000
4249.917767 0.000000
4321.169076 0.000000
3804.073987 0.000000
2124.289093 0.000000
2472.657384 0.000000
2941.318168 0.000000
3456.090778 0.000000
3891.373815 0.000000
4373.315699 0.000000
4723.949856 0.000000
4756.619617 0.000000
4232.691545 0.000000
3981.515496 0.000000
4063.803834 0.000000
3768.251498 0.000000
3290.191808 0.000000
3459.599839 0.000000
3673.691066 0.000000
3752.921568 0.000000
3153.450010 0.000000
3012.494125 0.000000
2922.324426 0.000000
3172.376154 0.000000
3509.888233 0.000000
3708.251033 0.000000
3742.135836 0.000000
3722.948966 0.000000
3210.529632 0.000000
2675.113606 0.000000
2724.231883 0.000000
2804.762088 0.000000
2704.828576 0.000000
2557.951468 0.000000
1924.862541 0.000000
1436.108753 0.000000
1415.058545 0.000000
1456.955067 0.000000
1474.533952 0.000000
1378.505805 0.000000
1428.904661 0.000000
1561.706448 0.000000
1625.120393 0.000000
1555.222627 0.000000
1193.942018 0.000000
953.087886 0.000000
898.024266 0.000000
790.439765 0.000000
665.881536 0.000000
743.281280 0.000000
760.540357 0.000000
681.400255 0.000000
601.240711 0.000000
529.309791 0.000000
498.603185 0.000000
405.978161 0.000000
385.042718 0.000000
339.430043 0.000000
318.776900 0.000000
288.615564 0.000000
291.095684 0.000000
274.367489 0.000000
173.726949 0.000000
104.556610 0.000000
26.493277 0.000000
28.900372 0.000000
34.687598 0.000000
42.732972 0.000000
51.151713 0.000000
62.814998 0.000000
73.264981 0.000000
86.950531 0.000000
98.586385 0.000000
110.265436 0.000000
120.432203 0.000000
120.035922 0.000000
105.106991 0.000000
88.769123 0.000000
78.473985 0.000000
44.434465 0.000000
3.128617 0.000000
1.804077 0.000000
2.819155 0.000000
3.570904 0.000000
4.221180 0.000000
5.212520 0.000000
6.535118 0.000000
7.114791 0.000000
9.083549 0.000000
11.523269 0.000000
13.909734 0.000000
15.893887 0.000000
19.551340 0.000000
23.292200 0.000000
27.558355 0.000000
30.922567 0.000000
34.098185 0.000000
34.963053 0.000000
31.695493 0.000000
31.070855 0.000000
33.484426 0.000000
27.951387 0.000000
14.740157 0.000000
12.308351 0.000000
10.140658 0.000000
5.610005 0.000000
0.124185 0.000000
0.146499 0.000000
17.591829 0.000000
34.979939 0.000000
52.343754 0.000000
69.661931 0.000000
87.038488 0.000000
121.563990 0.000000
147.376339 0.000000
181.691623 0.000000
198.949433 0.000000
275.254697 0.000000
359.325561 0.000000
483.527319 0.000000
629.073919 0.000000
799.573579 0.000000
975.655187 0.000000
1230.295340 0.000000
1467.558342 0.000000
1768.929840 0.000000
2142.333931 0.000000
2498.887433 0.000000
2875.826007 0.000000
3338.016511 0.000000
3623.696839 0.000000
3768.419840 0.000000
3473.394858 0.000000
2511.057946 0.000000
2110.655987 0.000000
1066.539363 0.000000
396.989626 0.000000
53.788730 0.000000
67.462194 0.000000
91.923405 0.000000
116.634805 0.000000
142.471871 0.000000
187.803530 0.000000
236.217317 0.000000
280.990951 0.000000
337.823137 0.000000
401.450571 0.000000
461.619455 0.000000
507.034806 0.000000
530.838235 0.000000
493.698287 0.000000
365.104705 0.000000
183.730742 0.000000
17.988846 0.000000
1.546669 0.000000
0.388583 0.000000
0.022265 0.000000
0.029075 0.000000
0.034471 0.000000
0.041154 0.000000
0.051698 0.000000
0.064624 0.000000
0.079762 0.000000
0.099004 0.000000
0.128992 0.000000
0.165501 0.000000
0.204454 0.000000
0.244511 0.000000
0.286525 0.000000
0.323757 0.000000
0.354948 0.000000
0.360882 0.000000
0.325683 0.000000
0.214029 0.000000
0.068524 0.000000
0.081900 0.000000
0.098679 0.000000
0.123975 0.000000
0.031911 0.000000
0.000000 0.000000
0.000000 0.000000
0.000000 0.000000
0.000000 0.000000
0.000000 0.000000
0.000000 0.000000
0.000000 0.000000
0.000000 0.000000
0.000000 0.000000
0.000000 0.000000
0.000000 0.000000
0.000000 0.000000
0.000000 0.000000
0.000000 0.000000
0.000000 0.000000
0.000000 0.000000
0.000000 0.000000
0.000000 0.000000
0.000000 0.000000
0.000000 0.000000
0.000000 0.000000
0.000000 0.000000
0.000000 0.000000
0.000000 0.000000
0.000000 0.000000
0.000000 0.000000
0.000000 0.000000
0.000000 0.000000
0.000000 0.000000
0.000000 0.000000
0.000000 0.000000
0.000000 0.000000
0.000000 0.000000
0.000000 0.000000
0.000000 0.000000
0.000000 0.000000
0.000000 0.000000
0.000000 0.000000
0.000000 0.000000
0.000000 0.000000
0.000000 0.000000
0.000000 0.000000
0.000000 0.000000
0.000000 0.000000
0.000000 0.000000
0.000000 0.000000
0.000000 0.000000
0.000000 0.000000
0.000000 0.000000
0.000000 0.000000
0.000000 0.000000
0.000000 0.000000
0.000000 0.000000
0.000000 0.000000
0.000000 0.000000
0.000000 0.000000
0.000000 0.000000
0.000000 0.000000
0.000000 0.000000
0.000000 0.000000
0.000000 0.000000
0.000000 0.000000
0.000000 0.000000
0.000000 0.000000
0.000000 0.000000
0.000000 0.000000
0.000000 0.000000
0.000000 0.000000
0.000000 0.000000
0.000000 0.000000
0.000000 0.000000
0.000000 0.000000
0.000000 0.000000
0.000000 0.000000
0.000000 0.000000
0.000000 0.000000
0.000000 0.000000
0.000000 0.000000
0.000000 0.000000
0.000000 0.000000
0.143856 0.000000
0.287424 0.000000
0.430704 0.000000
0.573696 0.000000
0.716400 0.000000
1.000944 0.000000
1.636920 0.000000
1.917720 0.000000
2.475864 0.000000
3.441528 0.000000
4.962852 0.000000
6.121008 0.000000
7.863912 0.000000
10.622844 0.000000
13.003920 0.000000
15.642180 0.000000
19.074924 0.000000
23.120424 0.000000
26.685648 0.000000
30.139020 0.000000
33.360624 0.000000
34.939710 0.000000
33.174900 0.000000
24.351462 0.000000
12.936564 0.000000
2.897730 0.000000
0.000000 0.000000
0.000000 0.000000
0.000000 0.000000
0.000000 0.000000
0.000000 0.000000
0.000000 0.000000
0.000000 0.000000
0.000000 0.000000
0.000000 0.000000
0.000000 0.000000
0.000000 0.000000
0.000000 0.000000
0.000000 0.000000
0.000000 0.000000
0.000000 0.000000
0.000000 0.000000
0.000000 0.000000
0.000000 0.000000
0.000000 0.000000
0.000000 0.000000
0.000000 0.000000
0.000000 0.000000
0.000000 0.000000
0.000000 0.000000
0.000000 0.000000
0.000000 0.000000
0.000000 0.000000
0.000000 0.000000
0.000000 0.000000
0.000000 0.000000
0.000000 0.000000
0.000000 0.000000
0.000000 0.000000
0.000000 0.000000
0.000000 0.000000
0.000000 0.000000
0.000000 0.000000
0.000000 0.000000
0.000000 0.000000
0.000000 0.000000
0.000000 0.000000
0.000000 0.000000
0.000000 0.000000
0.000000 0.000000
0.000000 0.000000
0.000000 0.000000
0.000000 0.000000
0.000000 0.000000
0.000000 0.000000
0.000000 0.000000
0.000000 0.000000
0.000000 0.000000
0.000000 0.000000
0.000000 0.000000
0.000000 0.000000
0.000000 0.000000
0.000000 0.000000
0.000000 0.000000
0.000000 0.000000
0.000000 0.000000
0.000000 0.000000
0.000000 0.000000
0.000000 0.000000
0.000000 0.000000
0.000000 0.000000
0.000000 0.000000
0.000000 0.000000
0.000000 0.000000
0.000000 0.000000
0.000000 0.000000
0.000000 0.000000
0.000000 0.000000
0.000000 0.000000
0.000000 0.000000
0.000000 0.000000
0.000000 0.000000
0.000000 0.000000
0.000000 0.000000
0.000000 0.000000
0.000000 0.000000
0.000000 0.000000
0.000000 0.000000
0.000000 0.000000
0.000000 0.000000
0.000000 0.000000
0.000000 0.000000
0.000000 0.000000
0.000000 0.000000
0.000000 0.000000
0.000000 0.000000
0.000000 0.000000
0.000000 0.000000
0.000000 0.000000
0.000000 0.000000
0.000000 0.000000
0.000000 0.000000
0.000000 0.000000
0.000000 0.000000
0.000000 0.000000
0.000000 0.000000
0.000000 0.000000
0.000000 0.000000
0.000000 0.000000
0.000000 0.000000
0.000000 0.000000
0.000000 0.000000
0.000000 0.000000
0.000000 0.000000
0.000000 0.000000
0.000000 0.000000
0.000000 0.000000
0.000000 0.000000
0.000000 0.000000
0.000000 0.000000
0.000000 0.000000
0.000000 0.000000
0.000000 0.000000
0.000000 0.000000
0.000000 0.000000
0.000000 0.000000
0.000000 0.000000
0.000000 0.000000
0.000000 0.000000
0.000000 0.000000
0.000000 0.000000
0.000000 0.000000
0.000000 0.000000
0.000000 0.000000
0.000000 0.000000
0.000000 0.000000
0.000000 0.000000
0.000000 0.000000
0.000000 0.000000
0.000000 0.000000
0.000000 0.000000
0.000000 0.000000
0.000000 0.000000
0.000000 0.000000
0.000000 0.000000
0.000000 0.000000
0.000000 0.000000
0.000000 0.000000
0.000000 0.000000
0.000000 0.000000
0.000000 0.000000
0.000000 0.000000
0.000000 0.000000
0.000000 0.000000
0.000000 0.000000
0.000000 0.000000
0.000000 0.000000
0.000000 0.000000
0.000000 0.000000
0.000000 0.000000
0.000000 0.000000
0.000000 0.000000
0.000000 0.000000
0.000000 0.000000
0.000000 0.000000
0.000000 0.000000
0.000000 0.000000
0.000000 0.000000
0.000000 0.000000
0.000000 0.000000
0.000000 0.000000
0.000000 0.000000
0.000000 0.000000
0.000000 0.000000
0.000000 0.000000
0.000000 0.000000
0.000000 0.000000
0.000000 0.000000
0.000000 0.000000
0.000000 0.000000
0.000000 0.000000
0.000000 0.000000
0.000000 0.000000
0.000000 0.000000
0.000000 0.000000
0.000000 0.000000
0.000000 0.000000
0.000000 0.000000
0.000000 0.000000
0.000000 0.000000
0.000000 0.000000
0.000000 0.000000
0.000000 0.000000
0.000000 0.000000
0.000000 0.000000
0.000000 0.000000
0.000000 0.000000
0.000000 0.000000
0.000000 0.000000
0.000000 0.000000
0.000000 0.000000
0.000000 0.000000
0.000000 0.000000
0.000000 0.000000
0.000000 0.000000
0.000000 0.000000
0.000000 0.000000
0.000000 0.000000
0.000000 0.000000
0.000000 0.000000
0.000000 0.000000
0.000000 0.000000
0.000000 0.000000
0.000000 0.000000
0.000000 0.000000
0.000000 0.000000
0.000000 0.000000
0.000000 0.000000
0.000000 0.000000
0.000000 0.000000
0.000000 0.000000
0.000000 0.000000
0.000000 0.000000
0.000000 0.000000
0.000000 0.000000
0.000000 0.000000
0.000000 0.000000
0.000000 0.000000
0.000000 0.000000
0.000000 0.000000
0.000000 0.000000
0.000000 0.000000
0.000000 0.000000
0.000000 0.000000
0.000000 0.000000
0.000000 0.000000
0.000000 0.000000
0.000000 0.000000
0.000000 0.000000
0.000000 0.000000
0.000000 0.000000
0.000000 0.000000
0.000000 0.000000
0.000000 0.000000
0.000000 0.000000
0.000000 0.000000
0.000000 0.000000
0.000000 0.000000
0.000000 0.000000
0.000000 0.000000
0.000000 0.000000
0.000000 0.000000
0.000000 0.000000
0.000000 0.000000
0.000000 0.000000
0.000000 0.000000
0.000000 0.000000
0.000000 0.000000
0.000000 0.000000
0.000000 0.000000
0.000000 0.000000
0.000000 0.000000
0.000000 0.000000
0.000000 0.000000
0.000000 0.000000
0.000000 0.000000
0.000000 0.000000
0.000000 0.000000
0.000000 0.000000
0.000000 0.000000
0.000000 0.000000
0.000000 0.000000
0.000000 0.000000
0.000000 0.000000
0.000000 0.000000
0.000000 0.000000
0.000000 0.000000
0.000000 0.000000
0.000000 0.000000
0.000000 0.000000
0.000000 0.000000
0.000000 0.000000
0.000000 0.000000
0.000000 0.000000
0.000000 0.000000
0.000000 0.000000
0.000000 0.000000
0.000000 0.000000
0.000000 0.000000
0.000000 0.000000
0.000000 0.000000
0.000000 0.000000
0.000000 0.000000
0.000000 0.000000
0.000000 0.000000
0.000000 0.000000
0.000000 0.000000
0.000000 0.000000
0.000000 0.000000
0.000000 0.000000
0.000000 0.000000
0.000000 0.000000
0.000000 0.000000
0.000000 0.000000
0.000000 0.000000
0.000000 0.000000
0.000000 0.000000
0.000000 0.000000
0.000000 0.000000
0.000000 0.000000
0.000000 0.000000
0.000000 0.000000
0.000000 0.000000
0.000000 0.000000
0.000000 0.000000
0.000000 0.000000
0.000000 0.000000
0.000000 0.000000
0.000000 0.000000
0.000000 0.000000
0.000000 0.000000
0.000000 0.000000
0.000000 0.000000
0.000000 0.000000
0.000000 0.000000
0.000000 0.000000
0.000000 0.000000
0.000000 0.000000
0.000000 0.000000
0.000000 0.000000
0.000000 0.000000
0.000000 0.000000
0.000000 0.000000
0.000000 0.000000
0.000000 0.000000
0.000000 0.000000
0.000000 0.000000
0.000000 0.000000
0.000000 0.000000
0.000000 0.000000
0.000000 0.000000
0.000000 0.000000
0.000000 0.000000
0.000000 0.000000
0.000000 0.000000
0.000000 0.000000
0.000000 0.000000
0.000000 0.000000
0.000000 0.000000
0.000000 0.000000
0.000000 0.000000
0.000000 0.000000
0.000000 0.000000
