116081148.776112 0.000000
105976964.057821 0.000000
96319836.068035 0.000000
87834913.861257 0.000000
79931720.584243 0.000000
73881947.773970 0.000000
68021097.354341 0.000000
62597373.702705 0.000000
57666259.310261 0.000000
54189981.257992 0.000000
50473819.428327 0.000000
46792029.448245 0.000000
43841896.129000 0.000000
41327961.762058 0.000000
39252635.710884 0.000000
37115347.862995 0.000000
34934445.414204 0.000000
32759332.370032 0.000000
30733618.676756 0.000000
28456274.150478 0.000000
26702583.616948 0.000000
24789103.688005 0.000000
23049256.376849 0.000000
21919867.193566 0.000000
20782922.292173 0.000000
19827620.458650 0.000000
18864497.551432 0.000000
18063286.353512 0.000000
17261092.845510 0.000000
16096784.938382 0.000000
15367460.810612 0.000000
14680895.646478 0.000000
14002401.085017 0.000000
13281789.375221 0.000000
12689396.985896 0.000000
12526073.600585 0.000000
12840930.379019 0.000000
12892810.196503 0.000000
12227697.199054 0.000000
12066369.192883 0.000000
11919698.477733 0.000000
11849669.488623 0.000000
11867572.489181 0.000000
11661345.814849 0.000000
11377563.545965 0.000000
11565738.184807 0.000000
12007001.096641 0.000000
11773895.872452 0.000000
11550267.468096 0.000000
11191487.245792 0.000000
10191788.611630 0.000000
8721714.858783 0.000000
7634658.337728 0.000000
8889692.892677 0.000000
10178002.662349 0.000000
11163772.096620 0.000000
11736568.650464 0.000000
11438094.691472 0.000000
10779704.665530 0.000000
10586767.571266 0.000000
9447709.156406 0.000000
10305662.449961 0.000000
10831715.376334 0.000000
10372334.542354 0.000000
8196578.522741 0.000000
5562147.823416 0.000000
6498528.009439 0.000000
7499626.202169 0.000000
8376446.165581 0.000000
9149986.856878 0.000000
9458359.735888 0.000000
8607143.249409 0.000000
8192650.390103 0.000000
8147639.495850 0.000000
6762780.503696 0.000000
3347358.497505 0.000000
2593646.151957 0.000000
3008772.804593 0.000000
1750343.224880 0.000000
2080706.188791 0.000000
2434052.871382 0.000000
3000992.808789 0.000000
3622084.702089 0.000000
4328377.795063 0.000000
5005575.991477 0.000000
5838307.535533 0.000000
6495341.229780 0.000000
6957858.789620 0.000000
6824781.084508 0.000000
5676132.854716 0.000000
2455289.461787 0.000000
0.000000 0.000000
0.000000 0.000000
0.000000 0.000000
0.000000 0.000000
0.000000 0.000000
0.000000 0.000000
0.000000 0.000000
0.000000 0.000000
0.000000 0.000000
0.000000 0.000000
0.000000 0.000000
0.000000 0.000000
0.000000 0.000000
0.000000 0.000000
0.000000 0.000000
0.000000 0.000000
0.000000 0.000000
0.000000 0.000000
0.000000 0.000000
0.000000 0.000000
0.000000 0.000000
0.000000 0.000000
0.000000 0.000000
0.000000 0.000000
0.000000 0.000000
0.000000 0.000000
0.000000 0.000000
0.000000 0.000000
0.000000 0.000000
0.000000 0.000000
0.000000 0.000000
0.000000 0.000000
0.000000 0.000000
0.000000 0.000000
0.000000 0.000000
0.000000 0.000000
0.000000 0.000000
0.000000 0.000000
0.000000 0.000000
0.000000 0.000000
0.000000 0.000000
0.000000 0.000000
0.000000 0.000000
0.000000 0.000000
0.000000 0.000000
0.000000 0.000000
0.000000 0.000000
0.000000 0.000000
0.000000 0.000000
0.000000 0.000000
0.000000 0.000000
0.000000 0.000000
0.000000 0.000000
0.000000 0.000000
0.000000 0.000000
0.000000 0.000000
0.000000 0.000000
0.000000 0.000000
0.000000 0.000000
0.000000 0.000000
0.000000 0.000000
0.000000 0.000000
0.000000 0.000000
0.000000 0.000000
0.000000 0.000000
0.000000 0.000000
0.000000 0.000000
0.000000 0.000000
0.000000 0.000000
0.000000 0.000000
0.000000 0.000000
0.000000 0.000000
0.000000 0.000000
0.000000 0.000000
0.000000 0.000000
0.000000 0.000000
0.000000 0.000000
0.000000 0.000000
0.000000 0.000000
0.000000 0.000000
0.000000 0.000000
0.000000 0.000000
0.000000 0.000000
0.000000 0.000000
0.000000 0.000000
0.000000 0.000000
0.000000 0.000000
0.000000 0.000000
0.000000 0.000000
0.000000 0.000000
17.824158 0.000000
103.229508 0.000000
170.710872 0.000000
238.056724 0.000000
305.267064 0.000000
523.588014 0.000000
757.764150 0.000000
1021.323718 0.000000
1299.511640 0.000000
1568.094233 0.000000
1872.483207 0.000000
2174.626677 0.000000
2990.269158 0.000000
4122.041627 0.000000
4896.212831 0.000000
5865.422386 0.000000
6970.253457 0.000000
8357.327364 0.000000
9734.323749 0.000000
11280.097498 0.000000
12564.001549 0.000000
13955.361562 0.000000
14368.033272 0.000000
13665.554475 0.000000
11238.606045 0.000000
9569.346122 0.000000
8370.185089 0.000000
7454.820470 0.000000
5005.587792 0.000000
2991.340193 0.000000
4201.407985 0.000000
4627.629180 0.000000
5781.859153 0.000000
6822.806049 0.000000
6670.940306 0.000000
5736.810750 0.000000
4957.230138 0.000000
4897.215164 0.000000
313.514754 0.000000
415.061765 0.000000
501.319852 0.000000
608.649479 0.000000
718.494895 0.000000
828.461969 0.000000
912.197505 0.000000
977.898485 0.000000
981.243869 0.000000
847.945233 0.000000
570.497543 0.000000
576.761590 0.000000
576.831725 0.000000
482.797693 0.000000
241.095524 0.000000
69.298638 0.000000
41.188148 0.000000
46.432782 0.000000
52.610187 0.000000
59.008506 0.000000
62.873928 0.000000
57.854845 0.000000
55.936146 0.000000
67.280646 0.000000
79.866311 0.000000
90.683527 0.000000
97.769433 0.000000
99.081160 0.000000
88.143728 0.000000
55.396440 0.000000
33.417892 0.000000
13.197239 0.000000
4.838531 0.000000
22332.925174 0.000000
44616.215491 0.000000
66855.188495 0.000000
89049.441897 0.000000
133303.782253 0.000000
199348.768941 0.000000
243156.803882 0.000000
286785.126034 0.000000
308533.398365 0.000000
395070.923620 0.000000
523533.538503 0.000000
650383.261440 0.000000
817013.810167 0.000000
960471.259893 0.000000
1121742.511567 0.000000
1377707.198912 0.000000
1644913.222871 0.000000
1866974.187863 0.000000
2187998.457588 0.000000
2642381.344877 0.000000
3123897.103885 0.000000
3733586.063339 0.000000
4363568.062500 0.000000
4863208.746959 0.000000
5306976.187826 0.000000
5574452.582976 0.000000
5336208.875999 0.000000
3970107.675145 0.000000
1041455.128397 0.000000
0.000000 0.000000
4.204791 0.000000
8.401164 0.000000
12.589119 0.000000
16.768656 0.000000
25.102476 0.000000
29.256759 0.000000
37.540071 0.000000
49.901904 0.000000
58.101036 0.000000
70.336599 0.000000
80.464116 0.000000
102.553644 0.000000
114.481024 0.000000
271.836396 0.000000
424.537935 0.000000
465.124396 0.000000
525.333773 0.000000
588.384065 0.000000
671.983988 0.000000
746.282829 0.000000
863.384450 0.000000
1092.242123 0.000000
1207.991387 0.000000
1302.753402 0.000000
1524.597088 0.000000
1447.045779 0.000000
1404.531709 0.000000
1408.409787 0.000000
1558.086978 0.000000
1620.618259 0.000000
1232.678129 0.000000
14.313512 0.000000
18.125237 0.000000
20.793366 0.000000
26.143608 0.000000
30.103656 0.000000
39.424817 0.000000
48.579980 0.000000
61.121646 0.000000
72.456742 0.000000
83.641742 0.000000
96.506564 0.000000
108.043436 0.000000
120.809226 0.000000
125.246174 0.000000
115.758864 0.000000
85.599249 0.000000
50.597604 0.000000
20.216979 0.000000
7.811310 0.000000
10.004520 0.000000
12.685146 0.000000
14.787386 0.000000
17.305088 0.000000
20.959482 0.000000
25.140349 0.000000
28.560995 0.000000
31.155048 0.000000
31.689702 0.000000
28.192845 0.000000
18.385171 0.000000
14.334827 0.000000
15.753591 0.000000
16.400863 0.000000
15.499260 0.000000
12.110159 0.000000
4.742514 0.000000
5.630002 0.000000
6.636939 0.000000
7.485035 0.000000
8.163611 0.000000
8.412169 0.000000
7.943809 0.000000
5.847447 0.000000
2.627656 0.000000
0.242102 0.000000
0.019900 0.000000
0.029774 0.000000
0.036651 0.000000
0.048379 0.000000
0.068724 0.000000
0.089782 0.000000
0.105815 0.000000
0.131883 0.000000
0.180985 0.000000
0.229300 0.000000
0.293293 0.000000
0.341947 0.000000
0.415323 0.000000
0.493132 0.000000
0.587736 0.000000
0.689563 0.000000
0.787879 0.000000
0.846045 0.000000
0.817876 0.000000
0.643951 0.000000
0.489295 0.000000
0.407731 0.000000
0.186219 0.000000
0.080256 0.000000
0.094764 0.000000
0.120400 0.000000
0.143724 0.000000
0.172159 0.000000
0.198924 0.000000
0.221100 0.000000
17840.295107 0.000000
35644.639213 0.000000
53413.243791 0.000000
88843.270921 0.000000
159274.715097 0.000000
211723.392816 0.000000
263850.635025 0.000000
332853.603129 0.000000
418303.707264 0.000000
469145.179881 0.000000
536433.788529 0.000000
652813.794517 0.000000
799873.691602 0.000000
1022883.284170 0.000000
1299323.746451 0.000000
1447901.565971 0.000000
1776076.396418 0.000000
2111358.675444 0.000000
2400103.238403 0.000000
2899839.019828 0.000000
3409985.963366 0.000000
3840004.460247 0.000000
4240468.114422 0.000000
4462316.942776 0.000000
4267594.281231 0.000000
3418647.050201 0.000000
1254053.942066 0.000000
0.000000 0.000000
0.000000 0.000000
0.000000 0.000000
0.000000 0.000000
1308.482208 0.000000
2614.344832 0.000000
5218.211328 0.000000
6516.215200 0.000000
9104.364192 0.000000
11682.034848 0.000000
16805.941152 0.000000
20621.365248 0.000000
25671.923200 0.000000
34409.545632 0.000000
51499.711648 0.000000
64567.506432 0.000000
78461.779968 0.000000
104038.088352 0.000000
125151.935392 0.000000
150070.728192 0.000000
180456.592799 0.000000
207197.306271 0.000000
238223.659167 0.000000
276616.282270 0.000000
308900.035486 0.000000
326924.083198 0.000000
313820.924030 0.000000
232670.141087 0.000000
46669.198752 0.000000
0.000000 0.000000
0.000000 0.000000
0.000000 0.000000
0.000000 0.000000
0.000000 0.000000
0.000000 0.000000
0.000000 0.000000
0.000000 0.000000
0.000000 0.000000
0.000000 0.000000
0.000000 0.000000
0.000000 0.000000
0.000000 0.000000
0.000000 0.000000
0.000000 0.000000
0.000000 0.000000
0.000000 0.000000
0.000000 0.000000
0.000000 0.000000
0.000000 0.000000
0.000000 0.000000
0.000000 0.000000
0.000000 0.000000
0.000000 0.000000
0.000000 0.000000
0.000000 0.000000
0.000000 0.000000
0.000000 0.000000
0.000000 0.000000
0.000000 0.000000
0.000000 0.000000
0.000000 0.000000
0.000000 0.000000
0.000000 0.000000
0.000000 0.000000
0.000000 0.000000
0.000000 0.000000
0.000000 0.000000
0.000000 0.000000
0.000000 0.000000
0.000000 0.000000
0.000000 0.000000
0.000000 0.000000
0.000000 0.000000
0.000000 0.000000
0.000000 0.000000
0.000000 0.000000
0.000000 0.000000
0.000000 0.000000
0.000000 0.000000
0.000000 0.000000
0.000000 0.000000
0.000000 0.000000
0.000000 0.000000
0.000000 0.000000
0.000000 0.000000
0.000000 0.000000
0.000000 0.000000
0.000000 0.000000
0.000000 0.000000
0.000000 0.000000
0.000000 0.000000
0.000000 0.000000
0.000000 0.000000
0.000000 0.000000
0.000000 0.000000
0.000000 0.000000
0.000000 0.000000
0.000000 0.000000
0.000000 0.000000
0.000000 0.000000
0.000000 0.000000
0.000000 0.000000
0.000000 0.000000
0.000000 0.000000
0.000000 0.000000
0.000000 0.000000
0.000000 0.000000
0.000000 0.000000
0.000000 0.000000
0.000000 0.000000
0.000000 0.000000
0.000000 0.000000
0.000000 0.000000
0.000000 0.000000
0.000000 0.000000
0.000000 0.000000
0.000000 0.000000
0.000000 0.000000
0.000000 0.000000
0.000000 0.000000
0.000000 0.000000
0.000000 0.000000
0.000000 0.000000
0.000000 0.000000
0.000000 0.000000
0.000000 0.000000
0.000000 0.000000
0.000000 0.000000
0.000000 0.000000
0.000000 0.000000
0.000000 0.000000
0.000000 0.000000
0.000000 0.000000
0.000000 0.000000
0.000000 0.000000
0.027972 0.000000
0.055888 0.000000
0.097650 0.000000
0.125426 0.000000
0.194600 0.000000
0.277172 0.000000
0.345562 0.000000
0.454314 0.000000
0.602336 0.000000
0.788200 0.000000
0.932330 0.000000
1.151780 0.000000
1.385461 0.000000
1.656557 0.000000
2.225615 0.000000
2.694475 0.000000
3.319498 0.000000
4.041751 0.000000
4.774581 0.000000
5.557559 0.000000
6.164858 0.000000
6.572614 0.000000
6.378267 0.000000
5.235781 0.000000
3.293668 0.000000
2.492017 0.000000
0.430863 0.000000
0.000000 0.000000
0.000000 0.000000
0.000000 0.000000
4321.818855 0.000000
8634.985420 0.000000
12939.499695 0.000000
21522.571375 0.000000
38584.887255 0.000000
42828.835500 0.000000
55508.766495 0.000000
80635.016655 0.000000
97212.804295 0.000000
109555.295980 0.000000
142087.906380 0.000000
162139.588455 0.000000
201594.030855 0.000000
240183.244255 0.000000
274173.765520 0.000000
336465.927375 0.000000
413367.480895 0.000000
502023.170380 0.000000
581433.888001 0.000000
673801.409897 0.000000
775435.534383 0.000000
881560.197380 0.000000
981584.995926 0.000000
1055215.983827 0.000000
1080805.131502 0.000000
1017145.907826 0.000000
770815.211523 0.000000
189848.547180 0.000000
0.000000 0.000000
0.000000 0.000000
0.000000 0.000000
0.000000 0.000000
0.000000 0.000000
0.000000 0.000000
0.000000 0.000000
0.000000 0.000000
0.000000 0.000000
0.000000 0.000000
0.000000 0.000000
0.000000 0.000000
0.000000 0.000000
0.000000 0.000000
0.000000 0.000000
0.000000 0.000000
0.000000 0.000000
0.000000 0.000000
0.000000 0.000000
0.000000 0.000000
0.000000 0.000000
0.000000 0.000000
0.000000 0.000000
0.000000 0.000000
0.000000 0.000000
0.000000 0.000000
0.000000 0.000000
0.000000 0.000000
0.000000 0.000000
0.000000 0.000000
0.000000 0.000000
0.000000 0.000000
0.000000 0.000000
0.000000 0.000000
0.000000 0.000000
0.000000 0.000000
0.000000 0.000000
0.000000 0.000000
0.000000 0.000000
0.000000 0.000000
0.000000 0.000000
0.000000 0.000000
0.000000 0.000000
0.000000 0.000000
0.000000 0.000000
0.000000 0.000000
0.000000 0.000000
0.000000 0.000000
0.000000 0.000000
0.000000 0.000000
0.000000 0.000000
0.000000 0.000000
0.000000 0.000000
0.000000 0.000000
0.000000 0.000000
0.000000 0.000000
0.000000 0.000000
0.000000 0.000000
0.000000 0.000000
0.000000 0.000000
0.000000 0.000000
0.000000 0.000000
0.000000 0.000000
0.000000 0.000000
0.000000 0.000000
0.000000 0.000000
0.000000 0.000000
0.000000 0.000000
0.000000 0.000000
0.000000 0.000000
0.000000 0.000000
0.000000 0.000000
0.000000 0.000000
0.000000 0.000000
0.000000 0.000000
0.000000 0.000000
0.000000 0.000000
0.000000 0.000000
0.000000 0.000000
0.000000 0.000000
0.000000 0.000000
0.000000 0.000000
0.000000 0.000000
0.000000 0.000000
0.000000 0.000000
0.000000 0.000000
0.000000 0.000000
0.000000 0.000000
0.000000 0.000000
0.000000 0.000000
0.000000 0.000000
0.000000 0.000000
0.000000 0.000000
0.000000 0.000000
0.000000 0.000000
0.000000 0.000000
0.000000 0.000000
0.000000 0.000000
0.000000 0.000000
0.000000 0.000000
0.000000 0.000000
0.000000 0.000000
0.000000 0.000000
0.000000 0.000000
0.000000 0.000000
0.000000 0.000000
0.000000 0.000000
0.000000 0.000000
0.000000 0.000000
0.000000 0.000000
0.000000 0.000000
0.000000 0.000000
0.000000 0.000000
0.000000 0.000000
0.000000 0.000000
0.000000 0.000000
0.000000 0.000000
0.000000 0.000000
0.000000 0.000000
0.000000 0.000000
0.000000 0.000000
0.000000 0.000000
0.000000 0.000000
0.000000 0.000000
0.000000 0.000000
0.000000 0.000000
0.000000 0.000000
0.000000 0.000000
0.000000 0.000000
0.000000 0.000000
0.000000 0.000000
0.000000 0.000000
0.000000 0.000000
0.000000 0.000000
0.000000 0.000000
0.000000 0.000000
0.000000 0.000000
0.000000 0.000000
0.000000 0.000000
0.000000 0.000000
0.000000 0.000000
0.000000 0.000000
0.000000 0.000000
0.000000 0.000000
0.000000 0.000000
0.000000 0.000000
0.000000 0.000000
0.000000 0.000000
0.000000 0.000000
0.000000 0.000000
0.000000 0.000000
0.000000 0.000000
0.000000 0.000000
0.000000 0.000000
0.000000 0.000000
0.000000 0.000000
0.000000 0.000000
0.000000 0.000000
0.000000 0.000000
0.000000 0.000000
0.000000 0.000000
0.000000 0.000000
0.000000 0.000000
0.000000 0.000000
0.000000 0.000000
0.000000 0.000000
0.000000 0.000000
0.000000 0.000000
0.000000 0.000000
0.000000 0.000000
0.000000 0.000000
0.000000 0.000000
0.000000 0.000000
0.000000 0.000000
0.000000 0.000000
0.000000 0.000000
0.000000 0.000000
0.000000 0.000000
0.000000 0.000000
0.000000 0.000000
0.000000 0.000000
0.000000 0.000000
0.000000 0.000000
0.000000 0.000000
0.000000 0.000000
0.000000 0.000000
0.000000 0.000000
0.000000 0.000000
0.000000 0.000000
0.000000 0.000000
0.000000 0.000000
0.000000 0.000000
0.000000 0.000000
0.000000 0.000000
0.000000 0.000000
0.000000 0.000000
0.000000 0.000000
0.000000 0.000000
0.000000 0.000000
0.000000 0.000000
0.000000 0.000000
0.000000 0.000000
0.000000 0.000000
0.000000 0.000000
0.000000 0.000000
0.000000 0.000000
0.000000 0.000000
0.000000 0.000000
0.000000 0.000000
0.000000 0.000000
0.000000 0.000000
0.000000 0.000000
0.000000 0.000000
0.000000 0.000000
0.000000 0.000000
0.000000 0.000000
0.000000 0.000000
0.000000 0.000000
0.000000 0.000000
0.000000 0.000000
0.000000 0.000000
0.000000 0.000000
0.000000 0.000000
0.000000 0.000000
0.000000 0.000000
0.000000 0.000000
0.000000 0.000000
0.000000 0.000000
0.000000 0.000000
0.000000 0.000000
0.000000 0.000000
0.000000 0.000000
0.000000 0.000000
0.000000 0.000000
0.000000 0.000000
0.000000 0.000000
0.000000 0.000000
0.000000 0.000000
0.000000 0.000000
0.000000 0.000000
0.000000 0.000000
0.000000 0.000000
0.000000 0.000000
0.000000 0.000000
0.000000 0.000000
0.000000 0.000000
0.000000 0.000000
0.000000 0.000000
0.000000 0.000000
0.000000 0.000000
0.000000 0.000000
0.000000 0.000000
0.000000 0.000000
0.000000 0.000000
0.000000 0.000000
0.000000 0.000000
0.000000 0.000000
0.000000 0.000000
0.000000 0.000000
0.000000 0.000000
0.000000 0.000000
0.000000 0.000000
0.000000 0.000000
0.000000 0.000000
0.000000 0.000000
0.000000 0.000000
0.000000 0.000000
0.000000 0.000000
0.000000 0.000000
0.000000 0.000000
0.000000 0.000000
0.621378 0.000000
1.241512 0.000000
1.860402 0.000000
2.478048 0.000000
3.094450 0.000000
4.629857 0.000000
5.546996 0.000000
6.461025 0.000000
9.337137 0.000000
12.036622 0.000000
15.587933 0.000000
19.386200 0.000000
23.960424 0.000000
29.911656 0.000000
35.527572 0.000000
43.525928 0.000000
53.690019 0.000000
63.237662 0.000000
75.478136 0.000000
89.097593 0.000000
103.784913 0.000000
119.532263 0.000000
129.620261 0.000000
132.886535 0.000000
120.136851 0.000000
89.103812 0.000000
74.521062 0.000000
31.455834 0.000000
9.297220 0.000000
1.573122 0.000000
2.137629 0.000000
2.743968 0.000000
3.560427 0.000000
4.694342 0.000000
6.002367 0.000000
7.186252 0.000000
8.659594 0.000000
10.561006 0.000000
12.509935 0.000000
14.358645 0.000000
16.040498 0.000000
17.393552 0.000000
17.291363 0.000000
14.990231 0.000000
10.577553 0.000000
8.608572 0.000000
5.119027 0.000000
0.128540 0.000000
0.162705 0.000000
0.182065 0.000000
0.191715 0.000000
0.235080 0.000000
0.311630 0.000000
0.433490 0.000000
0.552150 0.000000
0.686310 0.000000
0.869456 0.000000
1.057999 0.000000
1.268403 0.000000
1.582750 0.000000
1.823140 0.000000
2.190849 0.000000
2.544907 0.000000
2.848583 0.000000
3.006668 0.000000
2.890885 0.000000
2.318781 0.000000
1.524648 0.000000
0.880963 0.000000
0.201668 0.000000
0.000999 0.000000
0.001996 0.000000
0.003984 0.000000
0.005964 0.000000
0.006951 0.000000
0.008919 0.000000
0.010879 0.000000
0.010879 0.000000
0.012831 0.000000
0.015744 0.000000
0.021516 0.000000
0.025324 0.000000
0.034704 0.000000
0.042064 0.000000
0.052864 0.000000
0.063376 0.000000
0.073600 0.000000
0.090000 0.000000
0.107871 0.000000
0.126096 0.000000
0.155751 0.000000
0.178711 0.000000
0.205479 0.000000
0.229836 0.000000
0.226896 0.000000
0.155751 0.000000
0.063376 0.000000
0.031911 0.000000
0.000000 0.000000
0.000000 0.000000
0.000000 0.000000
0.000000 0.000000
0.000000 0.000000
0.000000 0.000000
0.000000 0.000000
0.000000 0.000000
0.000000 0.000000
0.000000 0.000000
0.000000 0.000000
0.000000 0.000000
0.000000 0.000000
0.000000 0.000000
0.000000 0.000000
0.000000 0.000000
0.000000 0.000000
0.000000 0.000000
0.000000 0.000000
0.000000 0.000000
0.000000 0.000000
0.000000 0.000000
0.000000 0.000000
