144.909630 0.000000
178.873752 0.000000
215.192834 0.000000
254.718941 0.000000
298.283427 0.000000
337.162040 0.000000
357.372639 0.000000
332.419355 0.000000
229.373078 0.000000
137.537085 0.000000
115.557978 0.000000
40.526321 0.000000
50.951683 0.000000
60.393792 0.000000
70.718056 0.000000
81.761045 0.000000
89.979662 0.000000
95.491703 0.000000
92.184192 0.000000
74.998626 0.000000
41.310732 0.000000
33.746504 0.000000
11.478864 0.000000
1.495540 0.000000
1.978176 0.000000
2.407962 0.000000
2.927388 0.000000
3.620211 0.000000
4.354901 0.000000
5.173781 0.000000
5.900634 0.000000
6.438914 0.000000
6.756086 0.000000
6.111858 0.000000
4.391875 0.000000
2.153561 0.000000
0.514115 0.000000
0.090306 0.000000
0.118061 0.000000
0.151096 0.000000
0.187327 0.000000
3.128662 0.000000
6.082589 0.000000
9.032713 0.000000
14.855650 0.000000
20.662538 0.000000
26.467710 0.000000
32.249549 0.000000
43.613485 0.000000
61.809035 0.000000
78.394902 0.000000
98.717601 0.000000
144.843150 0.000000
196.836814 0.000000
262.410641 0.000000
364.947740 0.000000
550.085913 0.000000
706.736021 0.000000
881.076103 0.000000
1087.594474 0.000000
1247.534006 0.000000
1479.635914 0.000000
1745.385938 0.000000
1960.525265 0.000000
2170.803271 0.000000
2247.948706 0.000000
2498.824007 0.000000
2940.239952 0.000000
3688.929637 0.000000
4330.320833 0.000000
5046.400026 0.000000
5766.109699 0.000000
6339.493692 0.000000
6439.280232 0.000000
5811.563023 0.000000
4261.670577 0.000000
3280.921730 0.000000
2219.316839 0.000000
703.705042 0.000000
861.381518 0.000000
1072.868618 0.000000
1293.588677 0.000000
1498.613813 0.000000
1692.545440 0.000000
1839.103900 0.000000
1833.059665 0.000000
1517.876485 0.000000
763.925789 0.000000
912.417445 0.000000
1122.379453 0.000000
1278.762012 0.000000
1437.484321 0.000000
1591.811530 0.000000
1625.046358 0.000000
1554.588110 0.000000
1731.250436 0.000000
2067.864028 0.000000
2303.620323 0.000000
2431.143453 0.000000
2283.494772 0.000000
1865.787738 0.000000
1629.147790 0.000000
913.911397 0.000000
675.540286 0.000000
560.854583 0.000000
410.482747 0.000000
122.416486 0.000000
58.801199 0.000000
117.366722 0.000000
175.696569 0.000000
204.773114 0.000000
320.490103 0.000000
463.781094 0.000000
591.355380 0.000000
745.561074 0.000000
1020.918893 0.000000
1190.067523 0.000000
1579.219649 0.000000
1928.438545 0.000000
2416.595711 0.000000
2960.867787 0.000000
3566.789120 0.000000
4318.291690 0.000000
5024.524031 0.000000
5785.126470 0.000000
6433.703904 0.000000
6748.324752 0.000000
6413.041722 0.000000
5002.918562 0.000000
4596.622422 0.000000
4023.705073 0.000000
2450.781904 0.000000
1117.030550 0.000000
2.753186 0.000000
4.579438 0.000000
6.398327 0.000000
8.209851 0.000000
11.810808 0.000000
14.492196 0.000000
17.599256 0.000000
21.560533 0.000000
27.646710 0.000000
31.936092 0.000000
41.183858 0.000000
49.817463 0.000000
63.608881 0.000000
72.107718 0.000000
93.425378 0.000000
114.370802 0.000000
134.592124 0.000000
155.741527 0.000000
182.562695 0.000000
204.048730 0.000000
217.052283 0.000000
215.874017 0.000000
182.523207 0.000000
136.715839 0.000000
140.867363 0.000000
127.048337 0.000000
85.368152 0.000000
41.981503 0.000000
38.873776 0.000000
51.753442 0.000000
64.710669 0.000000
78.850165 0.000000
93.523242 0.000000
107.419965 0.000000
120.284809 0.000000
128.874457 0.000000
129.658614 0.000000
103.468042 0.000000
54.005993 0.000000
21.766583 0.000000
0.000000 0.000000
0.000000 0.000000
0.000000 0.000000
0.000000 0.000000
0.000000 0.000000
0.000000 0.000000
0.000000 0.000000
0.000000 0.000000
0.000000 0.000000
0.000000 0.000000
0.000000 0.000000
0.000000 0.000000
0.000000 0.000000
0.000000 0.000000
0.000000 0.000000
0.000000 0.000000
0.000000 0.000000
0.000000 0.000000
0.000000 0.000000
1.471527 0.000000
2.940108 0.000000
4.405743 0.000000
7.328175 0.000000
10.963783 0.000000
13.135232 0.000000
18.177567 0.000000
22.110863 0.000000
31.326975 0.000000
40.061088 0.000000
51.751703 0.000000
86.321020 0.000000
119.738357 0.000000
173.825525 0.000000
216.476231 0.000000
335.959445 0.000000
434.376238 0.000000
522.951335 0.000000
636.712766 0.000000
781.179494 0.000000
929.526039 0.000000
1127.522659 0.000000
1345.808971 0.000000
1556.349455 0.000000
1769.506075 0.000000
2097.828025 0.000000
2552.138923 0.000000
3039.937779 0.000000
3573.152416 0.000000
4010.737543 0.000000
4311.134684 0.000000
4356.170370 0.000000
3765.802893 0.000000
3081.350685 0.000000
3004.152913 0.000000
2406.105024 0.000000
1424.476718 0.000000
1288.917786 0.000000
1539.469643 0.000000
1876.070376 0.000000
2058.901829 0.000000
2143.895771 0.000000
2224.620311 0.000000
2593.528593 0.000000
3055.911978 0.000000
3570.358464 0.000000
4005.300973 0.000000
4331.332942 0.000000
4297.462697 0.000000
3527.739921 0.000000
2385.585912 0.000000
2480.150052 0.000000
2518.214387 0.000000
2278.952423 0.000000
1587.008930 0.000000
798.463140 0.000000
641.245306 0.000000
717.710303 0.000000
756.880009 0.000000
828.215879 0.000000
850.337087 0.000000
680.657709 0.000000
663.705357 0.000000
273.454720 0.000000
122.350656 0.000000
151.314962 0.000000
209.501531 0.000000
286.123523 0.000000
374.103723 0.000000
483.007070 0.000000
626.515245 0.000000
742.777953 0.000000
896.738566 0.000000
1121.491426 0.000000
1400.868734 0.000000
1745.751215 0.000000
2073.748053 0.000000
2384.372543 0.000000
2823.405514 0.000000
3093.611871 0.000000
3368.414028 0.000000
3545.349409 0.000000
3379.211843 0.000000
2677.528856 0.000000
1472.459376 0.000000
585.082785 0.000000
5.453925 0.000000
7.264606 0.000000
9.071641 0.000000
10.875028 0.000000
16.263309 0.000000
25.170840 0.000000
33.108734 0.000000
48.752040 0.000000
58.155104 0.000000
76.904095 0.000000
98.364576 0.000000
139.235657 0.000000
174.837472 0.000000
224.423247 0.000000
281.603136 0.000000
357.368477 0.000000
444.621835 0.000000
539.577326 0.000000
651.950425 0.000000
764.673160 0.000000
896.951291 0.000000
990.623753 0.000000
1031.823577 0.000000
1180.549461 0.000000
1293.287664 0.000000
1526.163991 0.000000
1718.088142 0.000000
1937.751372 0.000000
2087.618181 0.000000
2066.820840 0.000000
1767.397613 0.000000
1185.512603 0.000000
894.202237 0.000000
401.022857 0.000000
3.327737 0.000000
4.432533 0.000000
6.635448 0.000000
10.468275 0.000000
12.643337 0.000000
18.044918 0.000000
35.546100 0.000000
61.448506 0.000000
82.444782 0.000000
152.326292 0.000000
230.358168 0.000000
256.717322 0.000000
311.682578 0.000000
372.520143 0.000000
422.966561 0.000000
471.993609 0.000000
588.957125 0.000000
768.898488 0.000000
932.401776 0.000000
1086.515113 0.000000
1280.991427 0.000000
1483.215728 0.000000
1779.069719 0.000000
2067.961984 0.000000
2414.814999 0.000000
2843.420891 0.000000
3459.848684 0.000000
4022.213788 0.000000
4538.398932 0.000000
4980.654964 0.000000
5194.145904 0.000000
5127.283854 0.000000
4324.201252 0.000000
3829.722533 0.000000
2320.105853 0.000000
1171.780637 0.000000
5.390044 0.000000
10.769296 0.000000
28.660819 0.000000
50.052510 0.000000
68.707007 0.000000
86.429198 0.000000
117.314413 0.000000
166.373710 0.000000
220.195624 0.000000
305.131238 0.000000
394.334427 0.000000
486.854335 0.000000
607.963217 0.000000
771.654197 0.000000
929.950729 0.000000
1157.522038 0.000000
1358.419899 0.000000
1717.956900 0.000000
2023.110327 0.000000
2333.171995 0.000000
2634.775622 0.000000
2872.069351 0.000000
2850.540037 0.000000
2370.890818 0.000000
1853.521640 0.000000
1408.872018 0.000000
846.393731 0.000000
0.000000 0.000000
0.000000 0.000000
0.000000 0.000000
0.000000 0.000000
0.000000 0.000000
0.000000 0.000000
0.000000 0.000000
0.000000 0.000000
0.000000 0.000000
0.000000 0.000000
0.000000 0.000000
0.000000 0.000000
0.000000 0.000000
0.000000 0.000000
0.000000 0.000000
0.000000 0.000000
0.000000 0.000000
0.000000 0.000000
0.000000 0.000000
0.000000 0.000000
0.000000 0.000000
0.000000 0.000000
0.000000 0.000000
0.000000 0.000000
0.000000 0.000000
0.000000 0.000000
0.000000 0.000000
0.000000 0.000000
0.000000 0.000000
0.000000 0.000000
0.000000 0.000000
0.000000 0.000000
0.000000 0.000000
0.000000 0.000000
0.000000 0.000000
0.000000 0.000000
0.000000 0.000000
15.604380 0.000000
31.177520 0.000000
46.719420 0.000000
93.157680 0.000000
139.299160 0.000000
238.259670 0.000000
302.282145 0.000000
380.339190 0.000000
515.823165 0.000000
658.941415 0.000000
823.064660 0.000000
1076.352319 0.000000
1304.654262 0.000000
1567.390500 0.000000
1873.896452 0.000000
2279.474397 0.000000
2704.026257 0.000000
3113.250870 0.000000
3481.791715 0.000000
3618.307813 0.000000
3274.530039 0.000000
2355.445511 0.000000
1635.402766 0.000000
856.952310 0.000000
372.463590 0.000000
455.864024 0.000000
546.397686 0.000000
670.347958 0.000000
786.398512 0.000000
900.249455 0.000000
1014.246315 0.000000
1112.799294 0.000000
1132.647126 0.000000
1024.618823 0.000000
660.454638 0.000000
352.040716 0.000000
70.595544 0.000000
5.308952 0.000000
7.446636 0.000000
11.428960 0.000000
14.196408 0.000000
18.842534 0.000000
23.917734 0.000000
33.191663 0.000000
43.901593 0.000000
61.649291 0.000000
78.781096 0.000000
95.458195 0.000000
120.040774 0.000000
145.250797 0.000000
179.953665 0.000000
209.524114 0.000000
235.129753 0.000000
251.791407 0.000000
261.012771 0.000000
296.169785 0.000000
326.401305 0.000000
391.084572 0.000000
477.233639 0.000000
567.660483 0.000000
677.791165 0.000000
784.609704 0.000000
887.461745 0.000000
943.511699 0.000000
916.881061 0.000000
750.882276 0.000000
487.360422 0.000000
372.597575 0.000000
119.320471 0.000000
121.666747 0.000000
135.255108 0.000000
162.348845 0.000000
228.031773 0.000000
306.457119 0.000000
389.907270 0.000000
434.220294 0.000000
511.187829 0.000000
632.188019 0.000000
804.524426 0.000000
1033.925167 0.000000
1384.364122 0.000000
1589.698125 0.000000
2014.899314 0.000000
2359.268632 0.000000
2825.013293 0.000000
3263.483709 0.000000
3601.363702 0.000000
3887.446904 0.000000
3801.233109 0.000000
3179.676296 0.000000
1259.600343 0.000000
375.185101 0.000000
0.000000 0.000000
0.000000 0.000000
0.000000 0.000000
0.000000 0.000000
0.000000 0.000000
0.000000 0.000000
0.000000 0.000000
0.000000 0.000000
0.000000 0.000000
0.000000 0.000000
0.000000 0.000000
0.000000 0.000000
0.000000 0.000000
0.000000 0.000000
0.000000 0.000000
0.000000 0.000000
0.000000 0.000000
0.000000 0.000000
0.000000 0.000000
0.000000 0.000000
0.000000 0.000000
0.000000 0.000000
0.000000 0.000000
0.000000 0.000000
0.000000 0.000000
0.000000 0.000000
0.000000 0.000000
0.000000 0.000000
0.000000 0.000000
0.000000 0.000000
0.000000 0.000000
0.000000 0.000000
10.599390 0.000000
21.177560 0.000000
42.270240 0.000000
52.784750 0.000000
73.750110 0.000000
99.834795 0.000000
130.964535 0.000000
156.752140 0.000000
210.484311 0.000000
291.210487 0.000000
370.557363 0.000000
424.323532 0.000000
486.938439 0.000000
637.335171 0.000000
790.676175 0.000000
948.418062 0.000000
1153.681314 0.000000
1429.769931 0.000000
1726.185228 0.000000
2027.204467 0.000000
2293.984879 0.000000
2501.807843 0.000000
2531.648328 0.000000
2276.348758 0.000000
1413.321826 0.000000
886.195956 0.000000
108.551866 0.000000
0.000000 0.000000
0.000000 0.000000
0.000000 0.000000
18.246735 0.000000
18.246735 0.000000
36.456940 0.000000
54.630615 0.000000
72.767760 0.000000
108.932460 0.000000
180.823500 0.000000
216.549840 0.000000
305.226415 0.000000
375.510135 0.000000
505.711716 0.000000
667.676151 0.000000
875.575291 0.000000
1037.620683 0.000000
1227.429840 0.000000
1539.184224 0.000000
1849.020240 0.000000
2284.326915 0.000000
2660.088724 0.000000
3069.698436 0.000000
3557.728711 0.000000
3986.016915 0.000000
4398.972830 0.000000
4389.527326 0.000000
3799.470968 0.000000
2150.955721 0.000000
2099.804581 0.000000
2262.829033 0.000000
2296.925599 0.000000
2060.305566 0.000000
1184.629367 0.000000
757.602312 0.000000
905.368540 0.000000
1042.635986 0.000000
1258.515187 0.000000
1375.560622 0.000000
1484.501591 0.000000
1524.239482 0.000000
1273.415336 0.000000
921.573926 0.000000
613.880038 0.000000
747.736043 0.000000
962.228745 0.000000
1264.964119 0.000000
1447.839640 0.000000
1718.161639 0.000000
2115.416834 0.000000
2519.571528 0.000000
2930.409986 0.000000
3437.466297 0.000000
3913.261834 0.000000
4270.533463 0.000000
4413.029304 0.000000
4083.783951 0.000000
3117.382045 0.000000
2608.208265 0.000000
1997.989900 0.000000
863.495016 0.000000
758.656264 0.000000
890.141940 0.000000
1021.249575 0.000000
1153.437305 0.000000
1273.981438 0.000000
1306.661989 0.000000
1246.212049 0.000000
976.048564 0.000000
810.431961 0.000000
761.412958 0.000000
610.389846 0.000000
376.576061 0.000000
275.016884 0.000000
192.506550 0.000000
143.364090 0.000000
185.523681 0.000000
248.900268 0.000000
301.423731 0.000000
362.456313 0.000000
461.504671 0.000000
528.644915 0.000000
525.142188 0.000000
622.699966 0.000000
741.520061 0.000000
949.949402 0.000000
1117.496844 0.000000
1335.856190 0.000000
1586.228976 0.000000
1920.802560 0.000000
2254.359338 0.000000
2588.461781 0.000000
2964.824592 0.000000
3272.876285 0.000000
3445.597580 0.000000
3292.793587 0.000000
2587.713776 0.000000
1778.057454 0.000000
1332.316069 0.000000
462.848459 0.000000
592.318348 0.000000
721.398070 0.000000
882.382878 0.000000
1094.597330 0.000000
1286.057747 0.000000
1508.331834 0.000000
1760.780531 0.000000
2026.922991 0.000000
2338.202021 0.000000
2540.591038 0.000000
2606.777924 0.000000
2757.232270 0.000000
2983.567009 0.000000
3032.474697 0.000000
2783.166027 0.000000
1978.865911 0.000000
1271.542887 0.000000
498.476516 0.000000
48.688248 0.000000
72.885720 0.000000
108.998615 0.000000
135.834827 0.000000
162.600996 0.000000
213.056367 0.000000
233.696489 0.000000
292.506923 0.000000
347.973344 0.000000
481.142757 0.000000
596.648949 0.000000
695.352275 0.000000
850.687576 0.000000
1069.554979 0.000000
1317.619098 0.000000
1616.812085 0.000000
1972.678964 0.000000
2477.690162 0.000000
2936.908721 0.000000
3467.493663 0.000000
3965.209961 0.000000
4459.514502 0.000000
4818.706741 0.000000
4793.143946 0.000000
4669.571615 0.000000
3860.887340 0.000000
3075.793317 0.000000
1596.622785 0.000000
587.193825 0.000000
73.021961 0.000000
97.875262 0.000000
120.324721 0.000000
141.422961 0.000000
173.916092 0.000000
222.116810 0.000000
262.183710 0.000000
329.500017 0.000000
391.977260 0.000000
501.009878 0.000000
582.906532 0.000000
702.513643 0.000000
816.095565 0.000000
895.187218 0.000000
963.529611 0.000000
961.684996 0.000000
840.543913 0.000000
629.502103 0.000000
664.097603 0.000000
709.803521 0.000000
634.494294 0.000000
602.351721 0.000000
602.395940 0.000000
544.948978 0.000000
598.358374 0.000000
568.567828 0.000000
666.180259 0.000000
877.174616 0.000000
1128.902182 0.000000
1504.970057 0.000000
1818.806357 0.000000
2267.426292 0.000000
2734.086002 0.000000
3200.303647 0.000000
3899.814439 0.000000
4601.028707 0.000000
5454.493994 0.000000
6217.145721 0.000000
7200.101332 0.000000
7907.621655 0.000000
