124323655.731405 0.000000
122809221.163878 0.000000
120588030.877479 0.000000
118833573.660572 0.000000
117933385.853095 0.000000
116296418.948391 0.000000
112710632.816579 0.000000
110896888.101499 0.000000
107676651.249983 0.000000
106345759.690054 0.000000
103609853.780331 0.000000
103718647.512340 0.000000
103794839.564562 0.000000
101734973.767888 0.000000
98296391.544177 0.000000
97473676.985335 0.000000
96737978.865240 0.000000
96850646.578539 0.000000
96605765.885819 0.000000
93512492.394766 0.000000
91580494.368226 0.000000
92997215.103909 0.000000
94230493.544609 0.000000
89709783.878826 0.000000
87251693.247496 0.000000
82077173.029186 0.000000
81149937.811207 0.000000
78364345.433836 0.000000
76420009.451585 0.000000
70740688.705394 0.000000
69085489.111938 0.000000
71522480.966371 0.000000
74037416.382971 0.000000
67716086.700253 0.000000
66882693.336611 0.000000
67221956.781505 0.000000
58267490.955656 0.000000
55088415.114606 0.000000
53222054.591714 0.000000
54906853.779250 0.000000
55339100.024157 0.000000
55574746.248486 0.000000
55127456.791803 0.000000
53817692.474156 0.000000
51342377.213824 0.000000
52509609.605264 0.000000
54179730.048544 0.000000
53704979.265936 0.000000
55288130.068959 0.000000
55178505.877818 0.000000
51906383.161851 0.000000
51828541.010159 0.000000
49451280.127295 0.000000
43547782.111672 0.000000
38379324.462102 0.000000
31226837.838695 0.000000
23821120.705568 0.000000
17452468.542686 0.000000
5664806.559461 0.000000
7164200.645421 0.000000
7729374.621416 0.000000
10052673.385493 0.000000
12170590.727969 0.000000
15340110.618356 0.000000
16523946.541781 0.000000
19078320.921414 0.000000
22758551.952172 0.000000
25707735.047409 0.000000
21448705.579672 0.000000
5879573.259488 0.000000
3279194.562515 0.000000
3179479.716746 0.000000
1325033.776913 0.000000
1500514.242593 0.000000
1654700.748964 0.000000
1716488.980576 0.000000
1696226.689310 0.000000
1886478.787721 0.000000
2085705.088894 0.000000
2225386.746351 0.000000
2134052.215273 0.000000
2002842.312929 0.000000
1921417.163186 0.000000
2063073.216792 0.000000
2162540.430747 0.000000
2021570.576603 0.000000
1900480.526992 0.000000
1341618.535176 0.000000
1057911.164758 0.000000
697457.759833 0.000000
297549.205794 0.000000
75429.941007 0.000000
105856.532287 0.000000
137280.685242 0.000000
165465.417009 0.000000
205411.926459 0.000000
261918.335864 0.000000
308669.958548 0.000000
383543.833193 0.000000
465762.618516 0.000000
545403.227404 0.000000
647591.196154 0.000000
695926.709260 0.000000
667219.025307 0.000000
647113.081460 0.000000
698542.941491 0.000000
748767.480669 0.000000
774138.357685 0.000000
741797.353505 0.000000
604147.601205 0.000000
724107.799856 0.000000
841231.956337 0.000000
972665.735463 0.000000
1099334.254585 0.000000
1159871.032684 0.000000
1097736.296132 0.000000
918731.746948 0.000000
603800.677690 0.000000
495471.255108 0.000000
434170.493276 0.000000
244861.176519 0.000000
46325.565744 0.000000
20690.949102 0.000000
24183.048445 0.000000
28971.956470 0.000000
33475.635231 0.000000
37999.846818 0.000000
37328.545649 0.000000
36803.331748 0.000000
7341.844807 0.000000
10298.694119 0.000000
13075.058157 0.000000
17621.979509 0.000000
23506.352457 0.000000
28475.142230 0.000000
34394.985148 0.000000
41982.970658 0.000000
51888.099074 0.000000
61622.038309 0.000000
71056.643466 0.000000
81355.450941 0.000000
87650.125063 0.000000
87877.540658 0.000000
80119.124332 0.000000
60305.948841 0.000000
45494.553845 0.000000
23553.062809 0.000000
12101.333873 0.000000
4674.594969 0.000000
5459.565444 0.000000
7417.604188 0.000000
9615.719644 0.000000
12381.096320 0.000000
14857.711793 0.000000
18395.335693 0.000000
22496.031942 0.000000
27109.019040 0.000000
31164.019160 0.000000
36652.940271 0.000000
43695.273988 0.000000
49680.472675 0.000000
55294.434211 0.000000
60102.268613 0.000000
61989.400087 0.000000
58024.904347 0.000000
44313.597648 0.000000
18606.744800 0.000000
0.000000 0.000000
0.000000 0.000000
0.000000 0.000000
0.000000 0.000000
0.000000 0.000000
0.000000 0.000000
0.000000 0.000000
0.000000 0.000000
0.000000 0.000000
0.000000 0.000000
0.000000 0.000000
0.000000 0.000000
0.000000 0.000000
0.000000 0.000000
0.000000 0.000000
0.000000 0.000000
0.000000 0.000000
0.000000 0.000000
0.000000 0.000000
0.000000 0.000000
0.000000 0.000000
0.000000 0.000000
0.000000 0.000000
0.000000 0.000000
0.000000 0.000000
0.000000 0.000000
0.000000 0.000000
0.000000 0.000000
0.000000 0.000000
0.000000 0.000000
0.000000 0.000000
0.000000 0.000000
0.000000 0.000000
0.000000 0.000000
0.000000 0.000000
0.000000 0.000000
0.000000 0.000000
0.000000 0.000000
0.000000 0.000000
0.000000 0.000000
0.000000 0.000000
0.000000 0.000000
0.000000 0.000000
0.000000 0.000000
0.000000 0.000000
0.000000 0.000000
0.000000 0.000000
0.000000 0.000000
0.000000 0.000000
0.000000 0.000000
0.000000 0.000000
0.000000 0.000000
207.105687 0.000000
413.796748 0.000000
620.073183 0.000000
620.073183 0.000000
825.934992 0.000000
1031.382175 0.000000
1645.235968 0.000000
2255.358127 0.000000
3063.049575 0.000000
3464.407543 0.000000
5053.254375 0.000000
6227.475207 0.000000
8531.137263 0.000000
10405.246783 0.000000
12779.602572 0.000000
15432.172407 0.000000
18823.813087 0.000000
23293.481367 0.000000
26721.816448 0.000000
31905.470700 0.000000
36602.975967 0.000000
42334.143852 0.000000
48049.970575 0.000000
51309.967500 0.000000
50662.114375 0.000000
42772.610847 0.000000
19482.239175 0.000000
84.426489 0.000000
84.426489 0.000000
298.159410 0.000000
466.048455 0.000000
592.073156 0.000000
758.883103 0.000000
1146.889857 0.000000
1745.304165 0.000000
2163.145189 0.000000
2996.308040 0.000000
3464.919027 0.000000
4427.078186 0.000000
5136.665940 0.000000
6356.805331 0.000000
7693.255215 0.000000
9935.670427 0.000000
12386.969900 0.000000
14372.754014 0.000000
17746.653541 0.000000
21708.438232 0.000000
25033.630745 0.000000
28423.251885 0.000000
31763.566012 0.000000
34153.036460 0.000000
30011.183247 0.000000
28017.613126 0.000000
28408.356733 0.000000
24802.748744 0.000000
15428.699376 0.000000
14174.468438 0.000000
10674.317103 0.000000
1210.910455 0.000000
1559.089782 0.000000
1835.024616 0.000000
2581.889200 0.000000
3179.917085 0.000000
4086.849959 0.000000
4965.377776 0.000000
6288.531681 0.000000
7651.974391 0.000000
8931.941016 0.000000
10224.371085 0.000000
11894.689851 0.000000
13765.945406 0.000000
15216.994527 0.000000
17019.193913 0.000000
18010.834723 0.000000
17591.932602 0.000000
14671.791352 0.000000
7979.791930 0.000000
0.000000 0.000000
0.000000 0.000000
0.000000 0.000000
0.000000 0.000000
0.000000 0.000000
0.000000 0.000000
0.000000 0.000000
0.000000 0.000000
0.000000 0.000000
0.000000 0.000000
0.000000 0.000000
0.000000 0.000000
0.000000 0.000000
0.000000 0.000000
0.000000 0.000000
0.000000 0.000000
0.000000 0.000000
0.000000 0.000000
0.000000 0.000000
0.000000 0.000000
0.000000 0.000000
0.000000 0.000000
0.000000 0.000000
0.000000 0.000000
0.000000 0.000000
0.000000 0.000000
0.000000 0.000000
0.000000 0.000000
0.000000 0.000000
0.000000 0.000000
0.000000 0.000000
0.000000 0.000000
0.000000 0.000000
0.000000 0.000000
0.000000 0.000000
0.000000 0.000000
0.000000 0.000000
0.000000 0.000000
0.000000 0.000000
0.000000 0.000000
0.000000 0.000000
0.000000 0.000000
0.000000 0.000000
51.447501 0.000000
119.975654 0.000000
239.366616 0.000000
358.172886 0.000000
535.197720 0.000000
710.935086 0.000000
910.077651 0.000000
1119.636141 0.000000
1335.260684 0.000000
1553.293239 0.000000
2019.932476 0.000000
2513.824181 0.000000
3167.987639 0.000000
4182.918959 0.000000
5281.284521 0.000000
6409.205716 0.000000
7488.217729 0.000000
8683.193254 0.000000
10245.656313 0.000000
11477.475606 0.000000
12014.117786 0.000000
11182.391944 0.000000
8161.216784 0.000000
6704.940490 0.000000
6901.061089 0.000000
6189.382605 0.000000
3931.451437 0.000000
789.626117 0.000000
580.650404 0.000000
705.001018 0.000000
859.640967 0.000000
1072.429093 0.000000
1304.795385 0.000000
1643.624560 0.000000
1857.908009 0.000000
2148.265546 0.000000
2337.436795 0.000000
2471.089018 0.000000
2539.488342 0.000000
2246.237875 0.000000
2190.120820 0.000000
2335.841574 0.000000
2654.695735 0.000000
2987.816227 0.000000
3279.248439 0.000000
3365.686813 0.000000
3205.259784 0.000000
3441.773087 0.000000
3997.497601 0.000000
4605.906489 0.000000
5042.508872 0.000000
5449.480775 0.000000
5627.127685 0.000000
5425.536134 0.000000
4320.247201 0.000000
1831.030798 0.000000
0.000000 0.000000
0.000000 0.000000
0.000000 0.000000
0.000000 0.000000
0.000000 0.000000
0.000000 0.000000
0.000000 0.000000
0.000000 0.000000
0.000000 0.000000
74.732193 0.000000
149.314772 0.000000
298.031088 0.000000
372.164825 0.000000
483.065709 0.000000
703.895976 0.000000
813.749568 0.000000
1105.197648 0.000000
1465.916052 0.000000
1823.119497 0.000000
2035.271217 0.000000
2677.854602 0.000000
3224.164347 0.000000
4269.601044 0.000000
4735.723611 0.000000
5784.484308 0.000000
7137.007091 0.000000
8856.097342 0.000000
10628.618073 0.000000
12375.642414 0.000000
14353.336441 0.000000
16250.886736 0.000000
17497.151706 0.000000
17339.543731 0.000000
14149.141756 0.000000
8279.026600 0.000000
4907.995095 0.000000
1987.888105 0.000000
2482.446948 0.000000
2851.529617 0.000000
3360.022005 0.000000
3837.341214 0.000000
4356.166519 0.000000
4912.242566 0.000000
5347.219924 0.000000
5366.367676 0.000000
4772.721413 0.000000
2647.170672 0.000000
2729.315924 0.000000
2266.804573 0.000000
1615.033542 0.000000
2010.760166 0.000000
2437.537179 0.000000
2977.318447 0.000000
3524.919384 0.000000
4123.474299 0.000000
4601.254420 0.000000
5062.837913 0.000000
5407.472518 0.000000
5510.847803 0.000000
4957.680821 0.000000
4341.135826 0.000000
2659.630550 0.000000
0.000000 0.000000
0.000000 0.000000
0.000000 0.000000
0.000000 0.000000
0.000000 0.000000
0.000000 0.000000
0.000000 0.000000
0.000000 0.000000
0.000000 0.000000
0.000000 0.000000
0.000000 0.000000
0.000000 0.000000
0.000000 0.000000
0.000000 0.000000
0.000000 0.000000
0.000000 0.000000
0.000000 0.000000
0.000000 0.000000
0.000000 0.000000
0.000000 0.000000
0.000000 0.000000
0.000000 0.000000
0.000000 0.000000
0.000000 0.000000
0.000000 0.000000
0.000000 0.000000
0.000000 0.000000
0.000000 0.000000
0.000000 0.000000
0.000000 0.000000
0.000000 0.000000
7.418574 0.000000
14.822296 0.000000
22.211166 0.000000
31.099196 0.000000
47.308178 0.000000
61.946783 0.000000
76.525979 0.000000
92.542761 0.000000
128.575488 0.000000
171.324645 0.000000
234.435216 0.000000
309.646017 0.000000
394.361366 0.000000
472.179583 0.000000
607.463514 0.000000
740.768891 0.000000
889.987948 0.000000
1073.434318 0.000000
1290.745808 0.000000
1487.836650 0.000000
1680.164030 0.000000
1795.834732 0.000000
1781.512097 0.000000
1639.488517 0.000000
1164.569273 0.000000
1111.848632 0.000000
1183.858253 0.000000
1197.949088 0.000000
973.946257 0.000000
669.754490 0.000000
802.081741 0.000000
1065.112595 0.000000
1325.978587 0.000000
1841.215980 0.000000
2597.835598 0.000000
3152.514089 0.000000
3993.563364 0.000000
4698.895979 0.000000
5551.594238 0.000000
6373.665811 0.000000
7975.218628 0.000000
9535.750166 0.000000
11275.269704 0.000000
13337.012374 0.000000
15241.564230 0.000000
16550.607796 0.000000
16958.784718 0.000000
15305.488964 0.000000
10558.866546 0.000000
3726.154390 0.000000
4460.258283 0.000000
5362.823909 0.000000
6305.299684 0.000000
7786.952011 0.000000
9615.795472 0.000000
11680.783237 0.000000
13193.516753 0.000000
15115.044248 0.000000
16595.769118 0.000000
17260.947115 0.000000
15802.486941 0.000000
11527.004309 0.000000
5936.099522 0.000000
7242.349184 0.000000
8600.592834 0.000000
10567.827740 0.000000
12392.910734 0.000000
14178.185952 0.000000
15985.672992 0.000000
17720.343779 0.000000
18684.250082 0.000000
18216.286714 0.000000
14782.967652 0.000000
7211.566841 0.000000
7594.534151 0.000000
8041.289396 0.000000
7670.052322 0.000000
7114.176028 0.000000
5271.280371 0.000000
5346.789368 0.000000
5462.951576 0.000000
4884.334450 0.000000
3158.431164 0.000000
734.594630 0.000000
183.611009 0.000000
218.570080 0.000000
263.670019 0.000000
332.341773 0.000000
426.286835 0.000000
522.576415 0.000000
630.281740 0.000000
778.105196 0.000000
929.803185 0.000000
1061.059819 0.000000
1248.484176 0.000000
1412.997084 0.000000
1532.662570 0.000000
1559.878403 0.000000
1384.921045 0.000000
1265.586610 0.000000
1164.360649 0.000000
756.233779 0.000000
344.626004 0.000000
410.875054 0.000000
483.472338 0.000000
568.036274 0.000000
648.261170 0.000000
728.365788 0.000000
776.253645 0.000000
787.612761 0.000000
699.704398 0.000000
534.501388 0.000000
543.674242 0.000000
521.305327 0.000000
320.116702 0.000000
256.275200 0.000000
178.852116 0.000000
215.109378 0.000000
263.823260 0.000000
303.768643 0.000000
333.443516 0.000000
363.152971 0.000000
375.151019 0.000000
341.141513 0.000000
232.321616 0.000000
0.000000 0.000000
0.000000 0.000000
0.000000 0.000000
0.000000 0.000000
0.000000 0.000000
0.000000 0.000000
0.000000 0.000000
0.000000 0.000000
0.000000 0.000000
0.000000 0.000000
0.000000 0.000000
0.000000 0.000000
0.000000 0.000000
0.000000 0.000000
0.000000 0.000000
0.000000 0.000000
0.000000 0.000000
0.000000 0.000000
0.000000 0.000000
0.000000 0.000000
0.000000 0.000000
0.000000 0.000000
0.000000 0.000000
0.000000 0.000000
0.000000 0.000000
0.000000 0.000000
0.000000 0.000000
0.000000 0.000000
0.000000 0.000000
0.000000 0.000000
0.000000 0.000000
0.000000 0.000000
0.000000 0.000000
0.000000 0.000000
0.000000 0.000000
0.000000 0.000000
40.876083 0.000000
81.670332 0.000000
122.382747 0.000000
163.013328 0.000000
203.562075 0.000000
324.717312 0.000000
405.078300 0.000000
485.111952 0.000000
604.548675 0.000000
821.592422 0.000000
1016.683734 0.000000
1152.016251 0.000000
1286.079413 0.000000
1812.924989 0.000000
2105.478954 0.000000
2674.876762 0.000000
3320.297069 0.000000
4144.506907 0.000000
4971.048758 0.000000
5927.685558 0.000000
7042.589062 0.000000
8052.400043 0.000000
8998.076947 0.000000
9602.181675 0.000000
9713.983787 0.000000
8767.362067 0.000000
5000.822432 0.000000
5033.548229 0.000000
5076.921309 0.000000
4451.878400 0.000000
2565.374469 0.000000
0.000000 0.000000
0.000000 0.000000
0.000000 0.000000
0.000000 0.000000
0.000000 0.000000
0.000000 0.000000
0.000000 0.000000
0.000000 0.000000
0.000000 0.000000
0.000000 0.000000
0.000000 0.000000
0.000000 0.000000
0.000000 0.000000
0.000000 0.000000
0.000000 0.000000
0.000000 0.000000
0.000000 0.000000
0.000000 0.000000
0.000000 0.000000
0.000000 0.000000
0.000000 0.000000
0.000000 0.000000
0.000000 0.000000
0.000000 0.000000
0.000000 0.000000
0.000000 0.000000
0.000000 0.000000
0.000000 0.000000
0.000000 0.000000
0.000000 0.000000
0.000000 0.000000
0.000000 0.000000
0.000000 0.000000
0.000000 0.000000
0.000000 0.000000
0.000000 0.000000
0.000000 0.000000
0.000000 0.000000
0.000000 0.000000
0.000000 0.000000
0.000000 0.000000
0.000000 0.000000
0.000000 0.000000
0.000000 0.000000
0.000000 0.000000
0.000000 0.000000
0.000000 0.000000
0.000000 0.000000
0.000000 0.000000
0.000000 0.000000
0.000000 0.000000
0.000000 0.000000
0.000000 0.000000
0.000000 0.000000
0.000000 0.000000
0.000000 0.000000
0.000000 0.000000
0.000000 0.000000
0.000000 0.000000
0.000000 0.000000
0.000000 0.000000
0.000000 0.000000
0.000000 0.000000
0.000000 0.000000
0.000000 0.000000
0.000000 0.000000
0.000000 0.000000
0.000000 0.000000
0.000000 0.000000
0.000000 0.000000
0.000000 0.000000
0.000000 0.000000
0.000000 0.000000
0.000000 0.000000
0.000000 0.000000
0.000000 0.000000
0.000000 0.000000
0.000000 0.000000
0.000000 0.000000
0.000000 0.000000
0.000000 0.000000
0.000000 0.000000
0.000000 0.000000
0.000000 0.000000
0.000000 0.000000
0.000000 0.000000
0.000000 0.000000
0.000000 0.000000
0.000000 0.000000
0.000000 0.000000
0.000000 0.000000
2.645352 0.000000
5.285408 0.000000
7.920168 0.000000
10.549632 0.000000
15.792672 0.000000
18.406248 0.000000
24.916356 0.000000
28.804944 0.000000
45.512500 0.000000
62.002920 0.000000
78.268260 0.000000
88.150596 0.000000
134.945326 0.000000
196.327273 0.000000
281.848794 0.000000
410.817442 0.000000
480.145345 0.000000
623.722539 0.000000
799.630043 0.000000
1008.434466 0.000000
1219.882953 0.000000
1343.177279 0.000000
1658.364028 0.000000
1846.517129 0.000000
2123.042024 0.000000
2512.652508 0.000000
2690.650211 0.000000
3312.203188 0.000000
3999.178932 0.000000
4663.898640 0.000000
5420.716940 0.000000
6359.939165 0.000000
7192.046897 0.000000
7992.121039 0.000000
8382.527535 0.000000
8011.666031 0.000000
6439.051478 0.000000
2801.284912 0.000000
0.000000 0.000000
0.000000 0.000000
0.000000 0.000000
0.000000 0.000000
0.000000 0.000000
0.000000 0.000000
0.000000 0.000000
0.000000 0.000000
0.000000 0.000000
0.000000 0.000000
0.000000 0.000000
0.000000 0.000000
0.000000 0.000000
0.000000 0.000000
0.000000 0.000000
0.000000 0.000000
0.000000 0.000000
0.000000 0.000000
0.000000 0.000000
0.000000 0.000000
0.000000 0.000000
0.000000 0.000000
0.000000 0.000000
0.000000 0.000000
0.000000 0.000000
0.000000 0.000000
0.000000 0.000000
0.000000 0.000000
0.000000 0.000000
0.000000 0.000000
0.000000 0.000000
0.000000 0.000000
6.618375 0.000000
13.223500 0.000000
26.394000 0.000000
39.511500 0.000000
59.088375 0.000000
78.546000 0.000000
91.451500 0.000000
110.710375 0.000000
136.203375 0.000000
174.045375 0.000000
217.591500 0.000000
290.731500 0.000000
344.334375 0.000000
414.135375 0.000000
493.158375 0.000000
622.584375 0.000000
739.456000 0.000000
894.898375 0.000000
1056.018375 0.000000
1222.074000 0.000000
1393.893375 0.000000
1546.003375 0.000000
1639.018375 0.000000
1629.955375 0.000000
1326.795375 0.000000
542.587500 0.000000
0.000000 0.000000
0.000000 0.000000
0.000000 0.000000
0.000000 0.000000
0.000000 0.000000
0.000000 0.000000
0.000000 0.000000
0.000000 0.000000
15.909075 0.000000
31.786300 0.000000
47.631675 0.000000
79.226875 0.000000
110.694675 0.000000
142.035075 0.000000
173.248075 0.000000
235.291875 0.000000
296.826075 0.000000
342.642300 0.000000
373.027200 0.000000
463.417500 0.000000
684.376875 0.000000
912.168075 0.000000
1091.244700 0.000000
1433.250000 0.000000
1693.767075 0.000000
1996.851675 0.000000
2370.850300 0.000000
2837.452800 0.000000
3210.480000 0.000000
3578.650075 0.000000
3874.170300 0.000000
3972.825675 0.000000
3669.120000 0.000000
2470.540800 0.000000
94.976700 0.000000
0.000000 0.000000
0.000000 0.000000
0.000000 0.000000
0.000000 0.000000
0.000000 0.000000
0.000000 0.000000
0.000000 0.000000
0.000000 0.000000
0.000000 0.000000
0.000000 0.000000
0.000000 0.000000
0.000000 0.000000
0.000000 0.000000
0.000000 0.000000
0.000000 0.000000
0.000000 0.000000
0.000000 0.000000
0.000000 0.000000
0.000000 0.000000
0.000000 0.000000
0.000000 0.000000
0.000000 0.000000
0.000000 0.000000
0.000000 0.000000
0.000000 0.000000
0.000000 0.000000
0.000000 0.000000
0.000000 0.000000
0.000000 0.000000
0.000000 0.000000
0.000000 0.000000
0.000000 0.000000
0.000000 0.000000
0.000000 0.000000
0.000000 0.000000
0.000000 0.000000
0.000000 0.000000
0.000000 0.000000
0.000000 0.000000
0.000000 0.000000
0.000000 0.000000
0.000000 0.000000
0.000000 0.000000
0.000000 0.000000
0.000000 0.000000
0.000000 0.000000
0.000000 0.000000
0.000000 0.000000
0.000000 0.000000
0.000000 0.000000
0.000000 0.000000
0.000000 0.000000
0.000000 0.000000
0.000000 0.000000
0.000000 0.000000
0.000000 0.000000
0.000000 0.000000
0.000000 0.000000
0.000000 0.000000
0.000000 0.000000
0.000000 0.000000
0.000000 0.000000
0.000000 0.000000
0.000000 0.000000
0.000000 0.000000
0.000000 0.000000
0.000000 0.000000
0.000000 0.000000
0.000000 0.000000
0.000000 0.000000
0.000000 0.000000
0.000000 0.000000
0.000000 0.000000
0.000000 0.000000
0.000000 0.000000
0.000000 0.000000
0.000000 0.000000
0.000000 0.000000
0.000000 0.000000
0.000000 0.000000
0.000000 0.000000
0.000000 0.000000
0.000000 0.000000
0.000000 0.000000
0.000000 0.000000
0.000000 0.000000
0.000000 0.000000
0.000000 0.000000
0.000000 0.000000
0.000000 0.000000
0.000000 0.000000
0.000000 0.000000
0.000000 0.000000
0.000000 0.000000
0.000000 0.000000
0.000000 0.000000
0.000000 0.000000
0.000000 0.000000
