4829455.724648 0.000000
4663263.169256 0.000000
4503131.389895 0.000000
4330258.092498 0.000000
4292673.596159 0.000000
4150527.302309 0.000000
3952495.796080 0.000000
3805245.824433 0.000000
3648295.509194 0.000000
3483474.267103 0.000000
3445870.124931 0.000000
3269770.136216 0.000000
3145649.419484 0.000000
2932568.095346 0.000000
2681376.489769 0.000000
2484637.505381 0.000000
2014115.326253 0.000000
1710783.056737 0.000000
659775.860716 0.000000
773352.205437 0.000000
964647.775438 0.000000
1160428.813985 0.000000
1258128.289772 0.000000
1473323.531078 0.000000
1674561.583492 0.000000
1774456.951742 0.000000
1746841.837622 0.000000
1399108.748351 0.000000
1246053.405399 0.000000
1164225.682997 0.000000
1122210.510453 0.000000
1250441.755337 0.000000
1306659.709425 0.000000
1138847.052920 0.000000
901402.465173 0.000000
818893.429698 0.000000
549123.847552 0.000000
568609.728523 0.000000
640869.016212 0.000000
699990.718842 0.000000
762290.670640 0.000000
634686.514029 0.000000
620262.217908 0.000000
552057.884858 0.000000
421309.400808 0.000000
411995.222295 0.000000
362040.207706 0.000000
254153.700335 0.000000
119700.714438 0.000000
142202.924652 0.000000
167873.411669 0.000000
190229.510441 0.000000
204989.850222 0.000000
205172.623779 0.000000
195937.084627 0.000000
176314.894530 0.000000
168021.991805 0.000000
169759.109167 0.000000
176831.248099 0.000000
173715.443311 0.000000
111243.891963 0.000000
73011.694169 0.000000
29352.242439 0.000000
47477.183591 0.000000
75318.083728 0.000000
126901.133252 0.000000
159128.220359 0.000000
154222.402467 0.000000
169195.807232 0.000000
180087.369555 0.000000
257249.826102 0.000000
347709.297090 0.000000
428247.229166 0.000000
491877.263499 0.000000
603670.872151 0.000000
662951.940528 0.000000
720980.857746 0.000000
776576.882725 0.000000
753341.067030 0.000000
647903.201490 0.000000
485492.757155 0.000000
369773.617938 0.000000
179232.760525 0.000000
90192.951364 0.000000
101010.199092 0.000000
120319.145799 0.000000
135669.663769 0.000000
167179.451310 0.000000
186429.498948 0.000000
205903.349683 0.000000
201922.996079 0.000000
179795.167884 0.000000
145566.254176 0.000000
89515.885325 0.000000
55179.041256 0.000000
64504.648438 0.000000
79500.735747 0.000000
92491.843950 0.000000
103706.932881 0.000000
112373.815901 0.000000
115865.670232 0.000000
108980.603911 0.000000
108227.586816 0.000000
110243.430083 0.000000
106075.398591 0.000000
108277.228328 0.000000
154005.943865 0.000000
178331.859927 0.000000
219813.736866 0.000000
244573.687690 0.000000
282982.716720 0.000000
354766.729530 0.000000
442991.190682 0.000000
525556.364121 0.000000
620169.842167 0.000000
651494.287588 0.000000
655878.622653 0.000000
572713.012036 0.000000
374523.819779 0.000000
257719.467601 0.000000
297569.900771 0.000000
326953.553136 0.000000
320586.816621 0.000000
282786.404849 0.000000
175385.236206 0.000000
130593.081637 0.000000
154618.341958 0.000000
173665.056511 0.000000
179893.929765 0.000000
161854.725002 0.000000
96051.764434 0.000000
38624.951174 0.000000
14331.203101 0.000000
15333.273510 0.000000
19149.898444 0.000000
24047.761505 0.000000
28341.451359 0.000000
34598.905512 0.000000
38366.322772 0.000000
64994.501465 0.000000
88600.402899 0.000000
103695.193986 0.000000
132105.342688 0.000000
168002.463320 0.000000
190880.859844 0.000000
290920.525109 0.000000
375503.681219 0.000000
445568.755894 0.000000
568031.342544 0.000000
671525.181723 0.000000
823164.986479 0.000000
967412.307256 0.000000
1125997.447719 0.000000
1189422.983960 0.000000
1190733.588423 0.000000
1104110.312954 0.000000
769925.613172 0.000000
577318.292003 0.000000
620238.163438 0.000000
588547.098272 0.000000
421085.383963 0.000000
143648.298731 0.000000
30247.809909 0.000000
42921.667457 0.000000
50668.790258 0.000000
65340.636641 0.000000
76706.591134 0.000000
99003.746830 0.000000
112874.116610 0.000000
131780.433487 0.000000
149407.649616 0.000000
154471.662225 0.000000
147370.746114 0.000000
111843.258932 0.000000
15746.514697 0.000000
0.000000 0.000000
0.000000 0.000000
0.000000 0.000000
0.000000 0.000000
0.000000 0.000000
0.000000 0.000000
0.000000 0.000000
0.000000 0.000000
0.000000 0.000000
0.000000 0.000000
0.000000 0.000000
4.126265 0.000000
8.211060 0.000000
12.254385 0.000000
16.256240 0.000000
22.592178 0.000000
26.502236 0.000000
36.522601 0.000000
50.002331 0.000000
60.775210 0.000000
74.528077 0.000000
91.233879 0.000000
130.652085 0.000000
141.729281 0.000000
166.193364 0.000000
200.810101 0.000000
242.061918 0.000000
269.119485 0.000000
278.854179 0.000000
258.901795 0.000000
182.187451 0.000000
187.261349 0.000000
74.479980 0.000000
68.122936 0.000000
82.421461 0.000000
107.166262 0.000000
135.358401 0.000000
171.181984 0.000000
198.540403 0.000000
227.344013 0.000000
264.371201 0.000000
294.583489 0.000000
302.473847 0.000000
267.465124 0.000000
163.436426 0.000000
163.423103 0.000000
158.650642 0.000000
117.559240 0.000000
38.605506 0.000000
33.638221 0.000000
43.431829 0.000000
48.940623 0.000000
55.555715 0.000000
65.224495 0.000000
73.913841 0.000000
80.439149 0.000000
78.940322 0.000000
68.808003 0.000000
38.668278 0.000000
23.181930 0.000000
26.526314 0.000000
31.297408 0.000000
33.860617 0.000000
33.693092 0.000000
25.781261 0.000000
18.132717 0.000000
10.043997 0.000000
3.087872 0.000000
3.654400 0.000000
4.216320 0.000000
4.880128 0.000000
5.109760 0.000000
4.711168 0.000000
2.716032 0.000000
0.050688 0.000000
0.075648 0.000000
0.148864 0.000000
0.196096 0.000000
0.259424 0.000000
0.324896 0.000000
0.408224 0.000000
0.506336 0.000000
0.608640 0.000000
0.734720 0.000000
0.910144 0.000000
1.001280 0.000000
1.049152 0.000000
0.986144 0.000000
0.691936 0.000000
0.450784 0.000000
0.031200 0.000000
0.000000 0.000000
0.000000 0.000000
0.000000 0.000000
0.000000 0.000000
0.000000 0.000000
0.000000 0.000000
0.000000 0.000000
0.000000 0.000000
0.000000 0.000000
0.000000 0.000000
0.000000 0.000000
0.000000 0.000000
0.000000 0.000000
0.000000 0.000000
0.000000 0.000000
0.000000 0.000000
0.000000 0.000000
0.000000 0.000000
0.000000 0.000000
0.000000 0.000000
0.000000 0.000000
0.000000 0.000000
0.000000 0.000000
0.000000 0.000000
0.000000 0.000000
0.000000 0.000000
0.000000 0.000000
0.000000 0.000000
0.000000 0.000000
0.000000 0.000000
0.000000 0.000000
0.000000 0.000000
0.000000 0.000000
0.000000 0.000000
0.000000 0.000000
0.000000 0.000000
0.000000 0.000000
0.000000 0.000000
0.000000 0.000000
0.000000 0.000000
0.000000 0.000000
0.000000 0.000000
0.000000 0.000000
0.000000 0.000000
0.000000 0.000000
0.000000 0.000000
0.000000 0.000000
0.000000 0.000000
0.000000 0.000000
0.000000 0.000000
0.000000 0.000000
0.000000 0.000000
0.000000 0.000000
0.000000 0.000000
0.000000 0.000000
0.000000 0.000000
0.000000 0.000000
0.000000 0.000000
0.000000 0.000000
0.000000 0.000000
0.000000 0.000000
0.000000 0.000000
0.000000 0.000000
0.000000 0.000000
0.000000 0.000000
0.000000 0.000000
0.000000 0.000000
0.000000 0.000000
0.000000 0.000000
0.000000 0.000000
0.000000 0.000000
0.000000 0.000000
0.000000 0.000000
0.000000 0.000000
0.000000 0.000000
0.000000 0.000000
0.000000 0.000000
0.000000 0.000000
0.000000 0.000000
0.000000 0.000000
0.000000 0.000000
0.000000 0.000000
0.000000 0.000000
0.000000 0.000000
0.000000 0.000000
0.000000 0.000000
0.000000 0.000000
0.000000 0.000000
0.000000 0.000000
0.000000 0.000000
0.000000 0.000000
0.000000 0.000000
0.000000 0.000000
0.000000 0.000000
0.000000 0.000000
0.000000 0.000000
0.000000 0.000000
0.000000 0.000000
14501.611690 0.000000
28857.478539 0.000000
43067.600547 0.000000
57131.977713 0.000000
71050.610039 0.000000
105191.339031 0.000000
138384.726558 0.000000
164108.690945 0.000000
219746.783945 0.000000
288829.838522 0.000000
317705.535074 0.000000
383691.511841 0.000000
471320.597487 0.000000
544284.108537 0.000000
632587.264244 0.000000
671039.026078 0.000000
667114.561079 0.000000
596869.001666 0.000000
388397.648570 0.000000
364961.907706 0.000000
325073.013603 0.000000
200789.671858 0.000000
100384.010318 0.000000
130939.745256 0.000000
152196.643227 0.000000
171770.806282 0.000000
180862.817688 0.000000
173203.033729 0.000000
134285.888229 0.000000
55018.943542 0.000000
66033.621092 0.000000
75393.452777 0.000000
84785.995093 0.000000
89433.488671 0.000000
86596.316700 0.000000
78996.421577 0.000000
84480.155155 0.000000
90491.519794 0.000000
86763.062447 0.000000
67138.857071 0.000000
20269.235644 0.000000
24.650727 0.000000
49.053708 0.000000
97.116432 0.000000
120.776175 0.000000
167.352423 0.000000
190.268928 0.000000
224.148284 0.000000
279.333791 0.000000
1458.548163 0.000000
2593.034648 0.000000
3839.953637 0.000000
6059.294902 0.000000
9862.193125 0.000000
12056.452509 0.000000
12702.236484 0.000000
16800.492087 0.000000
22464.682543 0.000000
28089.488722 0.000000
38852.487960 0.000000
33431.610899 0.000000
39899.607747 0.000000
47011.127225 0.000000
52380.666443 0.000000
54850.439964 0.000000
51479.412335 0.000000
39154.747143 0.000000
19553.777486 0.000000
1500.481881 0.000000
0.000000 0.000000
0.000000 0.000000
0.000000 0.000000
0.000000 0.000000
0.000000 0.000000
0.000000 0.000000
0.000000 0.000000
0.000000 0.000000
0.000000 0.000000
0.000000 0.000000
0.000000 0.000000
0.000000 0.000000
0.000000 0.000000
0.000000 0.000000
0.000000 0.000000
0.000000 0.000000
0.000000 0.000000
0.000000 0.000000
0.000000 0.000000
0.000000 0.000000
0.000000 0.000000
0.000000 0.000000
0.000000 0.000000
0.000000 0.000000
0.000000 0.000000
0.000000 0.000000
0.000000 0.000000
0.000000 0.000000
0.000000 0.000000
0.000000 0.000000
0.000000 0.000000
0.000000 0.000000
0.000000 0.000000
19.623589 0.000000
39.049956 0.000000
58.279101 0.000000
96.145725 0.000000
151.466496 0.000000
222.466416 0.000000
290.310784 0.000000
386.160676 0.000000
431.423125 0.000000
523.377951 0.000000
636.780711 0.000000
708.224520 0.000000
811.987977 0.000000
887.745826 0.000000
967.226126 0.000000
919.140244 0.000000
665.289705 0.000000
355.736511 0.000000
398.977068 0.000000
442.636464 0.000000
473.032512 0.000000
464.428244 0.000000
374.136722 0.000000
255.926274 0.000000
264.110738 0.000000
241.850165 0.000000
143.353811 0.000000
22.575660 0.000000
0.000000 0.000000
0.000000 0.000000
0.000000 0.000000
0.000000 0.000000
0.000000 0.000000
0.000000 0.000000
0.000000 0.000000
0.000000 0.000000
0.000000 0.000000
0.000000 0.000000
0.000000 0.000000
0.000000 0.000000
0.000000 0.000000
0.000000 0.000000
0.000000 0.000000
0.000000 0.000000
0.000000 0.000000
0.000000 0.000000
0.000000 0.000000
0.000000 0.000000
0.000000 0.000000
0.000000 0.000000
0.000000 0.000000
0.000000 0.000000
0.000000 0.000000
0.000000 0.000000
0.000000 0.000000
0.000000 0.000000
0.000000 0.000000
0.000000 0.000000
0.000000 0.000000
0.000000 0.000000
0.000000 0.000000
0.000000 0.000000
0.000000 0.000000
0.000000 0.000000
0.000000 0.000000
0.000000 0.000000
0.000000 0.000000
0.000000 0.000000
0.000000 0.000000
0.000000 0.000000
0.000000 0.000000
0.000000 0.000000
0.000000 0.000000
0.000000 0.000000
0.000000 0.000000
0.000000 0.000000
0.000000 0.000000
0.000000 0.000000
0.000000 0.000000
0.000000 0.000000
0.000000 0.000000
0.000000 0.000000
0.000000 0.000000
0.000000 0.000000
0.000000 0.000000
0.000000 0.000000
0.000000 0.000000
0.000000 0.000000
0.000000 0.000000
0.000000 0.000000
0.000000 0.000000
0.000000 0.000000
0.000000 0.000000
0.000000 0.000000
0.000000 0.000000
0.000000 0.000000
0.000000 0.000000
0.000000 0.000000
0.000000 0.000000
0.000000 0.000000
0.000000 0.000000
0.000000 0.000000
0.000000 0.000000
0.000000 0.000000
0.000000 0.000000
0.000000 0.000000
0.000000 0.000000
0.000000 0.000000
0.000000 0.000000
0.000000 0.000000
0.000000 0.000000
0.000000 0.000000
0.000000 0.000000
0.000000 0.000000
0.000000 0.000000
0.000000 0.000000
0.000000 0.000000
0.000000 0.000000
0.000000 0.000000
0.000000 0.000000
0.000000 0.000000
0.000000 0.000000
0.000000 0.000000
0.000000 0.000000
0.000000 0.000000
0.000000 0.000000
0.000000 0.000000
0.000000 0.000000
0.000000 0.000000
0.000000 0.000000
0.000000 0.000000
0.000000 0.000000
0.000000 0.000000
0.000000 0.000000
0.000000 0.000000
0.000000 0.000000
0.000000 0.000000
0.000000 0.000000
0.000000 0.000000
0.000000 0.000000
0.000000 0.000000
0.000000 0.000000
0.000000 0.000000
0.000000 0.000000
0.000000 0.000000
0.000000 0.000000
0.000000 0.000000
0.000000 0.000000
0.000000 0.000000
0.000000 0.000000
0.000000 0.000000
0.000000 0.000000
0.000000 0.000000
0.000000 0.000000
0.000000 0.000000
0.000000 0.000000
0.000000 0.000000
0.000000 0.000000
0.000000 0.000000
0.000000 0.000000
0.000000 0.000000
0.000000 0.000000
0.000000 0.000000
0.000000 0.000000
0.000000 0.000000
0.000000 0.000000
0.000000 0.000000
0.000000 0.000000
0.000000 0.000000
0.000000 0.000000
0.000000 0.000000
0.000000 0.000000
0.000000 0.000000
0.000000 0.000000
0.000000 0.000000
0.000000 0.000000
0.000000 0.000000
0.000000 0.000000
0.000000 0.000000
0.000000 0.000000
0.000000 0.000000
0.000000 0.000000
0.000000 0.000000
0.000000 0.000000
0.000000 0.000000
0.000000 0.000000
0.000000 0.000000
0.000000 0.000000
0.000000 0.000000
0.000000 0.000000
0.000000 0.000000
0.000000 0.000000
0.000000 0.000000
0.000000 0.000000
0.000000 0.000000
0.000000 0.000000
0.000000 0.000000
0.000000 0.000000
0.000000 0.000000
0.000000 0.000000
0.000000 0.000000
0.000000 0.000000
0.000000 0.000000
0.000000 0.000000
0.000000 0.000000
0.000000 0.000000
0.000000 0.000000
0.000000 0.000000
0.000000 0.000000
0.000000 0.000000
0.000000 0.000000
0.000000 0.000000
0.000000 0.000000
0.000000 0.000000
0.000000 0.000000
0.000000 0.000000
0.000000 0.000000
0.000000 0.000000
0.000000 0.000000
0.000000 0.000000
0.000000 0.000000
0.000000 0.000000
0.000000 0.000000
0.000000 0.000000
0.000000 0.000000
0.000000 0.000000
0.000000 0.000000
0.000000 0.000000
0.000000 0.000000
0.000000 0.000000
0.000000 0.000000
0.000000 0.000000
0.000000 0.000000
0.000000 0.000000
0.000000 0.000000
0.000000 0.000000
0.000000 0.000000
0.000000 0.000000
0.000000 0.000000
0.000000 0.000000
0.000000 0.000000
0.000000 0.000000
3475.029267 0.000000
3475.029267 0.000000
8617.723284 0.000000
15358.232315 0.000000
17008.434608 0.000000
21924.116667 0.000000
29948.116365 0.000000
39325.946591 0.000000
49829.593700 0.000000
65362.412536 0.000000
88622.353094 0.000000
107355.151279 0.000000
127401.977738 0.000000
140188.983493 0.000000
156437.605818 0.000000
164974.348182 0.000000
163978.310811 0.000000
135973.507176 0.000000
77747.233557 0.000000
49438.404376 0.000000
7096.306461 0.000000
8468.200777 0.000000
11326.586945 0.000000
15275.285230 0.000000
19542.731074 0.000000
21509.855744 0.000000
26582.341330 0.000000
33398.129790 0.000000
38055.478294 0.000000
40208.903003 0.000000
40270.505703 0.000000
33624.937144 0.000000
26344.155657 0.000000
28188.901528 0.000000
29442.828917 0.000000
28310.346261 0.000000
20337.096379 0.000000
14252.677614 0.000000
17286.159389 0.000000
20528.846964 0.000000
23160.338473 0.000000
24772.344029 0.000000
25137.037592 0.000000
19542.250867 0.000000
11257.751496 0.000000
3397.713644 0.000000
334.263461 0.000000
0.000000 0.000000
0.000000 0.000000
0.000000 0.000000
0.000000 0.000000
0.000000 0.000000
0.000000 0.000000
0.000000 0.000000
0.000000 0.000000
0.000000 0.000000
0.000000 0.000000
0.000000 0.000000
0.000000 0.000000
0.000000 0.000000
0.000000 0.000000
0.000000 0.000000
0.000000 0.000000
0.000000 0.000000
0.000000 0.000000
0.000000 0.000000
0.000000 0.000000
0.000000 0.000000
0.000000 0.000000
0.000000 0.000000
0.000000 0.000000
0.000000 0.000000
0.000000 0.000000
0.000000 0.000000
0.000000 0.000000
0.000000 0.000000
0.000000 0.000000
0.000000 0.000000
0.000000 0.000000
0.000000 0.000000
0.000000 0.000000
0.000000 0.000000
0.000000 0.000000
0.000000 0.000000
0.000000 0.000000
0.000000 0.000000
0.000000 0.000000
0.000000 0.000000
0.000000 0.000000
0.000000 0.000000
0.000000 0.000000
0.000000 0.000000
0.000000 0.000000
0.000000 0.000000
0.000000 0.000000
0.000000 0.000000
0.000000 0.000000
0.000000 0.000000
0.000000 0.000000
0.000000 0.000000
0.000000 0.000000
0.000000 0.000000
0.000000 0.000000
0.000000 0.000000
0.000000 0.000000
0.000000 0.000000
0.000000 0.000000
0.000000 0.000000
0.000000 0.000000
0.000000 0.000000
0.000000 0.000000
0.000000 0.000000
0.000000 0.000000
0.000000 0.000000
0.000000 0.000000
0.000000 0.000000
0.000000 0.000000
0.000000 0.000000
0.000000 0.000000
0.000000 0.000000
0.000000 0.000000
0.000000 0.000000
0.000000 0.000000
0.000000 0.000000
0.000000 0.000000
0.000000 0.000000
0.000000 0.000000
0.000000 0.000000
0.000000 0.000000
0.000000 0.000000
0.000000 0.000000
0.000000 0.000000
0.000000 0.000000
0.000000 0.000000
0.000000 0.000000
0.000000 0.000000
0.000000 0.000000
0.000000 0.000000
0.000000 0.000000
0.000000 0.000000
0.000000 0.000000
0.000000 0.000000
0.000000 0.000000
0.000000 0.000000
0.000000 0.000000
0.000000 0.000000
0.000000 0.000000
0.000000 0.000000
0.000000 0.000000
0.000000 0.000000
0.000000 0.000000
0.000000 0.000000
0.000000 0.000000
0.000000 0.000000
0.000000 0.000000
0.000000 0.000000
0.000000 0.000000
0.000000 0.000000
0.000000 0.000000
0.000000 0.000000
0.000000 0.000000
0.000000 0.000000
0.000000 0.000000
0.000000 0.000000
0.000000 0.000000
0.734907 0.000000
1.462428 0.000000
2.182563 0.000000
2.895312 0.000000
3.600675 0.000000
5.672448 0.000000
6.682574 0.000000
9.932409 0.000000
12.094739 0.000000
16.674339 0.000000
20.408946 0.000000
24.372545 0.000000
29.348955 0.000000
33.528456 0.000000
35.898005 0.000000
34.348136 0.000000
23.571030 0.000000
12.445732 0.000000
3.461250 0.000000
0.000000 0.000000
0.000000 0.000000
0.000000 0.000000
0.000000 0.000000
0.000000 0.000000
0.000000 0.000000
0.000000 0.000000
0.000000 0.000000
0.000000 0.000000
0.000000 0.000000
0.000000 0.000000
0.000000 0.000000
0.000000 0.000000
0.000000 0.000000
0.000000 0.000000
0.000000 0.000000
0.000000 0.000000
0.000000 0.000000
0.000000 0.000000
0.000000 0.000000
0.000000 0.000000
0.000000 0.000000
0.000000 0.000000
0.000000 0.000000
0.000000 0.000000
0.000000 0.000000
0.000000 0.000000
0.000000 0.000000
0.000000 0.000000
0.000000 0.000000
0.000000 0.000000
0.000000 0.000000
0.000000 0.000000
0.000000 0.000000
0.000000 0.000000
0.000000 0.000000
0.000000 0.000000
0.000000 0.000000
0.000000 0.000000
0.000000 0.000000
0.000000 0.000000
0.000000 0.000000
0.000000 0.000000
0.000000 0.000000
0.000000 0.000000
0.000000 0.000000
0.000000 0.000000
0.000000 0.000000
0.000000 0.000000
0.000000 0.000000
0.000000 0.000000
0.000000 0.000000
0.215915 0.000000
0.429660 0.000000
0.850640 0.000000
1.262940 0.000000
1.666560 0.000000
2.255715 0.000000
2.637635 0.000000
3.284921 0.000000
3.905075 0.000000
4.986338 0.000000
5.900025 0.000000
7.307931 0.000000
8.480131 0.000000
9.818987 0.000000
10.502027 0.000000
10.347379 0.000000
8.449161 0.000000
5.128213 0.000000
5.144393 0.000000
5.397778 0.000000
5.146290 0.000000
3.738445 0.000000
1.465129 0.000000
1.727146 0.000000
2.108061 0.000000
2.469394 0.000000
2.665990 0.000000
2.759601 0.000000
2.512117 0.000000
1.950428 0.000000
0.925548 0.000000
0.000000 0.000000
0.000000 0.000000
0.000000 0.000000
0.000000 0.000000
0.000000 0.000000
0.000000 0.000000
0.000000 0.000000
0.000000 0.000000
0.000000 0.000000
0.000000 0.000000
0.000000 0.000000
0.000000 0.000000
0.000000 0.000000
0.000000 0.000000
0.000000 0.000000
0.000000 0.000000
0.000000 0.000000
0.000000 0.000000
0.000000 0.000000
0.000000 0.000000
0.000000 0.000000
0.000000 0.000000
0.000000 0.000000
0.000000 0.000000
0.000000 0.000000
