192572.586455 0.000000
185546.159724 0.000000
186933.833147 0.000000
176957.886808 0.000000
161138.889568 0.000000
151956.542047 0.000000
150987.057056 0.000000
140687.320050 0.000000
140175.439007 0.000000
142814.377767 0.000000
159504.286598 0.000000
152069.499031 0.000000
149641.211379 0.000000
140701.865074 0.000000
139753.540916 0.000000
136328.436288 0.000000
126209.591320 0.000000
125970.378830 0.000000
126816.755517 0.000000
119519.718231 0.000000
134103.743351 0.000000
145338.253884 0.000000
136228.413062 0.000000
138980.125868 0.000000
134857.698157 0.000000
126708.844182 0.000000
112880.276573 0.000000
90726.744769 0.000000
96319.421410 0.000000
95273.485789 0.000000
98376.582027 0.000000
90552.626448 0.000000
73677.997923 0.000000
76833.404268 0.000000
69626.524793 0.000000
52783.023295 0.000000
52083.824612 0.000000
64872.060216 0.000000
73124.562926 0.000000
78250.765221 0.000000
88893.853596 0.000000
90308.206743 0.000000
91194.427494 0.000000
59162.752925 0.000000
64800.246643 0.000000
80421.931645 0.000000
94902.017763 0.000000
86623.252832 0.000000
94137.295654 0.000000
90591.004198 0.000000
86935.451226 0.000000
80194.141712 0.000000
69806.981776 0.000000
3133.924521 0.000000
6107.134963 0.000000
8919.631328 0.000000
8919.631328 0.000000
14062.481823 0.000000
20571.401981 0.000000
26999.965100 0.000000
31821.387439 0.000000
35288.450018 0.000000
35113.678212 0.000000
24983.721599 0.000000
24134.397651 0.000000
32590.763116 0.000000
36545.402692 0.000000
45138.045620 0.000000
59975.661519 0.000000
67179.104357 0.000000
52757.932173 0.000000
29497.568847 0.000000
2077.849967 0.000000
38.560956 0.000000
81.038771 0.000000
4044.492778 0.000000
7911.839053 0.000000
11538.318418 0.000000
19601.122816 0.000000
25594.119339 0.000000
33829.823280 0.000000
45475.121316 0.000000
58470.298819 0.000000
67400.431666 0.000000
73402.836317 0.000000
69587.876032 0.000000
66035.477914 0.000000
54717.455896 0.000000
15634.473105 0.000000
20079.308920 0.000000
28310.652435 0.000000
33196.541364 0.000000
41714.597873 0.000000
47418.053611 0.000000
47040.929940 0.000000
42760.309787 0.000000
33759.363179 0.000000
28318.164526 0.000000
36118.296155 0.000000
47623.320916 0.000000
51282.487351 0.000000
32756.742614 0.000000
19372.468771 0.000000
19774.810381 0.000000
22091.020552 0.000000
27538.160217 0.000000
31515.525220 0.000000
20894.576922 0.000000
23781.333245 0.000000
25726.184903 0.000000
23304.946354 0.000000
15914.120445 0.000000
16032.897874 0.000000
21356.341909 0.000000
25304.941085 0.000000
17312.163702 0.000000
20498.283351 0.000000
21252.112956 0.000000
24354.516408 0.000000
25416.420141 0.000000
25098.060033 0.000000
21162.003483 0.000000
12433.601303 0.000000
15239.297296 0.000000
15003.420024 0.000000
20008.287181 0.000000
22767.029866 0.000000
30393.555896 0.000000
31771.136209 0.000000
38188.757187 0.000000
30627.654352 0.000000
18605.485706 0.000000
5300.315254 0.000000
113.853012 0.000000
2076.549239 0.000000
3936.941720 0.000000
6283.378527 0.000000
7915.879742 0.000000
11409.964227 0.000000
14394.043192 0.000000
20636.358891 0.000000
23757.671385 0.000000
25609.105201 0.000000
23426.164467 0.000000
19053.260460 0.000000
20680.409225 0.000000
26782.191271 0.000000
29545.697141 0.000000
31800.536952 0.000000
32750.690458 0.000000
29775.471626 0.000000
9420.544280 0.000000
0.000000 0.000000
0.000000 0.000000
0.000000 0.000000
0.000000 0.000000
9.143901 0.000000
17.818884 0.000000
26.024949 0.000000
64.128175 0.000000
89.584471 0.000000
103.753055 0.000000
113.701376 0.000000
120.400952 0.000000
118.224768 0.000000
99.887998 0.000000
89.826551 0.000000
0.000000 0.000000
0.000000 0.000000
72.674121 0.000000
141.621364 0.000000
148.937496 0.000000
217.330834 0.000000
336.025433 0.000000
420.469913 0.000000
443.316430 0.000000
553.758727 0.000000
665.590367 0.000000
2645.638842 0.000000
4413.434809 0.000000
5869.716790 0.000000
5844.548435 0.000000
5623.845395 0.000000
22.773366 0.000000
29.575800 0.000000
36.969750 0.000000
650.096497 0.000000
3150.686884 0.000000
5487.087197 0.000000
7173.591361 0.000000
9249.853493 0.000000
12137.711947 0.000000
13431.895234 0.000000
17070.205626 0.000000
18542.360942 0.000000
21331.913791 0.000000
22182.683667 0.000000
18722.809404 0.000000
11798.865339 0.000000
143.888661 0.000000
164.893089 0.000000
178.785809 0.000000
222.944736 0.000000
249.903178 0.000000
236.175843 0.000000
180.026144 0.000000
160.923671 0.000000
163.073757 0.000000
155.631279 0.000000
97.373031 0.000000
60.821981 0.000000
14.016744 0.000000
0.000000 0.000000
0.000000 0.000000
0.000000 0.000000
2590.131102 0.000000
5047.434968 0.000000
5047.434968 0.000000
9563.560992 0.000000
11622.383150 0.000000
15341.545758 0.000000
19924.085400 0.000000
24187.936880 0.000000
24919.492693 0.000000
26332.573203 0.000000
26028.944325 0.000000
26028.944325 0.000000
21287.659753 0.000000
11786.814061 0.000000
233.162960 0.000000
291.453700 0.000000
300.070592 0.000000
307.673732 0.000000
336.058788 0.000000
365.204158 0.000000
304.885914 0.000000
210.606978 0.000000
194.386946 0.000000
139.644338 0.000000
0.000000 0.000000
0.000000 0.000000
0.000000 0.000000
0.000000 0.000000
0.000000 0.000000
0.000000 0.000000
0.000000 0.000000
0.000000 0.000000
0.000000 0.000000
0.000000 0.000000
0.000000 0.000000
2545.414443 0.000000
4960.294812 0.000000
7244.641107 0.000000
9398.453328 0.000000
13314.475548 0.000000
16708.361472 0.000000
18209.503323 0.000000
21929.724432 0.000000
25519.411467 0.000000
26106.924777 0.000000
25519.654572 0.000000
13314.845983 0.000000
8.098935 0.000000
15.782540 0.000000
23.050815 0.000000
36.341375 0.000000
47.970615 0.000000
68.010296 0.000000
708.106711 0.000000
1309.886310 0.000000
1872.517685 0.000000
2386.332364 0.000000
3322.100960 0.000000
4161.661041 0.000000
5185.819812 0.000000
5917.361792 0.000000
6437.569422 0.000000
5706.027442 0.000000
3756.818499 0.000000
0.000000 0.000000
0.000000 0.000000
0.000000 0.000000
0.000000 0.000000
0.000000 0.000000
0.000000 0.000000
0.000000 0.000000
0.000000 0.000000
0.000000 0.000000
0.000000 0.000000
0.000000 0.000000
0.000000 0.000000
0.000000 0.000000
0.000000 0.000000
0.000000 0.000000
0.000000 0.000000
0.000000 0.000000
0.000000 0.000000
0.000000 0.000000
0.000000 0.000000
0.000000 0.000000
0.000000 0.000000
0.000000 0.000000
0.000000 0.000000
0.000000 0.000000
0.000000 0.000000
28.600767 0.000000
55.734828 0.000000
81.402183 0.000000
128.336775 0.000000
149.604012 0.000000
169.404543 0.000000
187.738368 0.000000
787.832216 0.000000
1382.357833 0.000000
1926.355519 0.000000
1928.153748 0.000000
2435.037532 0.000000
2421.717153 0.000000
2400.989701 0.000000
3194.665311 0.000000
3205.979444 0.000000
3603.702918 0.000000
3942.984587 0.000000
1740.749044 0.000000
79.044995 0.000000
84.993287 0.000000
82.005436 0.000000
67.420328 0.000000
6.431511 0.000000
0.000000 0.000000
0.000000 0.000000
0.000000 0.000000
0.000000 0.000000
0.000000 0.000000
0.000000 0.000000
0.000000 0.000000
0.000000 0.000000
0.000000 0.000000
0.000000 0.000000
0.000000 0.000000
0.000000 0.000000
0.000000 0.000000
0.000000 0.000000
0.000000 0.000000
0.000000 0.000000
0.000000 0.000000
0.000000 0.000000
0.000000 0.000000
0.000000 0.000000
0.000000 0.000000
0.000000 0.000000
0.000000 0.000000
0.000000 0.000000
0.000000 0.000000
0.000000 0.000000
0.000000 0.000000
0.000000 0.000000
0.000000 0.000000
0.000000 0.000000
0.000000 0.000000
0.000000 0.000000
0.000000 0.000000
0.000000 0.000000
0.000000 0.000000
0.000000 0.000000
0.000000 0.000000
0.000000 0.000000
0.000000 0.000000
0.000000 0.000000
0.000000 0.000000
0.000000 0.000000
0.000000 0.000000
0.000000 0.000000
0.000000 0.000000
0.000000 0.000000
0.000000 0.000000
0.000000 0.000000
0.000000 0.000000
0.000000 0.000000
0.000000 0.000000
0.000000 0.000000
0.000000 0.000000
0.000000 0.000000
0.000000 0.000000
0.000000 0.000000
0.000000 0.000000
0.000000 0.000000
0.000000 0.000000
0.000000 0.000000
0.000000 0.000000
0.000000 0.000000
0.000000 0.000000
0.000000 0.000000
0.000000 0.000000
0.000000 0.000000
643.316895 0.000000
1253.643180 0.000000
1830.978855 0.000000
2375.323920 0.000000
2886.678375 0.000000
3365.042220 0.000000
3810.415455 0.000000
4948.591500 0.000000
5789.852055 0.000000
6185.739375 0.000000
6532.140780 0.000000
6449.664255 0.000000
4948.591500 0.000000
4350.334065 0.000000
1804.522753 0.000000
1723.337049 0.000000
2716.972825 0.000000
3586.404129 0.000000
3974.543104 0.000000
4657.667700 0.000000
5822.084625 0.000000
6526.639955 0.000000
5718.432343 0.000000
1773.183270 0.000000
0.000000 0.000000
0.000000 0.000000
0.000000 0.000000
0.000000 0.000000
0.000000 0.000000
0.000000 0.000000
0.000000 0.000000
0.000000 0.000000
0.000000 0.000000
0.000000 0.000000
0.000000 0.000000
0.000000 0.000000
0.000000 0.000000
0.000000 0.000000
0.000000 0.000000
0.000000 0.000000
0.000000 0.000000
0.000000 0.000000
0.000000 0.000000
0.000000 0.000000
0.000000 0.000000
0.000000 0.000000
0.000000 0.000000
0.000000 0.000000
0.000000 0.000000
0.000000 0.000000
0.000000 0.000000
0.000000 0.000000
0.000000 0.000000
0.000000 0.000000
0.000000 0.000000
0.000000 0.000000
0.000000 0.000000
0.000000 0.000000
0.000000 0.000000
0.000000 0.000000
0.000000 0.000000
0.000000 0.000000
0.000000 0.000000
0.000000 0.000000
0.000000 0.000000
0.000000 0.000000
0.000000 0.000000
0.000000 0.000000
0.000000 0.000000
0.000000 0.000000
0.000000 0.000000
0.000000 0.000000
0.000000 0.000000
0.000000 0.000000
0.000000 0.000000
0.000000 0.000000
0.000000 0.000000
0.000000 0.000000
0.000000 0.000000
0.000000 0.000000
0.000000 0.000000
0.000000 0.000000
0.000000 0.000000
0.000000 0.000000
0.000000 0.000000
0.000000 0.000000
0.000000 0.000000
0.000000 0.000000
0.000000 0.000000
0.000000 0.000000
0.000000 0.000000
0.000000 0.000000
0.000000 0.000000
0.000000 0.000000
0.000000 0.000000
0.000000 0.000000
0.000000 0.000000
0.000000 0.000000
0.000000 0.000000
0.000000 0.000000
0.000000 0.000000
0.000000 0.000000
0.000000 0.000000
0.000000 0.000000
0.000000 0.000000
0.000000 0.000000
15.915315 0.000000
31.014460 0.000000
45.297435 0.000000
58.764240 0.000000
83.249340 0.000000
122.425500 0.000000
137.116560 0.000000
159.561235 0.000000
160.581450 0.000000
136.708491 0.000000
81.617056 0.000000
35.707525 0.000000
44.379366 0.000000
52.030989 0.000000
70.802949 0.000000
77.842422 0.000000
75.087792 0.000000
63.457293 0.000000
34.279056 0.000000
37.696765 0.000000
40.553349 0.000000
40.757389 0.000000
40.145261 0.000000
36.472501 0.000000
29.535069 0.000000
5.866189 0.000000
0.000000 0.000000
0.000000 0.000000
0.000000 0.000000
0.000000 0.000000
0.000000 0.000000
0.000000 0.000000
0.000000 0.000000
0.000000 0.000000
0.000000 0.000000
0.000000 0.000000
0.000000 0.000000
0.000000 0.000000
0.000000 0.000000
0.000000 0.000000
0.000000 0.000000
0.000000 0.000000
0.000000 0.000000
0.000000 0.000000
0.000000 0.000000
0.000000 0.000000
0.000000 0.000000
0.000000 0.000000
0.000000 0.000000
0.000000 0.000000
0.000000 0.000000
0.000000 0.000000
0.000000 0.000000
0.000000 0.000000
0.000000 0.000000
0.000000 0.000000
0.000000 0.000000
0.000000 0.000000
0.000000 0.000000
0.000000 0.000000
0.000000 0.000000
0.000000 0.000000
0.000000 0.000000
0.000000 0.000000
0.000000 0.000000
0.000000 0.000000
0.000000 0.000000
0.000000 0.000000
0.000000 0.000000
0.000000 0.000000
0.000000 0.000000
0.000000 0.000000
0.000000 0.000000
0.000000 0.000000
0.000000 0.000000
0.000000 0.000000
0.000000 0.000000
0.000000 0.000000
616.747092 0.000000
1201.866128 0.000000
1755.357108 0.000000
2277.220032 0.000000
4207.385250 0.000000
5106.578340 0.000000
5923.640983 0.000000
6658.573178 0.000000
8510.298282 0.000000
8696.779064 0.000000
9224.157289 0.000000
9787.964183 0.000000
8811.528261 0.000000
5560.389642 0.000000
4055.440879 0.000000
0.000000 0.000000
0.000000 0.000000
0.000000 0.000000
0.000000 0.000000
0.000000 0.000000
0.000000 0.000000
0.000000 0.000000
0.000000 0.000000
0.000000 0.000000
0.000000 0.000000
0.000000 0.000000
0.000000 0.000000
0.000000 0.000000
0.000000 0.000000
0.000000 0.000000
0.000000 0.000000
0.000000 0.000000
0.000000 0.000000
0.000000 0.000000
0.000000 0.000000
0.000000 0.000000
0.000000 0.000000
0.000000 0.000000
0.000000 0.000000
0.000000 0.000000
0.000000 0.000000
0.000000 0.000000
0.000000 0.000000
0.000000 0.000000
0.000000 0.000000
0.000000 0.000000
0.000000 0.000000
0.000000 0.000000
0.000000 0.000000
0.000000 0.000000
0.000000 0.000000
0.000000 0.000000
0.000000 0.000000
0.000000 0.000000
0.000000 0.000000
0.000000 0.000000
0.000000 0.000000
0.000000 0.000000
0.000000 0.000000
0.000000 0.000000
0.000000 0.000000
0.000000 0.000000
0.000000 0.000000
0.000000 0.000000
0.000000 0.000000
0.000000 0.000000
0.000000 0.000000
0.000000 0.000000
0.000000 0.000000
0.000000 0.000000
0.000000 0.000000
0.000000 0.000000
0.000000 0.000000
0.000000 0.000000
0.000000 0.000000
0.000000 0.000000
0.000000 0.000000
0.000000 0.000000
0.000000 0.000000
0.000000 0.000000
0.000000 0.000000
0.000000 0.000000
0.000000 0.000000
0.000000 0.000000
0.000000 0.000000
614.660865 0.000000
1197.800660 0.000000
1197.800660 0.000000
2269.517040 0.000000
2758.093625 0.000000
3215.149140 0.000000
4034.696960 0.000000
4397.189265 0.000000
5027.610665 0.000000
5736.834740 0.000000
6052.045440 0.000000
6288.453465 0.000000
6052.045440 0.000000
5027.610665 0.000000
2758.093625 0.000000
0.000000 0.000000
0.000000 0.000000
0.000000 0.000000
0.000000 0.000000
0.000000 0.000000
0.000000 0.000000
0.000000 0.000000
0.000000 0.000000
0.000000 0.000000
0.000000 0.000000
0.000000 0.000000
0.000000 0.000000
0.000000 0.000000
0.000000 0.000000
0.000000 0.000000
0.000000 0.000000
0.000000 0.000000
0.000000 0.000000
0.000000 0.000000
0.000000 0.000000
0.000000 0.000000
0.000000 0.000000
0.000000 0.000000
0.000000 0.000000
0.000000 0.000000
0.000000 0.000000
0.000000 0.000000
0.000000 0.000000
0.000000 0.000000
0.000000 0.000000
0.000000 0.000000
0.000000 0.000000
0.000000 0.000000
0.000000 0.000000
0.000000 0.000000
0.000000 0.000000
0.000000 0.000000
0.000000 0.000000
0.000000 0.000000
0.000000 0.000000
0.000000 0.000000
0.000000 0.000000
0.000000 0.000000
0.000000 0.000000
0.000000 0.000000
0.000000 0.000000
0.000000 0.000000
0.000000 0.000000
0.000000 0.000000
0.000000 0.000000
0.000000 0.000000
0.000000 0.000000
0.000000 0.000000
0.000000 0.000000
0.000000 0.000000
0.000000 0.000000
0.000000 0.000000
0.000000 0.000000
0.000000 0.000000
0.000000 0.000000
0.000000 0.000000
0.000000 0.000000
0.000000 0.000000
0.000000 0.000000
0.000000 0.000000
0.000000 0.000000
0.000000 0.000000
0.000000 0.000000
0.000000 0.000000
0.000000 0.000000
0.000000 0.000000
0.000000 0.000000
0.000000 0.000000
0.000000 0.000000
0.000000 0.000000
0.000000 0.000000
0.000000 0.000000
0.000000 0.000000
0.000000 0.000000
0.000000 0.000000
0.000000 0.000000
0.000000 0.000000
0.000000 0.000000
0.000000 0.000000
0.000000 0.000000
0.000000 0.000000
0.000000 0.000000
0.000000 0.000000
0.000000 0.000000
0.000000 0.000000
0.000000 0.000000
0.000000 0.000000
0.000000 0.000000
0.000000 0.000000
0.000000 0.000000
0.000000 0.000000
0.000000 0.000000
0.000000 0.000000
0.000000 0.000000
0.000000 0.000000
0.000000 0.000000
0.000000 0.000000
0.000000 0.000000
0.000000 0.000000
0.000000 0.000000
0.000000 0.000000
0.000000 0.000000
0.000000 0.000000
0.000000 0.000000
0.000000 0.000000
0.000000 0.000000
0.000000 0.000000
0.000000 0.000000
0.000000 0.000000
0.000000 0.000000
0.000000 0.000000
0.000000 0.000000
0.000000 0.000000
0.000000 0.000000
0.000000 0.000000
0.000000 0.000000
0.000000 0.000000
0.000000 0.000000
0.000000 0.000000
0.000000 0.000000
0.000000 0.000000
0.000000 0.000000
0.000000 0.000000
0.000000 0.000000
0.000000 0.000000
0.000000 0.000000
0.000000 0.000000
0.000000 0.000000
0.000000 0.000000
0.000000 0.000000
0.000000 0.000000
0.000000 0.000000
0.000000 0.000000
0.000000 0.000000
0.000000 0.000000
0.000000 0.000000
0.000000 0.000000
0.000000 0.000000
0.000000 0.000000
0.000000 0.000000
618.272616 0.000000
1204.838944 0.000000
1759.698984 0.000000
2282.852736 0.000000
2282.852736 0.000000
3234.041376 0.000000
3662.076264 0.000000
4423.027176 0.000000
5564.453544 0.000000
6277.845024 0.000000
6087.607296 0.000000
4423.027176 0.000000
0.000000 0.000000
0.000000 0.000000
0.000000 0.000000
0.000000 0.000000
598.361244 0.000000
1166.037296 0.000000
1703.028156 0.000000
2209.333824 0.000000
3129.889584 0.000000
3927.704576 0.000000
4280.584284 0.000000
5155.112256 0.000000
5753.473500 0.000000
6075.668016 0.000000
6075.668016 0.000000
4602.778800 0.000000
1166.037296 0.000000
0.000000 0.000000
0.000000 0.000000
0.000000 0.000000
0.000000 0.000000
0.000000 0.000000
0.000000 0.000000
0.000000 0.000000
0.000000 0.000000
0.000000 0.000000
0.000000 0.000000
0.000000 0.000000
0.000000 0.000000
0.000000 0.000000
0.000000 0.000000
0.000000 0.000000
0.000000 0.000000
0.000000 0.000000
0.000000 0.000000
0.000000 0.000000
0.000000 0.000000
0.000000 0.000000
0.000000 0.000000
0.000000 0.000000
0.000000 0.000000
0.000000 0.000000
0.000000 0.000000
0.000000 0.000000
0.000000 0.000000
0.000000 0.000000
0.000000 0.000000
0.000000 0.000000
0.000000 0.000000
0.000000 0.000000
0.000000 0.000000
0.000000 0.000000
0.000000 0.000000
0.000000 0.000000
0.000000 0.000000
0.000000 0.000000
0.000000 0.000000
0.000000 0.000000
0.000000 0.000000
0.000000 0.000000
0.000000 0.000000
0.000000 0.000000
0.000000 0.000000
0.000000 0.000000
0.000000 0.000000
0.000000 0.000000
0.000000 0.000000
0.000000 0.000000
0.000000 0.000000
0.000000 0.000000
0.000000 0.000000
0.000000 0.000000
0.000000 0.000000
0.000000 0.000000
0.000000 0.000000
0.000000 0.000000
0.000000 0.000000
0.000000 0.000000
0.000000 0.000000
0.000000 0.000000
0.000000 0.000000
0.000000 0.000000
0.000000 0.000000
0.000000 0.000000
0.000000 0.000000
0.000000 0.000000
0.000000 0.000000
0.000000 0.000000
0.000000 0.000000
0.000000 0.000000
0.000000 0.000000
0.000000 0.000000
0.000000 0.000000
0.000000 0.000000
0.000000 0.000000
1.296555 0.000000
2.526620 0.000000
3.690195 0.000000
3.690195 0.000000
4.787280 0.000000
6.781980 0.000000
8.510720 0.000000
10.887729 0.000000
12.549974 0.000000
13.073602 0.000000
12.051349 0.000000
4.945345 0.000000
2.377121 0.000000
0.000000 0.000000
0.000000 0.000000
0.000000 0.000000
0.000000 0.000000
0.000000 0.000000
0.000000 0.000000
0.000000 0.000000
0.000000 0.000000
0.000000 0.000000
0.000000 0.000000
0.000000 0.000000
0.000000 0.000000
0.000000 0.000000
0.000000 0.000000
0.000000 0.000000
0.000000 0.000000
0.000000 0.000000
0.000000 0.000000
0.000000 0.000000
0.000000 0.000000
0.000000 0.000000
0.000000 0.000000
0.000000 0.000000
0.000000 0.000000
0.000000 0.000000
0.000000 0.000000
0.000000 0.000000
0.000000 0.000000
0.000000 0.000000
0.000000 0.000000
0.000000 0.000000
0.000000 0.000000
0.000000 0.000000
0.000000 0.000000
0.000000 0.000000
0.000000 0.000000
0.000000 0.000000
0.000000 0.000000
0.000000 0.000000
0.000000 0.000000
0.000000 0.000000
0.000000 0.000000
0.000000 0.000000
0.000000 0.000000
1.473030 0.000000
2.870520 0.000000
4.192470 0.000000
6.609750 0.000000
8.724870 0.000000
11.331000 0.000000
14.163750 0.000000
15.032460 0.000000
19.535520 0.000000
17.658639 0.000000
19.531396 0.000000
22.434695 0.000000
