7346062.123838 0.000000
7128165.162158 0.000000
6713077.610285 0.000000
6490311.874118 0.000000
6048910.905943 0.000000
5784421.465044 0.000000
5482850.102662 0.000000
5296119.837925 0.000000
5041803.711703 0.000000
4787917.005399 0.000000
4371056.291642 0.000000
3828880.185596 0.000000
3532856.524556 0.000000
3473054.748131 0.000000
3197072.849893 0.000000
3193043.776826 0.000000
3112639.987039 0.000000
3007865.705189 0.000000
2845790.671207 0.000000
2924304.821796 0.000000
3007670.493262 0.000000
2880117.291609 0.000000
2795555.723112 0.000000
2626310.136003 0.000000
2431325.349466 0.000000
2171084.460924 0.000000
2048602.470336 0.000000
2009202.647823 0.000000
1848148.483535 0.000000
1769981.342196 0.000000
1631977.298983 0.000000
1157749.810873 0.000000
1066483.911501 0.000000
1244227.668062 0.000000
1313119.838490 0.000000
1214605.668973 0.000000
1009562.562382 0.000000
919592.395799 0.000000
782730.389887 0.000000
716101.828341 0.000000
719590.163676 0.000000
793803.715437 0.000000
700291.150079 0.000000
694694.167611 0.000000
664442.708816 0.000000
632703.229301 0.000000
588942.421810 0.000000
582986.427355 0.000000
664814.827389 0.000000
669331.319925 0.000000
651313.029550 0.000000
553336.052645 0.000000
432904.096579 0.000000
407667.607390 0.000000
452219.976350 0.000000
487413.767424 0.000000
481257.849067 0.000000
423785.152423 0.000000
419605.973977 0.000000
388234.025042 0.000000
372919.591362 0.000000
397878.835967 0.000000
378886.605738 0.000000
342576.448863 0.000000
268296.892723 0.000000
227174.584070 0.000000
213537.528163 0.000000
240026.908576 0.000000
266160.469349 0.000000
260589.530487 0.000000
262306.269604 0.000000
263721.469385 0.000000
265622.738155 0.000000
253614.754010 0.000000
237077.597313 0.000000
181207.034006 0.000000
113914.881077 0.000000
131734.313087 0.000000
155964.774094 0.000000
175992.974601 0.000000
189642.687631 0.000000
190215.756412 0.000000
176998.705761 0.000000
173355.261488 0.000000
150153.662332 0.000000
126673.081748 0.000000
105430.643673 0.000000
55832.872341 0.000000
69032.686732 0.000000
86539.628193 0.000000
108308.573519 0.000000
117129.903603 0.000000
136908.389102 0.000000
156519.819489 0.000000
176554.186010 0.000000
186801.448484 0.000000
183410.169877 0.000000
154653.816358 0.000000
112252.815300 0.000000
113796.728305 0.000000
113244.124810 0.000000
97434.780050 0.000000
63218.528073 0.000000
59370.669968 0.000000
63633.761422 0.000000
69134.377610 0.000000
82060.981596 0.000000
104647.719852 0.000000
118721.806891 0.000000
148843.077459 0.000000
173185.151097 0.000000
180297.959696 0.000000
186502.953778 0.000000
191675.150402 0.000000
193338.952250 0.000000
206282.930572 0.000000
231183.038127 0.000000
259860.807119 0.000000
267726.267213 0.000000
277486.419179 0.000000
277366.046421 0.000000
243402.238986 0.000000
223808.230968 0.000000
244272.615213 0.000000
257522.125110 0.000000
252025.838482 0.000000
189207.509298 0.000000
156843.067836 0.000000
151062.844405 0.000000
163560.046067 0.000000
178108.493453 0.000000
181819.609006 0.000000
159667.632941 0.000000
126519.909222 0.000000
104331.379565 0.000000
50397.569627 0.000000
39761.699115 0.000000
45329.310987 0.000000
52921.951748 0.000000
61464.753890 0.000000
68670.068372 0.000000
51019.393355 0.000000
41241.560593 0.000000
25477.586851 0.000000
26309.075855 0.000000
23691.136294 0.000000
8781.868136 0.000000
10024.725546 0.000000
11983.736887 0.000000
14547.561579 0.000000
18158.453458 0.000000
20896.350143 0.000000
22900.814103 0.000000
24776.766479 0.000000
23699.305722 0.000000
19489.450183 0.000000
13327.345040 0.000000
9273.034830 0.000000
11984.243039 0.000000
13064.896904 0.000000
14096.603172 0.000000
14008.458238 0.000000
14822.994997 0.000000
18488.761160 0.000000
20986.409349 0.000000
23470.042712 0.000000
25826.418891 0.000000
29183.470521 0.000000
32776.708222 0.000000
34599.426437 0.000000
35679.688277 0.000000
31549.929225 0.000000
27256.557439 0.000000
26454.147605 0.000000
30840.024143 0.000000
28542.816073 0.000000
25870.072578 0.000000
30928.484626 0.000000
38588.030139 0.000000
48544.490331 0.000000
62159.353746 0.000000
67390.283636 0.000000
77932.330749 0.000000
86899.054308 0.000000
90873.458363 0.000000
85406.230629 0.000000
55863.399315 0.000000
32509.402182 0.000000
9402.645036 0.000000
7272.304095 0.000000
9310.934983 0.000000
12727.242924 0.000000
14684.178921 0.000000
18380.240707 0.000000
22098.381465 0.000000
26839.171938 0.000000
31308.557471 0.000000
34683.199156 0.000000
35679.879872 0.000000
28578.192951 0.000000
23722.042629 0.000000
24131.396049 0.000000
28567.724777 0.000000
31971.347062 0.000000
32665.557062 0.000000
31437.498304 0.000000
25680.961622 0.000000
23981.563011 0.000000
26872.116482 0.000000
31431.891792 0.000000
34966.536543 0.000000
34827.323368 0.000000
30497.747272 0.000000
27490.048362 0.000000
25689.086969 0.000000
30581.060729 0.000000
39099.791930 0.000000
46026.883333 0.000000
57022.100215 0.000000
62557.326600 0.000000
70682.810235 0.000000
78630.593703 0.000000
82363.516549 0.000000
76320.614401 0.000000
54466.757473 0.000000
44449.356815 0.000000
29334.189531 0.000000
15837.637388 0.000000
19242.039557 0.000000
23707.621613 0.000000
26915.713776 0.000000
30311.243519 0.000000
32023.533774 0.000000
31057.459735 0.000000
25269.639656 0.000000
25229.823948 0.000000
29249.608926 0.000000
32434.600058 0.000000
32078.741367 0.000000
31422.917755 0.000000
32476.989601 0.000000
37912.646134 0.000000
38035.771024 0.000000
44640.142751 0.000000
49686.619567 0.000000
58518.765296 0.000000
72713.512847 0.000000
84008.678669 0.000000
103524.435140 0.000000
138103.726929 0.000000
161635.196615 0.000000
192550.316867 0.000000
230259.546697 0.000000
268772.740862 0.000000
282411.743200 0.000000
267560.131577 0.000000
213649.259339 0.000000
137309.866976 0.000000
88719.250829 0.000000
47657.484643 0.000000
49783.975302 0.000000
49382.384315 0.000000
35746.799676 0.000000
31988.290559 0.000000
42916.072014 0.000000
53418.294944 0.000000
63324.389393 0.000000
72873.123787 0.000000
82308.860186 0.000000
88972.161752 0.000000
78979.593740 0.000000
46532.069021 0.000000
38774.161806 0.000000
32026.335388 0.000000
20025.729726 0.000000
12649.373052 0.000000
7555.726759 0.000000
3471.816189 0.000000
4524.065814 0.000000
5868.029870 0.000000
7121.560344 0.000000
8501.543060 0.000000
9976.530846 0.000000
10933.913505 0.000000
10311.985068 0.000000
11580.636175 0.000000
14410.356340 0.000000
17015.485681 0.000000
18648.951837 0.000000
20214.438716 0.000000
20259.322032 0.000000
18186.979704 0.000000
10454.605854 0.000000
5305.972754 0.000000
0.000000 0.000000
0.000000 0.000000
2.365749 0.000000
4.712496 0.000000
7.040241 0.000000
11.638725 0.000000
16.161201 0.000000
19.500686 0.000000
24.968400 0.000000
30.312606 0.000000
41.661461 0.000000
84.208116 0.000000
124.074921 0.000000
165.560439 0.000000
337.604485 0.000000
479.178510 0.000000
587.049563 0.000000
752.123426 0.000000
1121.132447 0.000000
1342.075489 0.000000
1602.933990 0.000000
1978.949965 0.000000
2154.362809 0.000000
2451.960991 0.000000
2902.562646 0.000000
3602.997314 0.000000
4257.083062 0.000000
5245.054277 0.000000
5676.523580 0.000000
6113.812610 0.000000
6130.510727 0.000000
5922.134826 0.000000
4920.977875 0.000000
4332.656802 0.000000
4477.168882 0.000000
3607.698027 0.000000
3595.167069 0.000000
4980.639530 0.000000
5759.786884 0.000000
6887.149505 0.000000
9567.395802 0.000000
11283.000616 0.000000
14920.261160 0.000000
18203.790971 0.000000
22455.314955 0.000000
25836.150623 0.000000
28505.753198 0.000000
31873.771695 0.000000
31516.548387 0.000000
26313.185537 0.000000
13779.735327 0.000000
6836.331157 0.000000
792.136518 0.000000
876.876711 0.000000
1054.263422 0.000000
1265.594586 0.000000
1743.477333 0.000000
2241.254620 0.000000
2690.132714 0.000000
3021.062197 0.000000
3390.576361 0.000000
3721.780401 0.000000
3352.314874 0.000000
3772.399456 0.000000
4538.776166 0.000000
5422.778764 0.000000
5904.447296 0.000000
6617.480205 0.000000
7233.355581 0.000000
7205.987350 0.000000
6181.889868 0.000000
4338.190826 0.000000
4158.596341 0.000000
3229.352327 0.000000
1695.576166 0.000000
1930.039756 0.000000
2309.976109 0.000000
2742.247344 0.000000
2987.128063 0.000000
3609.137845 0.000000
4159.318033 0.000000
5402.552555 0.000000
5680.504637 0.000000
6824.663972 0.000000
7845.698914 0.000000
9510.303022 0.000000
11837.485443 0.000000
14294.864494 0.000000
16833.741424 0.000000
20601.093177 0.000000
26586.046808 0.000000
31071.920787 0.000000
34509.714442 0.000000
36769.041522 0.000000
36239.870103 0.000000
31790.200724 0.000000
19646.028618 0.000000
9870.726360 0.000000
11444.575868 0.000000
14732.222978 0.000000
18375.869268 0.000000
21066.156360 0.000000
23757.504935 0.000000
25977.444901 0.000000
26430.343673 0.000000
23372.154166 0.000000
15696.158074 0.000000
16927.631363 0.000000
16934.664347 0.000000
13845.059336 0.000000
11097.040931 0.000000
7855.957546 0.000000
8672.971588 0.000000
11021.270769 0.000000
13928.293084 0.000000
16889.931820 0.000000
18282.274566 0.000000
20514.875070 0.000000
22686.823706 0.000000
24036.224376 0.000000
24506.658369 0.000000
23131.989789 0.000000
20032.056777 0.000000
10703.126512 0.000000
7380.670714 0.000000
5235.156589 0.000000
332.738070 0.000000
445.800393 0.000000
658.035956 0.000000
766.189780 0.000000
1006.837877 0.000000
1264.445247 0.000000
1584.421080 0.000000
1992.486782 0.000000
2447.745007 0.000000
2842.566860 0.000000
3261.640641 0.000000
3596.524426 0.000000
3695.427793 0.000000
3517.510761 0.000000
3443.714632 0.000000
3680.848189 0.000000
3574.284167 0.000000
3683.327095 0.000000
3803.426763 0.000000
3779.547390 0.000000
3184.263914 0.000000
2277.146377 0.000000
2797.078359 0.000000
3254.083608 0.000000
3732.344378 0.000000
4039.250536 0.000000
3980.805573 0.000000
3702.332958 0.000000
3861.867544 0.000000
4112.371587 0.000000
3872.498537 0.000000
3951.723391 0.000000
4662.512360 0.000000
5397.435897 0.000000
6042.303663 0.000000
6398.476223 0.000000
6320.043283 0.000000
6528.098155 0.000000
6080.227560 0.000000
4238.183300 0.000000
1966.736954 0.000000
0.000000 0.000000
0.000000 0.000000
0.000000 0.000000
61.106094 0.000000
121.721376 0.000000
181.845846 0.000000
181.845846 0.000000
271.050927 0.000000
468.285656 0.000000
874.103312 0.000000
1296.555822 0.000000
1765.188006 0.000000
2245.180107 0.000000
2787.029184 0.000000
6903.325123 0.000000
10685.534630 0.000000
18080.146295 0.000000
25028.154054 0.000000
25732.740395 0.000000
29473.075744 0.000000
41445.300838 0.000000
55269.497362 0.000000
68298.028417 0.000000
79081.702410 0.000000
95999.448722 0.000000
111377.381542 0.000000
129859.400222 0.000000
149878.392972 0.000000
174822.437398 0.000000
197029.534877 0.000000
206467.032582 0.000000
197898.027773 0.000000
148806.140390 0.000000
95629.859304 0.000000
108089.376699 0.000000
108766.219463 0.000000
96645.149921 0.000000
83035.416119 0.000000
92198.306634 0.000000
92695.153551 0.000000
96934.041476 0.000000
89505.859875 0.000000
90412.197454 0.000000
79975.403534 0.000000
66230.909720 0.000000
56868.486478 0.000000
56212.556441 0.000000
49750.526191 0.000000
38213.908239 0.000000
37144.978992 0.000000
42459.414401 0.000000
47508.412679 0.000000
51774.793858 0.000000
51318.621416 0.000000
41528.136372 0.000000
13930.277992 0.000000
4304.987731 0.000000
6021.367477 0.000000
9511.813275 0.000000
11972.599201 0.000000
17066.710665 0.000000
20365.824741 0.000000
24134.952350 0.000000
30386.010325 0.000000
35719.557481 0.000000
41600.933232 0.000000
52193.943682 0.000000
61678.657218 0.000000
70691.904947 0.000000
75182.378659 0.000000
74416.981343 0.000000
65066.186077 0.000000
48408.440877 0.000000
14871.178631 0.000000
8867.614256 0.000000
11592.721064 0.000000
15447.916509 0.000000
20798.761326 0.000000
23877.373150 0.000000
28587.426607 0.000000
32302.073521 0.000000
34845.883276 0.000000
28559.766412 0.000000
13423.406276 0.000000
9552.371189 0.000000
3760.919285 0.000000
808.258464 0.000000
1126.899024 0.000000
1545.060685 0.000000
1949.997383 0.000000
2393.965215 0.000000
2985.680177 0.000000
3488.749847 0.000000
3805.469751 0.000000
4005.565365 0.000000
3799.977743 0.000000
2959.333481 0.000000
3096.227764 0.000000
3507.028215 0.000000
4038.866202 0.000000
4252.760711 0.000000
4007.490282 0.000000
4764.412683 0.000000
5322.748679 0.000000
5605.894043 0.000000
5363.927054 0.000000
3966.868920 0.000000
1840.437728 0.000000
779.289809 0.000000
1.090011 0.000000
1.447464 0.000000
1.801975 0.000000
2.847856 0.000000
17.008226 0.000000
30.881765 0.000000
45.934448 0.000000
74.099942 0.000000
101.020294 0.000000
129.532303 0.000000
228.495784 0.000000
275.368934 0.000000
405.424014 0.000000
462.951378 0.000000
652.364710 0.000000
792.426690 0.000000
958.476196 0.000000
1216.601212 0.000000
1330.956800 0.000000
1506.954127 0.000000
1582.094959 0.000000
1700.550689 0.000000
1647.242134 0.000000
1712.054163 0.000000
1542.288951 0.000000
1144.588939 0.000000
927.618471 0.000000
1011.734510 0.000000
985.289900 0.000000
798.614954 0.000000
269.192557 0.000000
0.000000 0.000000
0.000000 0.000000
0.000000 0.000000
0.000000 0.000000
0.000000 0.000000
0.000000 0.000000
6.543969 0.000000
13.035376 0.000000
19.474221 0.000000
29.027244 0.000000
39.992815 0.000000
44.585245 0.000000
50.629645 0.000000
62.639844 0.000000
96.062370 0.000000
127.093161 0.000000
150.870435 0.000000
181.001106 0.000000
229.686255 0.000000
272.724391 0.000000
305.740065 0.000000
334.850199 0.000000
332.268400 0.000000
298.164985 0.000000
229.424368 0.000000
128.278297 0.000000
74.911655 0.000000
9.569453 0.000000
0.000000 0.000000
0.000000 0.000000
0.000000 0.000000
0.000000 0.000000
0.000000 0.000000
0.000000 0.000000
0.000000 0.000000
0.000000 0.000000
0.000000 0.000000
0.000000 0.000000
0.000000 0.000000
0.000000 0.000000
0.000000 0.000000
0.000000 0.000000
0.000000 0.000000
0.000000 0.000000
0.000000 0.000000
0.000000 0.000000
0.000000 0.000000
0.000000 0.000000
0.000000 0.000000
0.000000 0.000000
0.000000 0.000000
0.000000 0.000000
22.916964 0.000000
45.649856 0.000000
68.198676 0.000000
90.563424 0.000000
112.744100 0.000000
178.181696 0.000000
220.886400 0.000000
283.562916 0.000000
334.504842 0.000000
442.509088 0.000000
571.727632 0.000000
666.938874 0.000000
759.642135 0.000000
856.970205 0.000000
1041.318313 0.000000
1189.887426 0.000000
1282.843786 0.000000
1368.713374 0.000000
1356.138923 0.000000
1119.169035 0.000000
759.238913 0.000000
796.260394 0.000000
794.977662 0.000000
645.902208 0.000000
355.769973 0.000000
217.818651 0.000000
112.775013 0.000000
149.757912 0.000000
240.845541 0.000000
312.376249 0.000000
382.689413 0.000000
569.658617 0.000000
762.791728 0.000000
998.301531 0.000000
1195.799746 0.000000
1339.930149 0.000000
1786.477264 0.000000
2166.804360 0.000000
2332.467456 0.000000
2421.351265 0.000000
2158.490230 0.000000
1533.029754 0.000000
681.675023 0.000000
0.000000 0.000000
0.000000 0.000000
40.772007 0.000000
81.216528 0.000000
121.333563 0.000000
206.174478 0.000000
328.140160 0.000000
404.116912 0.000000
515.625895 0.000000
588.327787 0.000000
798.573799 0.000000
866.035915 0.000000
964.609003 0.000000
1261.488758 0.000000
1448.452291 0.000000
1778.728475 0.000000
2065.851374 0.000000
2320.988666 0.000000
2454.808151 0.000000
2462.420110 0.000000
2121.696840 0.000000
1527.901945 0.000000
1622.733982 0.000000
1594.629961 0.000000
1283.298480 0.000000
889.535636 0.000000
703.477786 0.000000
845.278229 0.000000
1043.602579 0.000000
1286.475295 0.000000
1583.294480 0.000000
1835.071296 0.000000
2212.656897 0.000000
2562.704705 0.000000
3005.308569 0.000000
3279.886766 0.000000
3353.997974 0.000000
3061.673973 0.000000
2328.775313 0.000000
1617.855169 0.000000
1672.148196 0.000000
1771.691679 0.000000
1745.855657 0.000000
1507.901212 0.000000
1515.692629 0.000000
1644.174338 0.000000
1751.738186 0.000000
1674.943100 0.000000
1418.826480 0.000000
1249.785031 0.000000
667.185425 0.000000
712.065085 0.000000
905.756303 0.000000
1083.165776 0.000000
1197.636052 0.000000
1278.857523 0.000000
1305.053087 0.000000
1211.189231 0.000000
1293.931194 0.000000
1367.589027 0.000000
1562.881868 0.000000
1902.798807 0.000000
2107.578466 0.000000
2302.435349 0.000000
2489.326744 0.000000
2620.275452 0.000000
2503.941268 0.000000
1899.071513 0.000000
761.650172 0.000000
122.212357 0.000000
0.000000 0.000000
0.000000 0.000000
598.150095 0.000000
598.150095 0.000000
1191.495771 0.000000
1780.037028 0.000000
2363.773868 0.000000
2942.706288 0.000000
4086.157875 0.000000
5487.846854 0.000000
6588.058676 0.000000
8202.343271 0.000000
10540.893855 0.000000
12290.903187 0.000000
17180.599837 0.000000
22702.077720 0.000000
26011.120677 0.000000
30885.203171 0.000000
34226.676345 0.000000
37005.977172 0.000000
36367.030546 0.000000
27129.966992 0.000000
11269.968517 0.000000
0.000000 0.000000
0.000000 0.000000
0.000000 0.000000
0.000000 0.000000
0.000000 0.000000
0.000000 0.000000
0.000000 0.000000
0.000000 0.000000
0.000000 0.000000
0.000000 0.000000
0.000000 0.000000
0.000000 0.000000
0.000000 0.000000
6.503631 0.000000
12.955024 0.000000
19.354179 0.000000
25.701096 0.000000
31.995775 0.000000
38.238216 0.000000
157.653124 0.000000
260.805416 0.000000
272.509099 0.000000
374.614276 0.000000
670.037190 0.000000
878.782657 0.000000
1351.064324 0.000000
1596.317760 0.000000
2073.901283 0.000000
2637.469207 0.000000
3026.380275 0.000000
3679.149028 0.000000
4298.886542 0.000000
5260.840139 0.000000
5896.269038 0.000000
6410.137160 0.000000
6441.289136 0.000000
5691.722925 0.000000
3178.799608 0.000000
3104.113349 0.000000
2680.168853 0.000000
1504.498462 0.000000
636.580165 0.000000
671.980648 0.000000
750.352419 0.000000
1011.803619 0.000000
1254.668699 0.000000
1387.330765 0.000000
1573.482769 0.000000
1640.606667 0.000000
1466.362801 0.000000
950.186087 0.000000
893.755395 0.000000
869.010946 0.000000
679.562443 0.000000
672.779170 0.000000
446.414371 0.000000
151.181643 0.000000
203.305109 0.000000
233.758832 0.000000
279.766684 0.000000
321.753256 0.000000
362.906144 0.000000
382.679865 0.000000
361.224227 0.000000
277.922820 0.000000
76.447960 0.000000
18.637482 0.000000
79.057414 0.000000
137.834113 0.000000
254.693017 0.000000
336.939530 0.000000
479.902145 0.000000
619.489352 0.000000
852.460794 0.000000
982.494108 0.000000
1239.532396 0.000000
1563.730739 0.000000
1744.790093 0.000000
2095.210890 0.000000
2493.100733 0.000000
2829.784897 0.000000
3056.466963 0.000000
3217.946099 0.000000
3198.273083 0.000000
2814.437472 0.000000
1741.587176 0.000000
1422.535905 0.000000
789.882081 0.000000
44.099720 0.000000
0.000000 0.000000
0.000000 0.000000
0.000000 0.000000
0.000000 0.000000
0.000000 0.000000
0.000000 0.000000
0.000000 0.000000
0.000000 0.000000
0.000000 0.000000
0.000000 0.000000
0.000000 0.000000
0.000000 0.000000
15.874995 0.000000
63.865944 0.000000
95.848376 0.000000
142.807221 0.000000
220.066820 0.000000
294.103280 0.000000
422.458331 0.000000
584.735873 0.000000
718.248877 0.000000
872.881926 0.000000
1018.191427 0.000000
1232.577907 0.000000
1445.189284 0.000000
1614.974823 0.000000
1749.673613 0.000000
1717.554139 0.000000
1461.953958 0.000000
1105.995872 0.000000
1030.956674 0.000000
903.434927 0.000000
457.016434 0.000000
0.000000 0.000000
0.000000 0.000000
22.031520 0.000000
43.886080 0.000000
65.563680 0.000000
87.064320 0.000000
108.388000 0.000000
174.039658 0.000000
247.227542 0.000000
307.213136 0.000000
378.726846 0.000000
416.614416 0.000000
453.617187 0.000000
521.077148 0.000000
598.807260 0.000000
787.267502 0.000000
939.536952 0.000000
1166.446729 0.000000
1313.513279 0.000000
1375.332243 0.000000
1260.361033 0.000000
832.527569 0.000000
793.555000 0.000000
744.349060 0.000000
567.770630 0.000000
262.995740 0.000000
92.892940 0.000000
115.756725 0.000000
135.059190 0.000000
153.772710 0.000000
163.361730 0.000000
168.377440 0.000000
164.022565 0.000000
144.127083 0.000000
75.918605 0.000000
74.999367 0.000000
83.931869 0.000000
86.296572 0.000000
75.779562 0.000000
47.554450 0.000000
25.845059 0.000000
29.302568 0.000000
34.159929 0.000000
37.301613 0.000000
40.816349 0.000000
41.558376 0.000000
38.428266 0.000000
24.888127 0.000000
19.619559 0.000000
21.387097 0.000000
21.067853 0.000000
17.917645 0.000000
8.450109 0.000000
3.953050 0.000000
0.043077 0.000000
0.043077 0.000000
0.085808 0.000000
0.128193 0.000000
0.170232 0.000000
0.294273 0.000000
0.334928 0.000000
153.216397 0.000000
304.903004 0.000000
455.263726 0.000000
604.483533 0.000000
752.689571 0.000000
899.564555 0.000000
1045.217648 0.000000
1332.492598 0.000000
1754.180775 0.000000
2029.116949 0.000000
2894.369478 0.000000
3708.113015 0.000000
4909.233183 0.000000
5883.730351 0.000000
6673.491407 0.000000
7826.338294 0.000000
8879.215809 0.000000
9624.936536 0.000000
9561.334805 0.000000
8013.685880 0.000000
4970.448198 0.000000
5013.219670 0.000000
5470.379801 0.000000
5495.815870 0.000000
4946.619183 0.000000
4195.279533 0.000000
4818.152181 0.000000
5304.480776 0.000000
5340.352794 0.000000
4580.995924 0.000000
2227.394390 0.000000
415.696249 0.000000
0.000000 0.000000
0.000000 0.000000
0.000000 0.000000
0.000000 0.000000
0.000000 0.000000
0.000000 0.000000
0.000000 0.000000
0.000000 0.000000
0.000000 0.000000
0.000000 0.000000
0.000000 0.000000
0.000000 0.000000
0.000000 0.000000
0.000000 0.000000
0.000000 0.000000
0.000000 0.000000
0.000000 0.000000
0.000000 0.000000
16.582155 0.000000
33.031120 0.000000
49.346895 0.000000
68.831092 0.000000
100.772475 0.000000
163.056960 0.000000
208.371830 0.000000
237.839849 0.000000
291.256678 0.000000
383.334755 0.000000
472.537035 0.000000
611.005025 0.000000
708.350863 0.000000
832.899714 0.000000
933.117774 0.000000
1054.963285 0.000000
1144.239379 0.000000
1148.247696 0.000000
1031.126619 0.000000
651.739867 0.000000
408.148629 0.000000
0.000000 0.000000
0.000000 0.000000
0.000000 0.000000
0.000000 0.000000
0.000000 0.000000
0.000000 0.000000
0.000000 0.000000
0.000000 0.000000
5.177955 0.000000
10.314320 0.000000
15.409095 0.000000
20.462280 0.000000
25.473875 0.000000
30.443880 0.000000
40.238559 0.000000
61.688705 0.000000
70.963269 0.000000
104.224952 0.000000
131.144150 0.000000
167.337887 0.000000
196.357494 0.000000
225.818963 0.000000
386.230021 0.000000
548.102527 0.000000
694.314824 0.000000
851.272422 0.000000
918.275431 0.000000
1112.908584 0.000000
1415.482799 0.000000
1873.785941 0.000000
2257.381525 0.000000
2650.716939 0.000000
3218.529670 0.000000
3958.227519 0.000000
4492.301038 0.000000
5218.529279 0.000000
5951.709091 0.000000
6552.578334 0.000000
6804.858069 0.000000
6714.280084 0.000000
5221.233414 0.000000
3914.540188 0.000000
2174.490356 0.000000
435.912956 0.000000
78.049816 0.000000
81.003039 0.000000
73.471591 0.000000
40.741376 0.000000
3.796000 0.000000
0.000000 0.000000
0.000000 0.000000
0.000000 0.000000
0.000000 0.000000
0.000000 0.000000
0.000000 0.000000
0.000000 0.000000
0.000000 0.000000
9.883806 0.000000
29.731964 0.000000
54.165024 0.000000
78.241083 0.000000
111.233954 0.000000
143.913472 0.000000
193.932301 0.000000
251.786843 0.000000
285.978256 0.000000
373.684521 0.000000
439.073499 0.000000
497.505830 0.000000
582.377179 0.000000
663.748454 0.000000
772.981538 0.000000
808.264941 0.000000
782.471417 0.000000
701.798957 0.000000
701.233202 0.000000
626.724521 0.000000
405.403231 0.000000
207.087771 0.000000
12.410475 0.000000
0.000000 0.000000
0.000000 0.000000
11.950506 0.000000
23.805024 0.000000
35.563554 0.000000
50.530711 0.000000
86.225367 0.000000
102.030459 0.000000
119.257163 0.000000
145.666311 0.000000
232.315533 0.000000
307.799440 0.000000
366.455812 0.000000
461.250182 0.000000
518.008540 0.000000
606.610591 0.000000
684.276613 0.000000
787.446502 0.000000
862.784653 0.000000
879.784148 0.000000
900.525568 0.000000
609.603409 0.000000
296.563676 0.000000
306.494126 0.000000
341.916810 0.000000
340.136872 0.000000
372.612322 0.000000
426.762572 0.000000
497.225402 0.000000
572.474431 0.000000
661.481709 0.000000
872.259197 0.000000
1018.554102 0.000000
1244.468768 0.000000
1323.296670 0.000000
1354.477323 0.000000
1313.891734 0.000000
1374.697246 0.000000
1380.048226 0.000000
1214.515151 0.000000
874.753949 0.000000
1002.896403 0.000000
1213.084659 0.000000
1418.181317 0.000000
1585.903731 0.000000
1696.230474 0.000000
1625.554898 0.000000
1588.859184 0.000000
1690.532129 0.000000
1803.651924 0.000000
1811.286574 0.000000
1557.084330 0.000000
1072.361462 0.000000
756.561318 0.000000
480.310053 0.000000
7.569598 0.000000
0.000000 0.000000
0.000000 0.000000
0.000000 0.000000
0.000000 0.000000
0.000000 0.000000
0.000000 0.000000
0.000000 0.000000
0.000000 0.000000
0.000000 0.000000
0.000000 0.000000
0.000000 0.000000
0.000000 0.000000
0.000000 0.000000
0.000000 0.000000
0.000000 0.000000
0.000000 0.000000
0.000000 0.000000
0.000000 0.000000
0.000000 0.000000
0.000000 0.000000
0.000000 0.000000
0.000000 0.000000
0.000000 0.000000
0.000000 0.000000
0.000000 0.000000
0.000000 0.000000
0.000000 0.000000
0.000000 0.000000
0.000000 0.000000
0.000000 0.000000
0.000000 0.000000
0.000000 0.000000
0.000000 0.000000
0.000000 0.000000
0.000000 0.000000
0.000000 0.000000
0.000000 0.000000
0.000000 0.000000
0.000000 0.000000
0.000000 0.000000
0.000000 0.000000
0.000000 0.000000
0.000000 0.000000
0.000000 0.000000
0.000000 0.000000
0.000000 0.000000
0.000000 0.000000
0.000000 0.000000
0.000000 0.000000
0.000000 0.000000
0.000000 0.000000
0.000000 0.000000
0.000000 0.000000
3.181224 0.000000
6.336896 0.000000
9.467016 0.000000
12.571584 0.000000
15.650600 0.000000
18.704064 0.000000
23.233156 0.000000
30.649624 0.000000
42.199128 0.000000
54.636564 0.000000
75.512548 0.000000
91.843470 0.000000
108.650298 0.000000
128.168832 0.000000
158.208402 0.000000
178.972596 0.000000
194.716119 0.000000
189.739873 0.000000
148.566755 0.000000
80.934535 0.000000
36.059274 0.000000
5.511429 0.000000
7.257096 0.000000
10.062576 0.000000
12.743321 0.000000
15.044286 0.000000
18.413814 0.000000
23.221331 0.000000
27.295314 0.000000
31.547860 0.000000
35.812909 0.000000
38.593731 0.000000
39.048411 0.000000
35.984332 0.000000
25.392581 0.000000
11.183792 0.000000
0.000000 0.000000
0.000000 0.000000
0.000000 0.000000
0.000000 0.000000
0.000000 0.000000
0.000000 0.000000
0.000000 0.000000
0.000000 0.000000
0.000000 0.000000
12.058323 0.000000
29.952222 0.000000
29.952222 0.000000
41.768409 0.000000
59.274888 0.000000
76.539229 0.000000
99.106438 0.000000
143.175213 0.000000
200.464850 0.000000
234.315797 0.000000
279.020367 0.000000
329.741928 0.000000
377.115795 0.000000
451.185056 0.000000
515.411736 0.000000
578.015702 0.000000
624.625988 0.000000
611.258016 0.000000
502.533394 0.000000
378.004266 0.000000
346.091954 0.000000
205.509073 0.000000
0.000000 0.000000
0.000000 0.000000
0.000000 0.000000
0.000000 0.000000
32.055513 0.000000
63.853552 0.000000
95.394117 0.000000
126.677208 0.000000
188.470968 0.000000
249.234832 0.000000
308.968800 0.000000
410.992984 0.000000
509.798736 0.000000
612.176880 0.000000
691.543233 0.000000
867.719800 0.000000
1042.287240 0.000000
1271.825424 0.000000
1526.209840 0.000000
1735.825800 0.000000
1904.503425 0.000000
1996.697394 0.000000
1837.510545 0.000000
1250.043381 0.000000
361.490688 0.000000
0.000000 0.000000
0.000000 0.000000
0.000000 0.000000
0.000000 0.000000
0.000000 0.000000
0.000000 0.000000
0.000000 0.000000
0.000000 0.000000
13.183056 0.000000
26.260224 0.000000
39.231504 0.000000
52.096896 0.000000
71.183208 0.000000
83.783880 0.000000
108.667560 0.000000
139.136832 0.000000
174.874032 0.000000
215.296776 0.000000
255.314326 0.000000
293.349545 0.000000
340.354923 0.000000
418.512800 0.000000
526.892807 0.000000
588.259517 0.000000
675.552927 0.000000
770.711411 0.000000
808.019462 0.000000
762.196973 0.000000
559.155766 0.000000
244.885854 0.000000
0.000000 0.000000
0.000000 0.000000
0.000000 0.000000
0.000000 0.000000
0.000000 0.000000
0.000000 0.000000
0.000000 0.000000
0.000000 0.000000
0.000000 0.000000
0.000000 0.000000
0.000000 0.000000
0.000000 0.000000
0.000000 0.000000
0.000000 0.000000
0.000000 0.000000
0.000000 0.000000
0.000000 0.000000
0.000000 0.000000
0.000000 0.000000
0.000000 0.000000
0.000000 0.000000
0.000000 0.000000
0.000000 0.000000
0.000000 0.000000
0.000000 0.000000
0.000000 0.000000
0.000000 0.000000
0.000000 0.000000
0.000000 0.000000
0.000000 0.000000
0.000000 0.000000
0.000000 0.000000
0.000000 0.000000
0.000000 0.000000
0.000000 0.000000
0.000000 0.000000
16.023399 0.000000
31.918096 0.000000
47.684091 0.000000
78.829975 0.000000
109.461051 0.000000
124.583536 0.000000
161.810475 0.000000
183.721879 0.000000
205.311531 0.000000
295.434811 0.000000
335.396800 0.000000
423.106875 0.000000
520.373064 0.000000
632.858475 0.000000
709.178400 0.000000
820.586147 0.000000
876.056815 0.000000
940.328119 0.000000
903.448539 0.000000
708.307076 0.000000
469.246740 0.000000
309.645736 0.000000
61.979020 0.000000
0.000000 0.000000
0.000000 0.000000
0.000000 0.000000
0.000000 0.000000
0.000000 0.000000
0.000000 0.000000
0.000000 0.000000
0.000000 0.000000
0.000000 0.000000
0.000000 0.000000
0.000000 0.000000
0.000000 0.000000
0.000000 0.000000
0.000000 0.000000
0.000000 0.000000
0.000000 0.000000
0.000000 0.000000
0.000000 0.000000
0.000000 0.000000
0.000000 0.000000
0.000000 0.000000
0.000000 0.000000
0.000000 0.000000
0.000000 0.000000
0.000000 0.000000
0.000000 0.000000
0.000000 0.000000
0.000000 0.000000
0.000000 0.000000
42.918885 0.000000
111.979341 0.000000
138.251673 0.000000
164.310034 0.000000
202.955232 0.000000
295.256233 0.000000
332.495755 0.000000
406.052340 0.000000
501.830495 0.000000
575.956965 0.000000
695.992227 0.000000
889.160910 0.000000
999.536953 0.000000
1170.137996 0.000000
1409.297135 0.000000
1810.799422 0.000000
2056.091104 0.000000
2254.479362 0.000000
2483.059519 0.000000
2564.826489 0.000000
1653.246588 0.000000
1466.945750 0.000000
920.104333 0.000000
881.726273 0.000000
1081.988199 0.000000
1340.932736 0.000000
1749.096795 0.000000
2182.701065 0.000000
2532.595482 0.000000
2818.038465 0.000000
3009.761160 0.000000
2927.080534 0.000000
2790.482831 0.000000
3401.701712 0.000000
3824.532877 0.000000
4070.851684 0.000000
3789.023378 0.000000
3038.247249 0.000000
2085.184925 0.000000
270.299802 0.000000
400.464666 0.000000
485.394932 0.000000
650.824319 0.000000
849.302657 0.000000
1056.920276 0.000000
1405.503704 0.000000
1694.405129 0.000000
2022.217529 0.000000
2242.482379 0.000000
2534.845634 0.000000
2723.037509 0.000000
2815.008698 0.000000
2681.627268 0.000000
2104.479319 0.000000
1375.927452 0.000000
1517.639716 0.000000
1556.891027 0.000000
1467.338188 0.000000
1050.434418 0.000000
349.420696 0.000000
220.042623 0.000000
254.149395 0.000000
302.491629 0.000000
364.527790 0.000000
513.653742 0.000000
655.720605 0.000000
872.966242 0.000000
1079.079145 0.000000
1208.794788 0.000000
1272.954763 0.000000
1417.026752 0.000000
1540.367761 0.000000
1699.199676 0.000000
1866.597756 0.000000
1911.284430 0.000000
2065.866704 0.000000
2329.434148 0.000000
2717.564036 0.000000
3090.343304 0.000000
3557.298959 0.000000
3936.630444 0.000000
4097.256974 0.000000
3804.257209 0.000000
2400.557901 0.000000
1677.471900 0.000000
272.369832 0.000000
0.000000 0.000000
0.000000 0.000000
0.000000 0.000000
0.000000 0.000000
0.000000 0.000000
0.000000 0.000000
0.000000 0.000000
0.000000 0.000000
0.000000 0.000000
0.000000 0.000000
0.000000 0.000000
0.000000 0.000000
0.000000 0.000000
0.000000 0.000000
0.000000 0.000000
0.000000 0.000000
0.000000 0.000000
0.000000 0.000000
0.000000 0.000000
0.000000 0.000000
0.000000 0.000000
0.000000 0.000000
12.747057 0.000000
25.391728 0.000000
37.934013 0.000000
50.373912 0.000000
62.711425 0.000000
105.073516 0.000000
160.553991 0.000000
171.944434 0.000000
224.455500 0.000000
282.482677 0.000000
342.378505 0.000000
393.084748 0.000000
453.133869 0.000000
515.384361 0.000000
593.120808 0.000000
692.870500 0.000000
755.480044 0.000000
760.798845 0.000000
647.969000 0.000000
376.434574 0.000000
228.541854 0.000000
33.637205 0.000000
0.000000 0.000000
0.000000 0.000000
0.000000 0.000000
0.000000 0.000000
0.000000 0.000000
0.000000 0.000000
0.000000 0.000000
0.000000 0.000000
0.000000 0.000000
0.000000 0.000000
0.000000 0.000000
0.000000 0.000000
0.000000 0.000000
0.000000 0.000000
0.000000 0.000000
0.000000 0.000000
0.000000 0.000000
0.000000 0.000000
0.000000 0.000000
0.000000 0.000000
0.000000 0.000000
0.000000 0.000000
0.000000 0.000000
0.000000 0.000000
0.000000 0.000000
0.000000 0.000000
2.285322 0.000000
4.552288 0.000000
6.800898 0.000000
11.243050 0.000000
18.837845 0.000000
25.152309 0.000000
31.283213 0.000000
44.054400 0.000000
54.246569 0.000000
63.796278 0.000000
81.243656 0.000000
95.848230 0.000000
113.892190 0.000000
127.643177 0.000000
138.225417 0.000000
135.693444 0.000000
108.339076 0.000000
56.933759 0.000000
15.449432 0.000000
0.000000 0.000000
0.000000 0.000000
0.000000 0.000000
0.000000 0.000000
0.000000 0.000000
0.000000 0.000000
0.000000 0.000000
0.000000 0.000000
0.000000 0.000000
0.000000 0.000000
0.000000 0.000000
0.000000 0.000000
0.000000 0.000000
0.000000 0.000000
0.000000 0.000000
0.000000 0.000000
0.000000 0.000000
0.000000 0.000000
0.000000 0.000000
0.000000 0.000000
0.000000 0.000000
0.000000 0.000000
0.000000 0.000000
0.000000 0.000000
0.000000 0.000000
47.829682 0.000000
70.749861 0.000000
116.032087 0.000000
160.570137 0.000000
204.364011 0.000000
283.166798 0.000000
391.248990 0.000000
492.681560 0.000000
604.237367 0.000000
706.269051 0.000000
794.587526 0.000000
998.918044 0.000000
1223.854024 0.000000
1402.034546 0.000000
1632.963724 0.000000
1808.685893 0.000000
1884.023276 0.000000
1790.756257 0.000000
1478.052337 0.000000
1618.668600 0.000000
1664.149338 0.000000
1548.376903 0.000000
1007.865743 0.000000
531.857544 0.000000
651.394130 0.000000
743.745651 0.000000
849.534414 0.000000
909.661181 0.000000
925.743464 0.000000
766.215844 0.000000
647.820091 0.000000
657.138563 0.000000
608.560275 0.000000
547.403358 0.000000
383.114815 0.000000
261.737465 0.000000
182.189440 0.000000
93.488948 0.000000
0.000000 0.000000
0.000000 0.000000
0.000000 0.000000
0.000000 0.000000
0.000000 0.000000
0.000000 0.000000
0.000000 0.000000
0.000000 0.000000
0.000000 0.000000
0.000000 0.000000
0.000000 0.000000
0.000000 0.000000
0.000000 0.000000
0.000000 0.000000
0.000000 0.000000
0.000000 0.000000
0.000000 0.000000
0.000000 0.000000
0.000000 0.000000
0.000000 0.000000
0.000000 0.000000
0.000000 0.000000
0.000000 0.000000
0.000000 0.000000
0.000000 0.000000
0.000000 0.000000
0.000000 0.000000
0.000000 0.000000
0.000000 0.000000
0.000000 0.000000
0.000000 0.000000
0.000000 0.000000
0.000000 0.000000
0.000000 0.000000
0.000000 0.000000
0.000000 0.000000
0.000000 0.000000
0.000000 0.000000
0.000000 0.000000
0.000000 0.000000
0.000000 0.000000
0.000000 0.000000
0.000000 0.000000
0.000000 0.000000
0.000000 0.000000
0.000000 0.000000
0.000000 0.000000
0.000000 0.000000
7.152774 0.000000
14.248096 0.000000
28.266384 0.000000
35.189350 0.000000
55.613536 0.000000
62.306694 0.000000
75.520654 0.000000
145.844414 0.000000
214.159992 0.000000
269.133555 0.000000
381.390440 0.000000
507.276229 0.000000
686.833833 0.000000
937.636670 0.000000
1153.277269 0.000000
1392.340944 0.000000
1622.124377 0.000000
1752.452022 0.000000
1981.166192 0.000000
2277.678871 0.000000
2545.823534 0.000000
2576.533052 0.000000
2369.911540 0.000000
1712.221434 0.000000
884.968212 0.000000
221.826401 0.000000
0.000000 0.000000
0.000000 0.000000
0.000000 0.000000
0.000000 0.000000
0.000000 0.000000
0.000000 0.000000
0.000000 0.000000
0.000000 0.000000
0.000000 0.000000
0.000000 0.000000
0.000000 0.000000
0.000000 0.000000
0.000000 0.000000
0.000000 0.000000
0.000000 0.000000
0.000000 0.000000
0.000000 0.000000
0.000000 0.000000
17.934225 0.000000
17.934225 0.000000
35.724400 0.000000
53.370525 0.000000
70.872600 0.000000
105.444600 0.000000
139.440400 0.000000
172.860000 0.000000
205.703400 0.000000
245.929473 0.000000
338.841717 0.000000
459.251841 0.000000
546.173484 0.000000
624.687309 0.000000
711.560589 0.000000
816.052588 0.000000
950.219865 0.000000
1071.655202 0.000000
1101.392253 0.000000
997.619392 0.000000
701.338513 0.000000
277.400436 0.000000
0.000000 0.000000
0.000000 0.000000
3.528081 0.000000
7.027824 0.000000
10.499229 0.000000
80.900481 0.000000
149.013907 0.000000
218.247751 0.000000
319.230119 0.000000
422.003770 0.000000
619.825964 0.000000
902.674371 0.000000
1031.602263 0.000000
1242.774438 0.000000
1571.285446 0.000000
1960.526274 0.000000
2521.023345 0.000000
2980.358335 0.000000
3537.133240 0.000000
3801.819794 0.000000
3705.634678 0.000000
2970.434932 0.000000
2085.162653 0.000000
1844.268738 0.000000
1272.607437 0.000000
1138.107086 0.000000
1886.774760 0.000000
3201.854892 0.000000
5099.564998 0.000000
6332.094194 0.000000
8333.157951 0.000000
8830.703595 0.000000
10987.804665 0.000000
12445.577946 0.000000
14576.269409 0.000000
18299.273533 0.000000
21143.815695 0.000000
26483.307241 0.000000
30901.298051 0.000000
34844.256752 0.000000
35963.866266 0.000000
32931.462238 0.000000
21172.930739 0.000000
20499.943005 0.000000
16962.611101 0.000000
7151.549262 0.000000
1074.483189 0.000000
1141.699830 0.000000
1356.200628 0.000000
1375.244950 0.000000
1462.501123 0.000000
1565.736469 0.000000
1803.134357 0.000000
1719.801497 0.000000
2205.540601 0.000000
2568.682204 0.000000
2944.281560 0.000000
3409.266648 0.000000
3804.841872 0.000000
4143.446199 0.000000
4178.980498 0.000000
3728.472546 0.000000
2785.462918 0.000000
2728.162091 0.000000
2091.465037 0.000000
846.196164 0.000000
464.215301 0.000000
513.691422 0.000000
187.683657 0.000000
123.246869 0.000000
0.000000 0.000000
0.000000 0.000000
0.000000 0.000000
0.000000 0.000000
0.000000 0.000000
0.000000 0.000000
0.000000 0.000000
0.000000 0.000000
0.000000 0.000000
0.000000 0.000000
0.000000 0.000000
0.000000 0.000000
0.000000 0.000000
0.000000 0.000000
0.000000 0.000000
0.000000 0.000000
0.000000 0.000000
0.000000 0.000000
0.000000 0.000000
0.000000 0.000000
0.000000 0.000000
0.000000 0.000000
0.000000 0.000000
0.000000 0.000000
0.000000 0.000000
0.000000 0.000000
0.000000 0.000000
0.000000 0.000000
0.000000 0.000000
0.000000 0.000000
0.000000 0.000000
0.000000 0.000000
0.000000 0.000000
0.000000 0.000000
0.000000 0.000000
0.000000 0.000000
0.000000 0.000000
13.114581 0.000000
26.123824 0.000000
39.027729 0.000000
51.826296 0.000000
64.519525 0.000000
77.107416 0.000000
114.239061 0.000000
150.369769 0.000000
170.013831 0.000000
243.986618 0.000000
326.280583 0.000000
387.593081 0.000000
479.627080 0.000000
590.426653 0.000000
696.210857 0.000000
774.546248 0.000000
839.511274 0.000000
849.830549 0.000000
723.858533 0.000000
409.073222 0.000000
251.690344 0.000000
9.960637 0.000000
19.841268 0.000000
39.362516 0.000000
49.003132 0.000000
91.385678 0.000000
123.207559 0.000000
145.308824 0.000000
183.851158 0.000000
224.653512 0.000000
263.375761 0.000000
299.577624 0.000000
372.121765 0.000000
424.164927 0.000000
505.149984 0.000000
553.123055 0.000000
584.221267 0.000000
557.291923 0.000000
444.507318 0.000000
310.950842 0.000000
320.068956 0.000000
272.847162 0.000000
201.530003 0.000000
294.129066 0.000000
393.613680 0.000000
568.070451 0.000000
688.601662 0.000000
901.168314 0.000000
986.413478 0.000000
1199.369065 0.000000
1326.368932 0.000000
1557.454008 0.000000
1780.553426 0.000000
2124.842786 0.000000
2324.293859 0.000000
2544.415519 0.000000
2566.815407 0.000000
2378.733863 0.000000
1809.665383 0.000000
1393.641166 0.000000
1473.518161 0.000000
1485.356232 0.000000
1354.437803 0.000000
889.355234 0.000000
338.506508 0.000000
88.693694 0.000000
45.208361 0.000000
0.000000 0.000000
0.000000 0.000000
0.000000 0.000000
0.000000 0.000000
0.000000 0.000000
0.000000 0.000000
0.000000 0.000000
18.282825 0.000000
36.418800 0.000000
54.407925 0.000000
72.250200 0.000000
133.523245 0.000000
167.739297 0.000000
217.962000 0.000000
282.869704 0.000000
330.008557 0.000000
449.591337 0.000000
514.107258 0.000000
588.791002 0.000000
713.887684 0.000000
866.888724 0.000000
1065.575215 0.000000
1190.067828 0.000000
1314.366044 0.000000
1361.411157 0.000000
1251.537982 0.000000
942.404953 0.000000
248.320894 0.000000
0.000000 0.000000
0.000000 0.000000
0.000000 0.000000
0.000000 0.000000
