4600036.880729 0.000000
4239480.160041 0.000000
3888727.060446 0.000000
3403218.171855 0.000000
2960538.014102 0.000000
2685614.795774 0.000000
2388703.207811 0.000000
2139477.503046 0.000000
1981050.770659 0.000000
1853867.191648 0.000000
1791889.827648 0.000000
1689283.365740 0.000000
1579649.906169 0.000000
1551727.754639 0.000000
1368273.652562 0.000000
1315648.798867 0.000000
1252457.420794 0.000000
1162972.363345 0.000000
1047909.458702 0.000000
949142.619620 0.000000
831263.511353 0.000000
808555.636008 0.000000
781429.992861 0.000000
758035.269397 0.000000
707128.613735 0.000000
630418.461256 0.000000
588544.418779 0.000000
582844.946660 0.000000
551186.448535 0.000000
493220.941732 0.000000
468399.072014 0.000000
451809.842652 0.000000
413501.616161 0.000000
420178.880741 0.000000
429431.757737 0.000000
433347.405338 0.000000
423286.078641 0.000000
423617.896176 0.000000
416397.818200 0.000000
374387.758557 0.000000
315288.394252 0.000000
189432.384813 0.000000
59715.909327 0.000000
64954.914811 0.000000
84672.221092 0.000000
99108.950455 0.000000
113008.804191 0.000000
134743.448334 0.000000
162958.452819 0.000000
198228.723293 0.000000
230261.732347 0.000000
242975.914090 0.000000
265977.380600 0.000000
286228.102851 0.000000
280081.039712 0.000000
270349.775392 0.000000
282989.536040 0.000000
260914.457938 0.000000
171229.420087 0.000000
11188.752666 0.000000
0.000000 0.000000
0.000000 0.000000
0.000000 0.000000
0.000000 0.000000
0.000000 0.000000
0.000000 0.000000
0.000000 0.000000
0.000000 0.000000
0.000000 0.000000
46.838829 0.000000
93.206916 0.000000
139.104261 0.000000
229.486725 0.000000
339.757946 0.000000
383.066211 0.000000
622.850380 0.000000
731.885958 0.000000
808.028317 0.000000
910.591201 0.000000
1104.419028 0.000000
1260.999586 0.000000
1541.444037 0.000000
1809.590223 0.000000
1991.649697 0.000000
2190.126541 0.000000
2286.688078 0.000000
2103.541211 0.000000
1480.819413 0.000000
512.551912 0.000000
475.039617 0.000000
531.116992 0.000000
573.410298 0.000000
596.800188 0.000000
568.099171 0.000000
462.784054 0.000000
234.472007 0.000000
8.694201 0.000000
0.000000 0.000000
0.000000 0.000000
0.000000 0.000000
0.000000 0.000000
26.837737 0.000000
53.405748 0.000000
79.704033 0.000000
131.491425 0.000000
169.590129 0.000000
219.489441 0.000000
268.309849 0.000000
351.048217 0.000000
506.814996 0.000000
619.762696 0.000000
778.294113 0.000000
898.153549 0.000000
1027.419784 0.000000
1180.017308 0.000000
1289.121549 0.000000
1344.145776 0.000000
1302.625143 0.000000
967.803195 0.000000
222.247443 0.000000
0.000000 0.000000
0.000000 0.000000
0.000000 0.000000
0.000000 0.000000
0.000000 0.000000
0.000000 0.000000
0.000000 0.000000
0.000000 0.000000
0.000000 0.000000
0.000000 0.000000
0.000000 0.000000
0.000000 0.000000
0.000000 0.000000
0.000000 0.000000
0.000000 0.000000
0.000000 0.000000
0.000000 0.000000
0.000000 0.000000
0.000000 0.000000
0.000000 0.000000
0.000000 0.000000
0.000000 0.000000
0.000000 0.000000
65.336675 0.000000
130.016700 0.000000
194.040075 0.000000
299.927704 0.000000
435.230559 0.000000
526.804331 0.000000
582.255858 0.000000
700.089394 0.000000
928.731084 0.000000
1117.588021 0.000000
1493.089406 0.000000
1731.380433 0.000000
2095.246908 0.000000
2482.987291 0.000000
2906.531452 0.000000
3230.373618 0.000000
3327.183338 0.000000
3245.279935 0.000000
2801.875888 0.000000
2552.948672 0.000000
1700.434897 0.000000
896.334795 0.000000
1168.041236 0.000000
1467.387767 0.000000
1699.153582 0.000000
1990.871533 0.000000
2138.543727 0.000000
2232.116428 0.000000
2408.577248 0.000000
2523.906062 0.000000
2538.828438 0.000000
2493.397248 0.000000
2630.288257 0.000000
2516.609944 0.000000
2045.310053 0.000000
1904.814590 0.000000
1564.271964 0.000000
1436.956230 0.000000
1494.874497 0.000000
1398.121306 0.000000
1169.030351 0.000000
1097.391994 0.000000
1200.728348 0.000000
1171.274868 0.000000
849.234698 0.000000
770.298667 0.000000
627.922057 0.000000
381.243873 0.000000
210.116800 0.000000
141.385296 0.000000
16.693209 0.000000
0.966145 0.000000
1.922580 0.000000
3.806320 0.000000
4.733625 0.000000
6.559105 0.000000
8.345745 0.000000
11.377780 0.000000
14.288433 0.000000
21.221505 0.000000
27.994320 0.000000
31.264308 0.000000
38.481360 0.000000
42.663949 0.000000
46.041623 0.000000
47.521823 0.000000
43.447679 0.000000
30.264887 0.000000
17.954844 0.000000
21.021278 0.000000
23.422797 0.000000
24.091623 0.000000
22.472684 0.000000
16.529776 0.000000
6.515538 0.000000
7.220265 0.000000
8.540490 0.000000
10.063373 0.000000
11.087674 0.000000
11.568833 0.000000
11.260882 0.000000
9.232274 0.000000
5.690657 0.000000
5.971524 0.000000
5.855681 0.000000
4.936784 0.000000
2.509217 0.000000
2.614289 0.000000
2.992441 0.000000
3.168096 0.000000
3.086485 0.000000
2.410813 0.000000
0.891585 0.000000
0.045144 0.000000
0.089376 0.000000
0.132696 0.000000
0.185535 0.000000
0.246867 0.000000
0.296400 0.000000
0.353628 0.000000
0.422323 0.000000
0.483716 0.000000
0.655755 0.000000
0.739151 0.000000
0.828543 0.000000
0.919131 0.000000
1.002847 0.000000
1.038657 0.000000
0.949239 0.000000
0.684093 0.000000
0.666827 0.000000
0.625735 0.000000
0.375074 0.000000
0.164906 0.000000
0.031584 0.000000
0.044709 0.000000
0.055909 0.000000
0.061236 0.000000
0.072345 0.000000
0.075208 0.000000
0.089709 0.000000
0.105949 0.000000
0.124477 0.000000
0.135309 0.000000
0.134488 0.000000
0.119085 0.000000
0.066983 0.000000
14.752613 0.000000
29.290932 0.000000
56.247284 0.000000
96.896193 0.000000
109.094632 0.000000
134.985628 0.000000
172.258430 0.000000
233.979015 0.000000
267.151986 0.000000
337.614071 0.000000
390.270214 0.000000
455.875830 0.000000
624.418553 0.000000
709.796489 0.000000
848.656681 0.000000
951.333423 0.000000
1007.613816 0.000000
937.535046 0.000000
605.359465 0.000000
223.031119 0.000000
0.000000 0.000000
0.000000 0.000000
0.000000 0.000000
0.000000 0.000000
0.000000 0.000000
10.767492 0.000000
16.097130 0.000000
31.923720 0.000000
47.479770 0.000000
75.331863 0.000000
109.663389 0.000000
140.004450 0.000000
190.094931 0.000000
220.408938 0.000000
266.414265 0.000000
324.336879 0.000000
365.540121 0.000000
415.387116 0.000000
451.957390 0.000000
438.957969 0.000000
322.335021 0.000000
265.440321 0.000000
269.065557 0.000000
248.017545 0.000000
172.171656 0.000000
20.777472 0.000000
1.346036 0.000000
2.678544 0.000000
40.035814 0.000000
75.711709 0.000000
75.711709 0.000000
112.310749 0.000000
148.520592 0.000000
183.096030 0.000000
220.984198 0.000000
323.731841 0.000000
391.646953 0.000000
506.673780 0.000000
631.995606 0.000000
749.193975 0.000000
961.759217 0.000000
1162.422813 0.000000
1369.409962 0.000000
1582.549671 0.000000
1736.846773 0.000000
1771.260574 0.000000
1632.951252 0.000000
1088.090165 0.000000
963.868226 0.000000
1038.112966 0.000000
998.892707 0.000000
791.070938 0.000000
427.485253 0.000000
488.809225 0.000000
585.740718 0.000000
722.594523 0.000000
853.273667 0.000000
983.580372 0.000000
1036.464530 0.000000
963.367526 0.000000
659.985932 0.000000
555.224007 0.000000
576.848449 0.000000
535.261669 0.000000
278.005398 0.000000
97.124785 0.000000
84.403100 0.000000
105.405685 0.000000
120.057088 0.000000
129.228874 0.000000
127.325183 0.000000
103.456880 0.000000
50.747976 0.000000
14.141570 0.000000
10.349194 0.000000
11.975924 0.000000
16.965892 0.000000
20.062999 0.000000
24.442457 0.000000
28.327890 0.000000
30.415200 0.000000
33.026006 0.000000
32.811700 0.000000
27.226791 0.000000
9.616539 0.000000
10.939226 0.000000
13.290473 0.000000
15.237932 0.000000
17.328813 0.000000
18.054814 0.000000
16.270901 0.000000
10.798082 0.000000
3.531199 0.000000
0.975564 0.000000
1.294673 0.000000
1.563244 0.000000
1.799978 0.000000
2.218083 0.000000
2.823354 0.000000
3.219304 0.000000
3.631471 0.000000
3.961699 0.000000
4.020720 0.000000
3.135782 0.000000
1.410601 0.000000
0.310908 0.000000
0.329230 0.000000
0.418220 0.000000
0.524505 0.000000
0.675824 0.000000
0.786518 0.000000
0.871368 0.000000
0.970251 0.000000
1.056494 0.000000
1.077655 0.000000
0.896966 0.000000
0.540243 0.000000
0.376080 0.000000
0.172324 0.000000
0.153079 0.000000
0.187184 0.000000
0.237122 0.000000
0.297474 0.000000
0.329344 0.000000
0.359264 0.000000
0.370616 0.000000
0.334782 0.000000
0.178250 0.000000
0.179098 0.000000
0.161581 0.000000
0.117153 0.000000
0.047716 0.000000
0.001435 0.000000
0.000000 0.000000
0.000000 0.000000
0.000000 0.000000
0.000000 0.000000
0.000000 0.000000
0.000000 0.000000
0.000000 0.000000
27.994325 0.000000
55.707300 0.000000
83.138925 0.000000
137.158125 0.000000
190.051925 0.000000
267.282500 0.000000
341.840076 0.000000
378.063806 0.000000
505.163445 0.000000
603.143534 0.000000
817.250703 0.000000
917.411135 0.000000
1054.604247 0.000000
1194.224174 0.000000
1269.696423 0.000000
1287.914349 0.000000
1188.739770 0.000000
932.045079 0.000000
740.341455 0.000000
691.772815 0.000000
411.291003 0.000000
6.893712 0.000000
8.573175 0.000000
15.115167 0.000000
21.375783 0.000000
30.239127 0.000000
41.063164 0.000000
47.846907 0.000000
56.134032 0.000000
67.353804 0.000000
75.720372 0.000000
84.610291 0.000000
85.120907 0.000000
72.566223 0.000000
34.271218 0.000000
16.623536 0.000000
3.990532 0.000000
4.998675 0.000000
6.333379 0.000000
8.064504 0.000000
10.147484 0.000000
13.333500 0.000000
15.674861 0.000000
18.668582 0.000000
20.373994 0.000000
21.911101 0.000000
22.701186 0.000000
21.298209 0.000000
15.372495 0.000000
7.494374 0.000000
4.625451 0.000000
2.383414 0.000000
1.623453 0.000000
1.976637 0.000000
2.274870 0.000000
2.521319 0.000000
2.686368 0.000000
2.694252 0.000000
2.247719 0.000000
1.095570 0.000000
0.947916 0.000000
1.073324 0.000000
1.200732 0.000000
1.326812 0.000000
13.389786 0.000000
25.170196 0.000000
36.502787 0.000000
47.504023 0.000000
70.535185 0.000000
70.535185 0.000000
93.075015 0.000000
151.164283 0.000000
212.751842 0.000000
296.235852 0.000000
361.344276 0.000000
468.243994 0.000000
588.273666 0.000000
732.723927 0.000000
795.930728 0.000000
875.348267 0.000000
885.880689 0.000000
853.963068 0.000000
584.880730 0.000000
474.696865 0.000000
555.001643 0.000000
668.380407 0.000000
818.126808 0.000000
969.884285 0.000000
1152.803064 0.000000
1324.358666 0.000000
1515.622591 0.000000
1538.970690 0.000000
1351.214442 0.000000
1016.708437 0.000000
699.162395 0.000000
770.296585 0.000000
813.801925 0.000000
790.865691 0.000000
691.474225 0.000000
537.241290 0.000000
557.724153 0.000000
536.686355 0.000000
406.243689 0.000000
222.819183 0.000000
34.114050 0.000000
27.184815 0.000000
30.423631 0.000000
41.476350 0.000000
50.608747 0.000000
56.520028 0.000000
70.678784 0.000000
82.651813 0.000000
99.872396 0.000000
116.305474 0.000000
137.729440 0.000000
155.383684 0.000000
170.383063 0.000000
175.382769 0.000000
169.223531 0.000000
138.215465 0.000000
48.169628 0.000000
4.314325 0.000000
5.150640 0.000000
7.606486 0.000000
9.199468 0.000000
11.139807 0.000000
14.131073 0.000000
17.323673 0.000000
19.341449 0.000000
23.574932 0.000000
29.876076 0.000000
35.245772 0.000000
39.814558 0.000000
42.447431 0.000000
41.281499 0.000000
32.098383 0.000000
17.738691 0.000000
10.635945 0.000000
2.497189 0.000000
3.351283 0.000000
4.245871 0.000000
4.838708 0.000000
6.161135 0.000000
7.128669 0.000000
7.681738 0.000000
9.035420 0.000000
10.379397 0.000000
10.755480 0.000000
10.200906 0.000000
7.597733 0.000000
4.766087 0.000000
5.226554 0.000000
5.499076 0.000000
5.332688 0.000000
3.536423 0.000000
1.289917 0.000000
1.610669 0.000000
1.937363 0.000000
2.366875 0.000000
2.657258 0.000000
2.728253 0.000000
2.354954 0.000000
1.547782 0.000000
0.343617 0.000000
0.228570 0.000000
0.305179 0.000000
0.402858 0.000000
0.470745 0.000000
0.543307 0.000000
0.612216 0.000000
0.676140 0.000000
0.686131 0.000000
0.622721 0.000000
0.433066 0.000000
0.075781 0.000000
0.000000 0.000000
0.000000 0.000000
0.000000 0.000000
0.000000 0.000000
0.000000 0.000000
0.000000 0.000000
0.000000 0.000000
0.000000 0.000000
0.000000 0.000000
0.000000 0.000000
0.000000 0.000000
0.000000 0.000000
0.000000 0.000000
0.000000 0.000000
0.000000 0.000000
0.000000 0.000000
0.000000 0.000000
0.000000 0.000000
0.000000 0.000000
0.000000 0.000000
0.000000 0.000000
0.000000 0.000000
0.000000 0.000000
0.000000 0.000000
0.000000 0.000000
0.000000 0.000000
0.000000 0.000000
0.000000 0.000000
0.000000 0.000000
0.000000 0.000000
0.000000 0.000000
0.000000 0.000000
0.000000 0.000000
0.000000 0.000000
0.000000 0.000000
0.000000 0.000000
0.000000 0.000000
0.000000 0.000000
0.000000 0.000000
0.000000 0.000000
0.000000 0.000000
0.000000 0.000000
0.000000 0.000000
0.000000 0.000000
2.762518 0.000000
5.497272 0.000000
10.883488 0.000000
21.322752 0.000000
28.860678 0.000000
33.747142 0.000000
42.027755 0.000000
48.857699 0.000000
57.547831 0.000000
71.735235 0.000000
84.423383 0.000000
97.833491 0.000000
116.372870 0.000000
129.355996 0.000000
137.320728 0.000000
129.262055 0.000000
99.517855 0.000000
31.107569 0.000000
0.000000 0.000000
0.000000 0.000000
0.000000 0.000000
0.000000 0.000000
0.000000 0.000000
0.000000 0.000000
0.363175 0.000000
0.363175 0.000000
0.722700 0.000000
1.078575 0.000000
1.779375 0.000000
2.124300 0.000000
3.302247 0.000000
4.115199 0.000000
4.750303 0.000000
5.976711 0.000000
6.858192 0.000000
8.653020 0.000000
10.175088 0.000000
12.303808 0.000000
13.781476 0.000000
16.123440 0.000000
17.670760 0.000000
17.971804 0.000000
15.699192 0.000000
8.700024 0.000000
1.848264 0.000000
0.000000 0.000000
0.000000 0.000000
0.000000 0.000000
0.000000 0.000000
0.000000 0.000000
0.000000 0.000000
0.000000 0.000000
0.000000 0.000000
0.000000 0.000000
0.000000 0.000000
0.000000 0.000000
0.000000 0.000000
0.000000 0.000000
0.000000 0.000000
0.000000 0.000000
0.000000 0.000000
0.000000 0.000000
0.000000 0.000000
0.000000 0.000000
0.000000 0.000000
0.000000 0.000000
0.000000 0.000000
0.000000 0.000000
0.000000 0.000000
0.000000 0.000000
0.000000 0.000000
0.000000 0.000000
0.000000 0.000000
0.000000 0.000000
0.000000 0.000000
0.000000 0.000000
0.000000 0.000000
0.000000 0.000000
0.000000 0.000000
0.000000 0.000000
0.000000 0.000000
0.000000 0.000000
0.000000 0.000000
0.000000 0.000000
0.000000 0.000000
0.000000 0.000000
0.000000 0.000000
0.000000 0.000000
0.000000 0.000000
0.000000 0.000000
0.000000 0.000000
0.000000 0.000000
0.000000 0.000000
0.000000 0.000000
0.000000 0.000000
0.000000 0.000000
0.000000 0.000000
0.000000 0.000000
0.000000 0.000000
0.000000 0.000000
0.000000 0.000000
0.000000 0.000000
0.000000 0.000000
0.000000 0.000000
0.000000 0.000000
0.000000 0.000000
0.000000 0.000000
0.000000 0.000000
0.000000 0.000000
0.000000 0.000000
0.000000 0.000000
0.000000 0.000000
0.000000 0.000000
0.000000 0.000000
0.000000 0.000000
0.000000 0.000000
0.000000 0.000000
0.000000 0.000000
0.000000 0.000000
0.000000 0.000000
0.000000 0.000000
0.000000 0.000000
0.000000 0.000000
0.000000 0.000000
0.000000 0.000000
0.000000 0.000000
0.000000 0.000000
0.000000 0.000000
0.000000 0.000000
0.000000 0.000000
0.000000 0.000000
0.000000 0.000000
0.000000 0.000000
0.000000 0.000000
0.000000 0.000000
0.000000 0.000000
0.000000 0.000000
0.000000 0.000000
0.000000 0.000000
0.000000 0.000000
0.000000 0.000000
0.000000 0.000000
0.000000 0.000000
0.000000 0.000000
0.000000 0.000000
0.000000 0.000000
0.000000 0.000000
0.000000 0.000000
0.000000 0.000000
0.000000 0.000000
0.000000 0.000000
0.000000 0.000000
0.000000 0.000000
0.000000 0.000000
0.000000 0.000000
0.000000 0.000000
0.000000 0.000000
0.000000 0.000000
0.000000 0.000000
0.000000 0.000000
0.000000 0.000000
0.000000 0.000000
0.000000 0.000000
0.000000 0.000000
0.000000 0.000000
0.000000 0.000000
0.000000 0.000000
0.000000 0.000000
0.000000 0.000000
0.000000 0.000000
0.000000 0.000000
0.000000 0.000000
0.000000 0.000000
0.000000 0.000000
0.000000 0.000000
0.000000 0.000000
0.000000 0.000000
0.000000 0.000000
0.000000 0.000000
0.000000 0.000000
0.000000 0.000000
0.000000 0.000000
0.000000 0.000000
0.000000 0.000000
0.000000 0.000000
0.000000 0.000000
0.000000 0.000000
0.000000 0.000000
0.000000 0.000000
0.000000 0.000000
0.000000 0.000000
0.000000 0.000000
0.000000 0.000000
0.000000 0.000000
0.000000 0.000000
0.000000 0.000000
0.000000 0.000000
0.000000 0.000000
0.000000 0.000000
0.000000 0.000000
0.000000 0.000000
0.000000 0.000000
0.000000 0.000000
0.000000 0.000000
0.000000 0.000000
0.000000 0.000000
0.000000 0.000000
0.000000 0.000000
0.000000 0.000000
0.000000 0.000000
0.000000 0.000000
0.000000 0.000000
0.000000 0.000000
0.000000 0.000000
0.000000 0.000000
0.000000 0.000000
0.000000 0.000000
0.000000 0.000000
0.000000 0.000000
0.000000 0.000000
0.000000 0.000000
0.000000 0.000000
0.000000 0.000000
0.000000 0.000000
0.000000 0.000000
0.000000 0.000000
0.000000 0.000000
0.000000 0.000000
0.000000 0.000000
0.000000 0.000000
0.000000 0.000000
0.000000 0.000000
0.000000 0.000000
0.000000 0.000000
0.000000 0.000000
0.000000 0.000000
0.000000 0.000000
0.000000 0.000000
0.000000 0.000000
0.000000 0.000000
0.000000 0.000000
0.000000 0.000000
0.000000 0.000000
0.000000 0.000000
0.000000 0.000000
0.000000 0.000000
0.000000 0.000000
0.000000 0.000000
0.000000 0.000000
0.000000 0.000000
0.000000 0.000000
0.000000 0.000000
0.000000 0.000000
0.000000 0.000000
0.000000 0.000000
0.000000 0.000000
0.000000 0.000000
0.000000 0.000000
0.000000 0.000000
0.000000 0.000000
0.000000 0.000000
0.000000 0.000000
0.000000 0.000000
0.000000 0.000000
0.000000 0.000000
0.000000 0.000000
0.000000 0.000000
0.000000 0.000000
0.000000 0.000000
0.000000 0.000000
12.545955 0.000000
24.965820 0.000000
49.427280 0.000000
61.468875 0.000000
85.173795 0.000000
108.374355 0.000000
142.229520 0.000000
196.132995 0.000000
236.986155 0.000000
303.624720 0.000000
355.825980 0.000000
425.616795 0.000000
516.559165 0.000000
591.724547 0.000000
629.851073 0.000000
576.641270 0.000000
443.932022 0.000000
164.958542 0.000000
0.000000 0.000000
0.000000 0.000000
0.000000 0.000000
0.000000 0.000000
0.000000 0.000000
0.000000 0.000000
0.000000 0.000000
0.000000 0.000000
0.000000 0.000000
0.000000 0.000000
0.000000 0.000000
0.000000 0.000000
0.000000 0.000000
0.000000 0.000000
0.000000 0.000000
0.000000 0.000000
0.000000 0.000000
0.000000 0.000000
0.000000 0.000000
0.000000 0.000000
0.000000 0.000000
0.000000 0.000000
0.000000 0.000000
0.000000 0.000000
0.000000 0.000000
0.000000 0.000000
0.000000 0.000000
0.000000 0.000000
0.000000 0.000000
0.000000 0.000000
0.000000 0.000000
0.000000 0.000000
0.000000 0.000000
0.000000 0.000000
0.000000 0.000000
0.000000 0.000000
0.000000 0.000000
0.000000 0.000000
0.000000 0.000000
0.000000 0.000000
0.000000 0.000000
0.000000 0.000000
0.000000 0.000000
0.000000 0.000000
0.000000 0.000000
0.000000 0.000000
11.428769 0.000000
22.742676 0.000000
33.941721 0.000000
45.025904 0.000000
55.995225 0.000000
66.849684 0.000000
77.589281 0.000000
88.214016 0.000000
109.118900 0.000000
139.614761 0.000000
173.872269 0.000000
204.221600 0.000000
222.595354 0.000000
274.805268 0.000000
326.419965 0.000000
381.221068 0.000000
466.821632 0.000000
544.178767 0.000000
581.034009 0.000000
544.204447 0.000000
398.294159 0.000000
147.873042 0.000000
0.000000 0.000000
0.000000 0.000000
0.000000 0.000000
0.000000 0.000000
0.000000 0.000000
0.000000 0.000000
0.000000 0.000000
0.000000 0.000000
0.000000 0.000000
0.000000 0.000000
0.000000 0.000000
0.000000 0.000000
0.000000 0.000000
0.000000 0.000000
0.000000 0.000000
0.000000 0.000000
0.000000 0.000000
0.000000 0.000000
0.000000 0.000000
0.000000 0.000000
0.000000 0.000000
0.000000 0.000000
0.000000 0.000000
0.000000 0.000000
0.000000 0.000000
0.000000 0.000000
0.000000 0.000000
0.000000 0.000000
0.000000 0.000000
0.000000 0.000000
0.000000 0.000000
0.000000 0.000000
0.000000 0.000000
0.000000 0.000000
0.000000 0.000000
0.000000 0.000000
0.000000 0.000000
0.000000 0.000000
0.000000 0.000000
0.000000 0.000000
0.000000 0.000000
0.000000 0.000000
0.000000 0.000000
0.000000 0.000000
0.000000 0.000000
0.000000 0.000000
0.000000 0.000000
0.000000 0.000000
0.000000 0.000000
0.000000 0.000000
0.000000 0.000000
0.000000 0.000000
0.000000 0.000000
0.000000 0.000000
0.000000 0.000000
0.000000 0.000000
0.000000 0.000000
0.000000 0.000000
0.000000 0.000000
0.000000 0.000000
0.000000 0.000000
0.000000 0.000000
0.000000 0.000000
0.000000 0.000000
0.000000 0.000000
0.000000 0.000000
0.000000 0.000000
0.000000 0.000000
0.000000 0.000000
0.000000 0.000000
0.000000 0.000000
0.000000 0.000000
13.734184 0.000000
27.330336 0.000000
40.788456 0.000000
54.108544 0.000000
97.735703 0.000000
140.451706 0.000000
217.111579 0.000000
288.790995 0.000000
371.843777 0.000000
474.266152 0.000000
572.536930 0.000000
692.767271 0.000000
870.249630 0.000000
949.701370 0.000000
1024.533389 0.000000
1030.298352 0.000000
1037.142776 0.000000
1083.316921 0.000000
1014.159506 0.000000
949.086629 0.000000
850.096219 0.000000
438.790973 0.000000
502.862568 0.000000
566.920113 0.000000
624.678961 0.000000
617.402343 0.000000
501.555886 0.000000
461.138270 0.000000
466.981002 0.000000
433.125552 0.000000
465.824715 0.000000
432.281837 0.000000
449.097628 0.000000
504.946059 0.000000
567.574079 0.000000
660.089643 0.000000
732.450887 0.000000
803.377300 0.000000
803.031027 0.000000
693.504824 0.000000
440.408647 0.000000
230.420910 0.000000
45.827925 0.000000
54.711492 0.000000
80.798157 0.000000
106.038768 0.000000
130.433325 0.000000
165.426978 0.000000
201.995166 0.000000
239.291853 0.000000
261.594731 0.000000
316.141608 0.000000
346.599612 0.000000
389.325357 0.000000
427.567714 0.000000
466.208367 0.000000
474.854435 0.000000
464.460818 0.000000
341.476646 0.000000
154.420760 0.000000
112.711688 0.000000
136.465277 0.000000
148.149462 0.000000
171.132615 0.000000
241.718222 0.000000
304.884781 0.000000
358.705278 0.000000
434.018551 0.000000
527.074649 0.000000
598.918535 0.000000
694.167523 0.000000
730.830268 0.000000
676.093737 0.000000
397.043938 0.000000
472.341204 0.000000
515.921176 0.000000
572.080061 0.000000
635.014920 0.000000
663.427610 0.000000
650.456980 0.000000
753.662592 0.000000
828.795698 0.000000
885.634044 0.000000
908.399905 0.000000
844.148689 0.000000
598.963678 0.000000
532.844159 0.000000
519.331387 0.000000
429.954475 0.000000
209.991724 0.000000
72.413241 0.000000
86.446379 0.000000
98.053498 0.000000
118.773470 0.000000
141.626745 0.000000
178.745643 0.000000
214.526320 0.000000
233.822876 0.000000
249.717202 0.000000
247.452878 0.000000
203.603078 0.000000
125.312913 0.000000
101.791762 0.000000
115.213240 0.000000
128.567454 0.000000
129.680984 0.000000
107.101588 0.000000
42.422499 0.000000
47.155253 0.000000
54.687956 0.000000
58.842924 0.000000
55.528911 0.000000
46.408126 0.000000
39.684647 0.000000
47.588457 0.000000
55.686705 0.000000
60.365718 0.000000
62.529669 0.000000
62.140381 0.000000
50.237407 0.000000
24.926764 0.000000
16.141879 0.000000
19.346394 0.000000
24.268442 0.000000
27.695139 0.000000
30.892062 0.000000
32.573887 0.000000
29.854313 0.000000
16.496545 0.000000
9.142726 0.000000
0.000000 0.000000
0.000000 0.000000
0.000000 0.000000
0.000000 0.000000
0.000000 0.000000
0.000000 0.000000
0.000000 0.000000
0.000000 0.000000
0.000000 0.000000
0.000000 0.000000
0.000000 0.000000
0.000000 0.000000
0.000000 0.000000
0.000000 0.000000
0.000000 0.000000
0.000000 0.000000
0.000000 0.000000
0.000000 0.000000
0.000000 0.000000
0.000000 0.000000
0.000000 0.000000
0.000000 0.000000
0.000000 0.000000
0.000000 0.000000
0.000000 0.000000
0.000000 0.000000
0.000000 0.000000
0.000000 0.000000
0.000000 0.000000
0.000000 0.000000
0.000000 0.000000
0.000000 0.000000
0.000000 0.000000
0.000000 0.000000
0.000000 0.000000
0.000000 0.000000
0.000000 0.000000
0.000000 0.000000
0.000000 0.000000
0.000000 0.000000
0.000000 0.000000
0.000000 0.000000
0.000000 0.000000
0.000000 0.000000
0.000000 0.000000
0.000000 0.000000
0.000000 0.000000
0.000000 0.000000
0.000000 0.000000
0.000000 0.000000
0.000000 0.000000
0.000000 0.000000
0.000000 0.000000
0.000000 0.000000
0.000000 0.000000
0.000000 0.000000
0.000000 0.000000
0.000000 0.000000
0.000000 0.000000
0.000000 0.000000
0.000000 0.000000
0.000000 0.000000
0.000000 0.000000
0.000000 0.000000
0.000000 0.000000
0.000000 0.000000
0.000000 0.000000
0.000000 0.000000
0.000000 0.000000
0.000000 0.000000
0.000000 0.000000
0.000000 0.000000
0.000000 0.000000
0.000000 0.000000
0.000000 0.000000
0.000000 0.000000
0.000000 0.000000
0.000000 0.000000
0.000000 0.000000
0.000000 0.000000
0.000000 0.000000
0.000000 0.000000
0.000000 0.000000
0.000000 0.000000
0.000000 0.000000
0.000000 0.000000
0.000000 0.000000
0.000000 0.000000
0.000000 0.000000
0.000000 0.000000
0.000000 0.000000
0.000000 0.000000
0.000000 0.000000
0.000000 0.000000
0.000000 0.000000
21.929800 0.000000
43.639200 0.000000
65.128200 0.000000
86.396800 0.000000
86.396800 0.000000
117.858900 0.000000
148.770000 0.000000
189.323600 0.000000
258.033300 0.000000
359.341822 0.000000
446.869895 0.000000
544.502402 0.000000
694.791015 0.000000
829.007594 0.000000
954.214256 0.000000
1037.447917 0.000000
1064.630724 0.000000
1071.526250 0.000000
884.371874 0.000000
561.902842 0.000000
367.721667 0.000000
240.717170 0.000000
279.389087 0.000000
355.492109 0.000000
429.940719 0.000000
485.377602 0.000000
609.339551 0.000000
711.694611 0.000000
873.390054 0.000000
1024.331809 0.000000
1205.772851 0.000000
1440.386723 0.000000
1554.868142 0.000000
1718.091116 0.000000
1909.013576 0.000000
2006.045504 0.000000
1845.355686 0.000000
1080.234982 0.000000
1217.568994 0.000000
1336.036373 0.000000
1336.076851 0.000000
1100.976241 0.000000
515.698613 0.000000
271.981373 0.000000
5.159146 0.000000
6.325553 0.000000
7.903225 0.000000
9.088461 0.000000
10.076488 0.000000
12.263625 0.000000
14.879865 0.000000
17.096208 0.000000
18.636720 0.000000
19.544530 0.000000
18.472000 0.000000
13.853385 0.000000
5.754392 0.000000
0.000000 0.000000
0.000000 0.000000
0.000000 0.000000
0.000000 0.000000
0.000000 0.000000
0.000000 0.000000
0.000000 0.000000
0.000000 0.000000
0.000000 0.000000
0.000000 0.000000
0.000000 0.000000
0.000000 0.000000
0.000000 0.000000
0.000000 0.000000
0.000000 0.000000
0.000000 0.000000
0.000000 0.000000
0.000000 0.000000
0.000000 0.000000
0.000000 0.000000
0.000000 0.000000
0.000000 0.000000
0.000000 0.000000
0.000000 0.000000
3.618815 0.000000
7.201260 0.000000
10.747335 0.000000
17.730375 0.000000
27.932160 0.000000
37.806615 0.000000
50.463375 0.000000
61.056056 0.000000
82.250607 0.000000
100.144527 0.000000
108.959626 0.000000
128.790153 0.000000
146.634184 0.000000
157.472412 0.000000
173.948268 0.000000
176.153798 0.000000
151.157320 0.000000
77.521037 0.000000
13.440840 0.000000
0.000000 0.000000
0.000000 0.000000
0.000000 0.000000
0.000000 0.000000
0.000000 0.000000
0.000000 0.000000
0.000000 0.000000
0.000000 0.000000
0.000000 0.000000
0.000000 0.000000
0.000000 0.000000
0.000000 0.000000
0.000000 0.000000
0.000000 0.000000
0.000000 0.000000
0.000000 0.000000
0.000000 0.000000
0.000000 0.000000
0.000000 0.000000
0.000000 0.000000
0.000000 0.000000
0.000000 0.000000
0.000000 0.000000
0.000000 0.000000
0.000000 0.000000
0.000000 0.000000
0.000000 0.000000
0.000000 0.000000
0.000000 0.000000
0.000000 0.000000
0.000000 0.000000
0.000000 0.000000
0.000000 0.000000
0.000000 0.000000
0.000000 0.000000
0.000000 0.000000
0.000000 0.000000
0.000000 0.000000
0.000000 0.000000
0.000000 0.000000
0.000000 0.000000
0.000000 0.000000
0.000000 0.000000
0.000000 0.000000
0.000000 0.000000
0.000000 0.000000
0.000000 0.000000
0.000000 0.000000
0.000000 0.000000
0.000000 0.000000
0.000000 0.000000
0.000000 0.000000
0.000000 0.000000
0.000000 0.000000
0.000000 0.000000
0.000000 0.000000
0.000000 0.000000
0.000000 0.000000
0.000000 0.000000
0.000000 0.000000
0.000000 0.000000
0.000000 0.000000
0.000000 0.000000
0.000000 0.000000
0.000000 0.000000
0.000000 0.000000
0.000000 0.000000
0.000000 0.000000
0.000000 0.000000
0.000000 0.000000
0.000000 0.000000
0.000000 0.000000
0.000000 0.000000
0.000000 0.000000
0.000000 0.000000
0.000000 0.000000
0.000000 0.000000
0.000000 0.000000
0.000000 0.000000
0.000000 0.000000
0.000000 0.000000
0.000000 0.000000
0.000000 0.000000
0.000000 0.000000
0.000000 0.000000
0.000000 0.000000
0.000000 0.000000
0.000000 0.000000
0.000000 0.000000
0.000000 0.000000
35.824710 0.000000
55.970135 0.000000
110.758138 0.000000
130.236818 0.000000
168.579039 0.000000
224.554525 0.000000
278.684598 0.000000
457.902516 0.000000
604.934954 0.000000
678.153428 0.000000
834.375863 0.000000
934.424380 0.000000
1083.515793 0.000000
1137.802937 0.000000
1043.371857 0.000000
800.263135 0.000000
331.871765 0.000000
383.010740 0.000000
445.975206 0.000000
493.825085 0.000000
522.936846 0.000000
489.338457 0.000000
334.488874 0.000000
190.674470 0.000000
226.578285 0.000000
259.822629 0.000000
323.255198 0.000000
364.301877 0.000000
398.782945 0.000000
421.643185 0.000000
444.399996 0.000000
397.298143 0.000000
384.354969 0.000000
375.821686 0.000000
446.074656 0.000000
559.860039 0.000000
719.103703 0.000000
865.848301 0.000000
972.141342 0.000000
1047.300430 0.000000
1042.435767 0.000000
846.257359 0.000000
553.755393 0.000000
239.137216 0.000000
0.000000 0.000000
0.000000 0.000000
0.000000 0.000000
0.000000 0.000000
0.000000 0.000000
0.000000 0.000000
0.000000 0.000000
0.000000 0.000000
0.000000 0.000000
0.000000 0.000000
0.000000 0.000000
0.000000 0.000000
0.000000 0.000000
0.000000 0.000000
0.000000 0.000000
0.000000 0.000000
0.000000 0.000000
0.000000 0.000000
0.000000 0.000000
0.000000 0.000000
0.000000 0.000000
0.000000 0.000000
0.000000 0.000000
0.000000 0.000000
0.000000 0.000000
0.000000 0.000000
0.000000 0.000000
0.000000 0.000000
0.000000 0.000000
0.000000 0.000000
0.000000 0.000000
0.000000 0.000000
0.000000 0.000000
0.000000 0.000000
0.000000 0.000000
0.000000 0.000000
0.000000 0.000000
0.000000 0.000000
0.000000 0.000000
0.000000 0.000000
0.000000 0.000000
0.000000 0.000000
0.000000 0.000000
0.000000 0.000000
0.000000 0.000000
0.000000 0.000000
0.000000 0.000000
0.000000 0.000000
0.000000 0.000000
0.000000 0.000000
0.000000 0.000000
0.000000 0.000000
0.000000 0.000000
0.000000 0.000000
0.000000 0.000000
0.000000 0.000000
0.000000 0.000000
0.000000 0.000000
0.000000 0.000000
0.000000 0.000000
1.407129 0.000000
2.800116 0.000000
4.178961 0.000000
6.894225 0.000000
8.230644 0.000000
12.155049 0.000000
15.326304 0.000000
19.614784 0.000000
23.135984 0.000000
30.871536 0.000000
36.931281 0.000000
44.999124 0.000000
49.637556 0.000000
58.191576 0.000000
62.960977 0.000000
67.423513 0.000000
63.468440 0.000000
43.898604 0.000000
35.271600 0.000000
32.989112 0.000000
22.542000 0.000000
2.388568 0.000000
0.000000 0.000000
0.000000 0.000000
0.000000 0.000000
0.000000 0.000000
0.000000 0.000000
0.000000 0.000000
0.000000 0.000000
0.000000 0.000000
0.000000 0.000000
0.000000 0.000000
0.000000 0.000000
0.000000 0.000000
0.000000 0.000000
0.000000 0.000000
0.000000 0.000000
0.000000 0.000000
0.000000 0.000000
0.000000 0.000000
0.000000 0.000000
0.000000 0.000000
0.000000 0.000000
0.000000 0.000000
0.000000 0.000000
0.000000 0.000000
5.624536 0.000000
11.192544 0.000000
16.704024 0.000000
27.557400 0.000000
38.184664 0.000000
53.701600 0.000000
78.404336 0.000000
90.204556 0.000000
101.637344 0.000000
129.604572 0.000000
156.794540 0.000000
178.162124 0.000000
194.647102 0.000000
230.923946 0.000000
252.030088 0.000000
266.250413 0.000000
266.253946 0.000000
224.723531 0.000000
124.050696 0.000000
91.059542 0.000000
42.180487 0.000000
51.394551 0.000000
59.221964 0.000000
66.821437 0.000000
74.293717 0.000000
80.349345 0.000000
75.980768 0.000000
50.846744 0.000000
24.612356 0.000000
3.355400 0.000000
0.000000 0.000000
0.000000 0.000000
0.000000 0.000000
0.000000 0.000000
0.000000 0.000000
0.000000 0.000000
14.296558 0.000000
28.449432 0.000000
56.324128 0.000000
97.058542 0.000000
136.499800 0.000000
162.075552 0.000000
199.361550 0.000000
252.847919 0.000000
303.388766 0.000000
330.149911 0.000000
380.870363 0.000000
450.449340 0.000000
563.726171 0.000000
642.069887 0.000000
692.520935 0.000000
705.901587 0.000000
653.097780 0.000000
507.617811 0.000000
218.058726 0.000000
0.000000 0.000000
0.000000 0.000000
0.000000 0.000000
0.000000 0.000000
0.000000 0.000000
0.000000 0.000000
0.000000 0.000000
0.000000 0.000000
0.000000 0.000000
0.000000 0.000000
0.000000 0.000000
0.000000 0.000000
0.000000 0.000000
0.000000 0.000000
0.000000 0.000000
0.000000 0.000000
0.000000 0.000000
0.000000 0.000000
0.000000 0.000000
0.000000 0.000000
0.000000 0.000000
0.000000 0.000000
48.424859 0.000000
96.363036 0.000000
143.814531 0.000000
190.779344 0.000000
260.253294 0.000000
373.528619 0.000000
462.104739 0.000000
633.416795 0.000000
756.790676 0.000000
971.295834 0.000000
1307.228124 0.000000
1443.194861 0.000000
1792.389204 0.000000
2104.169891 0.000000
2310.097166 0.000000
2417.957894 0.000000
2277.066199 0.000000
1816.387338 0.000000
466.338714 0.000000
271.984588 0.000000
336.670904 0.000000
465.887020 0.000000
607.373489 0.000000
718.281888 0.000000
884.114685 0.000000
1011.477954 0.000000
1070.928150 0.000000
980.972751 0.000000
665.144741 0.000000
661.656933 0.000000
563.955934 0.000000
376.345517 0.000000
140.492347 0.000000
166.919930 0.000000
196.685884 0.000000
227.243643 0.000000
257.366772 0.000000
283.639322 0.000000
301.573855 0.000000
294.587238 0.000000
238.720881 0.000000
139.727859 0.000000
158.904814 0.000000
163.081678 0.000000
141.688105 0.000000
56.417130 0.000000
0.000000 0.000000
0.000000 0.000000
0.000000 0.000000
0.000000 0.000000
0.000000 0.000000
0.000000 0.000000
0.000000 0.000000
0.000000 0.000000
0.000000 0.000000
0.000000 0.000000
0.000000 0.000000
0.000000 0.000000
0.000000 0.000000
0.000000 0.000000
0.000000 0.000000
0.000000 0.000000
0.000000 0.000000
0.000000 0.000000
0.000000 0.000000
0.000000 0.000000
16.319194 0.000000
32.474376 0.000000
48.465546 0.000000
64.292704 0.000000
79.955850 0.000000
155.729394 0.000000
193.846458 0.000000
258.613942 0.000000
314.375111 0.000000
357.588201 0.000000
401.902534 0.000000
469.502755 0.000000
509.594758 0.000000
642.254452 0.000000
764.985052 0.000000
850.806787 0.000000
870.503704 0.000000
815.200797 0.000000
730.748878 0.000000
616.304480 0.000000
680.755826 0.000000
705.936793 0.000000
696.359310 0.000000
604.851954 0.000000
530.746623 0.000000
594.126981 0.000000
687.581486 0.000000
772.257402 0.000000
818.587701 0.000000
784.566343 0.000000
797.382557 0.000000
790.199182 0.000000
678.166559 0.000000
337.751453 0.000000
104.918476 0.000000
11.731995 0.000000
21.230684 0.000000
26.798860 0.000000
32.267781 0.000000
44.704443 0.000000
56.525622 0.000000
73.384108 0.000000
86.545175 0.000000
98.043798 0.000000
117.855037 0.000000
140.083228 0.000000
156.559574 0.000000
171.646598 0.000000
174.004256 0.000000
162.243439 0.000000
109.297232 0.000000
89.435606 0.000000
34.292434 0.000000
0.000000 0.000000
0.000000 0.000000
0.000000 0.000000
0.000000 0.000000
0.000000 0.000000
0.000000 0.000000
0.000000 0.000000
0.000000 0.000000
0.000000 0.000000
0.000000 0.000000
0.000000 0.000000
0.000000 0.000000
0.000000 0.000000
0.000000 0.000000
0.000000 0.000000
0.000000 0.000000
0.000000 0.000000
0.000000 0.000000
0.000000 0.000000
0.000000 0.000000
0.000000 0.000000
0.000000 0.000000
0.000000 0.000000
0.000000 0.000000
0.000000 0.000000
0.000000 0.000000
0.000000 0.000000
0.000000 0.000000
0.000000 0.000000
0.000000 0.000000
0.000000 0.000000
0.000000 0.000000
0.000000 0.000000
1.067635 0.000000
2.124540 0.000000
3.170715 0.000000
5.230875 0.000000
6.746394 0.000000
11.617642 0.000000
12.561885 0.000000
16.668723 0.000000
22.613019 0.000000
28.793547 0.000000
35.223498 0.000000
41.712499 0.000000
48.550293 0.000000
52.142275 0.000000
53.357653 0.000000
47.373544 0.000000
22.824360 0.000000
0.000000 0.000000
0.000000 0.000000
0.000000 0.000000
0.000000 0.000000
0.000000 0.000000
11.854629 0.000000
23.590116 0.000000
35.206461 0.000000
46.703664 0.000000
78.253595 0.000000
116.411294 0.000000
151.205578 0.000000
235.900115 0.000000
316.552237 0.000000
453.041002 0.000000
578.752276 0.000000
687.991158 0.000000
765.869157 0.000000
861.738699 0.000000
886.465038 0.000000
822.195488 0.000000
363.882641 0.000000
239.108368 0.000000
130.834848 0.000000
109.295289 0.000000
144.224711 0.000000
161.407733 0.000000
178.402963 0.000000
236.384035 0.000000
360.139542 0.000000
417.228663 0.000000
497.228443 0.000000
555.655473 0.000000
650.279743 0.000000
766.711267 0.000000
872.813854 0.000000
899.972539 0.000000
746.959653 0.000000
410.649762 0.000000
437.045920 0.000000
460.848381 0.000000
455.355949 0.000000
383.004998 0.000000
166.197561 0.000000
201.039146 0.000000
245.122081 0.000000
248.355377 0.000000
240.985402 0.000000
159.135972 0.000000
118.601591 0.000000
151.294243 0.000000
166.973445 0.000000
215.036935 0.000000
261.806345 0.000000
299.508352 0.000000
327.720323 0.000000
207.498743 0.000000
250.448981 0.000000
290.875361 0.000000
323.983487 0.000000
359.335934 0.000000
361.396935 0.000000
357.410711 0.000000
303.386833 0.000000
165.070223 0.000000
113.396875 0.000000
17.793677 0.000000
0.000000 0.000000
0.000000 0.000000
0.000000 0.000000
0.000000 0.000000
0.000000 0.000000
0.000000 0.000000
0.000000 0.000000
0.000000 0.000000
0.000000 0.000000
0.000000 0.000000
0.000000 0.000000
0.000000 0.000000
0.000000 0.000000
8.167159 0.000000
16.252236 0.000000
28.215784 0.000000
43.893444 0.000000
70.508620 0.000000
88.874551 0.000000
113.519916 0.000000
148.640995 0.000000
200.701635 0.000000
220.421859 0.000000
263.863819 0.000000
289.042435 0.000000
328.205856 0.000000
366.517464 0.000000
390.341415 0.000000
390.822819 0.000000
335.426076 0.000000
202.030056 0.000000
124.294770 0.000000
0.000000 0.000000
0.000000 0.000000
0.000000 0.000000
0.000000 0.000000
0.000000 0.000000
0.000000 0.000000
0.000000 0.000000
0.000000 0.000000
0.000000 0.000000
0.000000 0.000000
0.000000 0.000000
0.000000 0.000000
0.000000 0.000000
