30580573.155483 0.000000
30091059.901804 0.000000
29800714.710952 0.000000
29361628.946518 0.000000
28491248.122016 0.000000
28122023.987801 0.000000
27487667.392633 0.000000
27409087.833663 0.000000
27309753.690614 0.000000
26495807.325842 0.000000
26539832.940124 0.000000
26881854.924390 0.000000
26714734.421655 0.000000
26477184.178293 0.000000
26205142.632405 0.000000
26432161.679723 0.000000
25970649.581505 0.000000
25828263.192575 0.000000
25440274.165310 0.000000
24704195.136844 0.000000
23538017.716808 0.000000
23740940.384642 0.000000
23402976.977908 0.000000
22669841.935502 0.000000
20795261.286098 0.000000
19626253.773142 0.000000
15722194.716208 0.000000
9386147.100373 0.000000
10440670.645931 0.000000
7434948.007881 0.000000
7296504.364252 0.000000
5893761.200768 0.000000
5010484.853644 0.000000
4732814.083121 0.000000
4162960.693447 0.000000
3973135.177450 0.000000
4225527.406532 0.000000
4169322.607709 0.000000
3473448.181886 0.000000
3500849.959333 0.000000
3251982.583778 0.000000
2576667.472427 0.000000
2535449.506317 0.000000
2522983.867061 0.000000
2625036.983984 0.000000
2495254.044960 0.000000
2436683.830266 0.000000
2150225.943441 0.000000
2062095.863330 0.000000
1974083.182935 0.000000
2097611.691617 0.000000
1918146.069516 0.000000
1765154.924352 0.000000
1535273.847865 0.000000
1647193.486782 0.000000
1855843.411646 0.000000
1966670.469189 0.000000
2125250.245284 0.000000
2086456.675039 0.000000
1648903.683208 0.000000
1496155.614955 0.000000
1491088.413361 0.000000
1331268.318512 0.000000
1442879.337018 0.000000
1605976.402241 0.000000
1700823.815652 0.000000
1684227.078142 0.000000
1686936.772833 0.000000
1614636.176139 0.000000
1323368.664868 0.000000
1333799.172087 0.000000
1399970.822537 0.000000
1311361.459389 0.000000
1214374.308220 0.000000
1081991.801118 0.000000
1070404.742711 0.000000
1139593.610474 0.000000
1147772.414773 0.000000
1214835.843389 0.000000
1318762.359125 0.000000
1421794.258006 0.000000
1439581.240889 0.000000
1416378.516008 0.000000
1077724.603721 0.000000
579975.802640 0.000000
693791.386781 0.000000
823986.629562 0.000000
931594.948358 0.000000
1027655.270659 0.000000
1052236.627481 0.000000
878214.995731 0.000000
834882.123964 0.000000
773624.674412 0.000000
824922.348286 0.000000
985691.940091 0.000000
1144015.362907 0.000000
1328213.983548 0.000000
1494210.421988 0.000000
1615933.746705 0.000000
1691533.408034 0.000000
1658889.101056 0.000000
1429007.418328 0.000000
1317378.689802 0.000000
1458160.654494 0.000000
1575231.328007 0.000000
1528307.618697 0.000000
1142991.572299 0.000000
423963.170211 0.000000
234264.250193 0.000000
268483.426508 0.000000
281170.364491 0.000000
336395.451234 0.000000
400391.494446 0.000000
482401.212294 0.000000
593376.044902 0.000000
706669.163865 0.000000
867635.235256 0.000000
1011499.494466 0.000000
1193008.160709 0.000000
1400805.231442 0.000000
1563610.087314 0.000000
1623364.677358 0.000000
1553616.409703 0.000000
1548829.404031 0.000000
1543489.502526 0.000000
1542361.273677 0.000000
1468653.820158 0.000000
1533810.948464 0.000000
1463874.109390 0.000000
1157244.199913 0.000000
1273956.604143 0.000000
1449866.807134 0.000000
1550600.848732 0.000000
1546520.891834 0.000000
1235565.271520 0.000000
517300.260119 0.000000
214284.527044 0.000000
127161.521103 0.000000
99069.468406 0.000000
125776.600725 0.000000
153251.245836 0.000000
186663.993003 0.000000
217265.556044 0.000000
250757.284174 0.000000
274827.200367 0.000000
295154.080046 0.000000
299068.107967 0.000000
293551.560329 0.000000
209723.376550 0.000000
193231.757738 0.000000
104819.827211 0.000000
55679.572988 0.000000
32591.298682 0.000000
42313.003185 0.000000
55528.332691 0.000000
74118.123601 0.000000
86465.689161 0.000000
103318.450195 0.000000
119096.279791 0.000000
128795.944842 0.000000
142255.555200 0.000000
150115.379549 0.000000
157948.808407 0.000000
59195.155982 0.000000
7470.178743 0.000000
8912.779508 0.000000
10417.711597 0.000000
12968.701572 0.000000
16761.047989 0.000000
20305.868585 0.000000
23121.906506 0.000000
25987.382261 0.000000
29124.627038 0.000000
33226.229267 0.000000
26861.097277 0.000000
8973.176001 0.000000
8989.284414 0.000000
7877.351279 0.000000
5496.590849 0.000000
4739.223383 0.000000
5895.157784 0.000000
6720.850503 0.000000
8204.669924 0.000000
9535.684114 0.000000
10589.214506 0.000000
11327.802067 0.000000
11174.691486 0.000000
9791.179260 0.000000
4993.550516 0.000000
2348.661883 0.000000
757.881951 0.000000
1047.115861 0.000000
1369.826597 0.000000
1541.357954 0.000000
2105.541380 0.000000
2577.343393 0.000000
2993.078956 0.000000
3545.493323 0.000000
4157.547055 0.000000
4675.284037 0.000000
5341.894739 0.000000
5728.962478 0.000000
5737.122567 0.000000
4973.125714 0.000000
3581.546118 0.000000
2667.778318 0.000000
1082.590760 0.000000
342.821982 0.000000
684.269928 0.000000
1024.343838 0.000000
1363.043712 0.000000
1700.369550 0.000000
2370.899118 0.000000
3035.932542 0.000000
3366.388200 0.000000
3745.426582 0.000000
5047.634150 0.000000
6376.852381 0.000000
8611.808111 0.000000
11430.842708 0.000000
14113.632996 0.000000
17162.996586 0.000000
21390.480276 0.000000
26840.607218 0.000000
31379.153933 0.000000
35391.125790 0.000000
40880.867964 0.000000
43809.524439 0.000000
44696.186168 0.000000
41198.990966 0.000000
27709.758896 0.000000
3353.811072 0.000000
4197.828792 0.000000
4763.598912 0.000000
5654.454978 0.000000
6588.130258 0.000000
7708.197958 0.000000
8797.168785 0.000000
9526.927547 0.000000
9808.949200 0.000000
9256.089627 0.000000
7322.632345 0.000000
2386.979656 0.000000
0.000000 0.000000
0.000000 0.000000
0.000000 0.000000
0.000000 0.000000
116.860311 0.000000
233.252244 0.000000
524.036996 0.000000
753.360366 0.000000
1262.405227 0.000000
2038.804030 0.000000
2911.092500 0.000000
3589.815800 0.000000
3944.765592 0.000000
4831.218882 0.000000
5620.910530 0.000000
7095.615506 0.000000
8373.151512 0.000000
9431.226347 0.000000
11077.448656 0.000000
12753.082076 0.000000
13949.921909 0.000000
14428.924579 0.000000
12934.462485 0.000000
8036.790703 0.000000
7116.369429 0.000000
7438.949957 0.000000
7275.000630 0.000000
5986.681379 0.000000
2621.001931 0.000000
2742.745800 0.000000
3304.563662 0.000000
3877.030468 0.000000
4480.817939 0.000000
4920.112840 0.000000
5215.314252 0.000000
5080.321803 0.000000
4280.394201 0.000000
4627.011011 0.000000
5182.085717 0.000000
5636.180232 0.000000
5284.063090 0.000000
2693.323346 0.000000
1835.575479 0.000000
681.833344 0.000000
0.000000 0.000000
0.000000 0.000000
0.000000 0.000000
0.000000 0.000000
0.000000 0.000000
0.000000 0.000000
0.000000 0.000000
0.000000 0.000000
0.000000 0.000000
0.000000 0.000000
0.000000 0.000000
0.000000 0.000000
0.000000 0.000000
0.000000 0.000000
0.000000 0.000000
0.000000 0.000000
0.000000 0.000000
0.000000 0.000000
1.024946 0.000000
2.045784 0.000000
3.062514 0.000000
4.075136 0.000000
5.083650 0.000000
8.084544 0.000000
9.076626 0.000000
12.028224 0.000000
16.865394 0.000000
20.661186 0.000000
22.534434 0.000000
28.961400 0.000000
36.057970 0.000000
45.372860 0.000000
58.025500 0.000000
69.276285 0.000000
82.195945 0.000000
95.756453 0.000000
109.962314 0.000000
121.024593 0.000000
123.831368 0.000000
114.542854 0.000000
83.961994 0.000000
57.614700 0.000000
62.544300 0.000000
64.150528 0.000000
58.714617 0.000000
43.186377 0.000000
4.042272 0.000000
0.000000 0.000000
0.000000 0.000000
0.000000 0.000000
0.000000 0.000000
0.000000 0.000000
0.000000 0.000000
0.000000 0.000000
0.000000 0.000000
0.000000 0.000000
0.000000 0.000000
0.000000 0.000000
0.000000 0.000000
0.000000 0.000000
0.000000 0.000000
0.000000 0.000000
0.000000 0.000000
0.000000 0.000000
0.000000 0.000000
0.000000 0.000000
0.000000 0.000000
0.000000 0.000000
0.000000 0.000000
0.000000 0.000000
0.000000 0.000000
0.000000 0.000000
0.000000 0.000000
0.000000 0.000000
0.000000 0.000000
0.000000 0.000000
0.000000 0.000000
0.000000 0.000000
0.000000 0.000000
0.000000 0.000000
0.000000 0.000000
0.000000 0.000000
0.000000 0.000000
0.000000 0.000000
0.000000 0.000000
0.000000 0.000000
0.000000 0.000000
0.000000 0.000000
0.000000 0.000000
0.000000 0.000000
11.558836 0.000000
23.071344 0.000000
34.537524 0.000000
45.957376 0.000000
51.644138 0.000000
79.915800 0.000000
79.915800 0.000000
91.150340 0.000000
141.103506 0.000000
184.744482 0.000000
248.816106 0.000000
290.603962 0.000000
406.574528 0.000000
497.597466 0.000000
579.968650 0.000000
683.372746 0.000000
795.764474 0.000000
949.446032 0.000000
1093.711424 0.000000
1224.622770 0.000000
1369.872632 0.000000
1409.459908 0.000000
1343.071884 0.000000
1093.885154 0.000000
543.699617 0.000000
167.232498 0.000000
0.000000 0.000000
0.000000 0.000000
0.000000 0.000000
0.000000 0.000000
0.000000 0.000000
0.000000 0.000000
0.000000 0.000000
0.000000 0.000000
0.000000 0.000000
0.000000 0.000000
0.000000 0.000000
0.000000 0.000000
0.000000 0.000000
0.000000 0.000000
0.000000 0.000000
0.000000 0.000000
0.000000 0.000000
0.000000 0.000000
0.000000 0.000000
0.000000 0.000000
0.000000 0.000000
0.000000 0.000000
0.000000 0.000000
0.000000 0.000000
0.000000 0.000000
0.000000 0.000000
0.000000 0.000000
0.000000 0.000000
0.000000 0.000000
0.000000 0.000000
0.000000 0.000000
0.000000 0.000000
0.000000 0.000000
0.000000 0.000000
0.000000 0.000000
0.000000 0.000000
0.000000 0.000000
0.000000 0.000000
0.000000 0.000000
0.000000 0.000000
0.000000 0.000000
0.000000 0.000000
0.000000 0.000000
0.000000 0.000000
0.000000 0.000000
0.000000 0.000000
0.000000 0.000000
0.000000 0.000000
0.000000 0.000000
0.000000 0.000000
0.000000 0.000000
0.000000 0.000000
0.000000 0.000000
0.000000 0.000000
0.000000 0.000000
0.000000 0.000000
0.000000 0.000000
0.000000 0.000000
0.000000 0.000000
0.000000 0.000000
0.000000 0.000000
0.000000 0.000000
0.000000 0.000000
0.000000 0.000000
0.000000 0.000000
0.000000 0.000000
0.000000 0.000000
0.000000 0.000000
0.000000 0.000000
0.000000 0.000000
0.000000 0.000000
0.000000 0.000000
0.000000 0.000000
0.000000 0.000000
0.000000 0.000000
0.000000 0.000000
0.000000 0.000000
0.000000 0.000000
0.000000 0.000000
0.000000 0.000000
0.000000 0.000000
0.000000 0.000000
0.000000 0.000000
0.000000 0.000000
0.000000 0.000000
0.000000 0.000000
0.000000 0.000000
0.000000 0.000000
0.000000 0.000000
0.000000 0.000000
0.000000 0.000000
0.000000 0.000000
0.000000 0.000000
0.000000 0.000000
0.000000 0.000000
0.000000 0.000000
0.000000 0.000000
0.000000 0.000000
0.000000 0.000000
0.000000 0.000000
0.000000 0.000000
0.000000 0.000000
0.000000 0.000000
0.000000 0.000000
0.000000 0.000000
0.000000 0.000000
0.000000 0.000000
0.000000 0.000000
0.000000 0.000000
0.000000 0.000000
0.000000 0.000000
0.000000 0.000000
0.000000 0.000000
0.000000 0.000000
0.000000 0.000000
0.000000 0.000000
0.000000 0.000000
0.000000 0.000000
0.000000 0.000000
0.000000 0.000000
0.000000 0.000000
0.000000 0.000000
0.000000 0.000000
0.000000 0.000000
0.000000 0.000000
0.000000 0.000000
0.000000 0.000000
0.000000 0.000000
0.000000 0.000000
0.000000 0.000000
0.000000 0.000000
0.000000 0.000000
0.000000 0.000000
0.000000 0.000000
0.000000 0.000000
0.000000 0.000000
0.000000 0.000000
0.000000 0.000000
0.000000 0.000000
0.000000 0.000000
0.000000 0.000000
0.000000 0.000000
0.000000 0.000000
0.000000 0.000000
0.000000 0.000000
0.000000 0.000000
0.000000 0.000000
0.000000 0.000000
0.000000 0.000000
0.000000 0.000000
0.000000 0.000000
0.000000 0.000000
0.000000 0.000000
0.000000 0.000000
0.000000 0.000000
0.000000 0.000000
0.000000 0.000000
0.000000 0.000000
0.000000 0.000000
0.000000 0.000000
18.275376 0.000000
36.477504 0.000000
54.606384 0.000000
72.662016 0.000000
72.662016 0.000000
126.389424 0.000000
161.841456 0.000000
197.000496 0.000000
231.866544 0.000000
300.719664 0.000000
385.137984 0.000000
484.022784 0.000000
611.767296 0.000000
764.855616 0.000000
896.372400 0.000000
1049.057856 0.000000
1205.515584 0.000000
1361.121100 0.000000
1610.930322 0.000000
1855.528411 0.000000
2096.810534 0.000000
2284.032761 0.000000
2314.511535 0.000000
2080.970843 0.000000
1375.158766 0.000000
291.840657 0.000000
470.573758 0.000000
604.784430 0.000000
771.164487 0.000000
1016.166520 0.000000
1212.785799 0.000000
1459.161386 0.000000
1722.517439 0.000000
1988.176709 0.000000
2253.732540 0.000000
2523.532325 0.000000
2693.580574 0.000000
2698.079497 0.000000
2381.249937 0.000000
1481.269492 0.000000
0.000000 0.000000
0.000000 0.000000
0.000000 0.000000
0.000000 0.000000
0.000000 0.000000
0.000000 0.000000
0.000000 0.000000
0.000000 0.000000
0.000000 0.000000
0.000000 0.000000
0.000000 0.000000
0.000000 0.000000
0.000000 0.000000
0.000000 0.000000
0.000000 0.000000
0.000000 0.000000
0.000000 0.000000
0.000000 0.000000
0.000000 0.000000
0.000000 0.000000
0.000000 0.000000
0.000000 0.000000
0.000000 0.000000
0.000000 0.000000
0.000000 0.000000
0.000000 0.000000
0.000000 0.000000
0.000000 0.000000
0.000000 0.000000
0.000000 0.000000
0.000000 0.000000
0.000000 0.000000
0.000000 0.000000
0.000000 0.000000
0.000000 0.000000
0.000000 0.000000
0.000000 0.000000
0.000000 0.000000
0.000000 0.000000
0.000000 0.000000
0.000000 0.000000
0.000000 0.000000
0.000000 0.000000
0.000000 0.000000
0.000000 0.000000
0.000000 0.000000
0.000000 0.000000
0.000000 0.000000
0.000000 0.000000
0.000000 0.000000
0.000000 0.000000
0.000000 0.000000
0.000000 0.000000
0.000000 0.000000
0.000000 0.000000
0.000000 0.000000
0.000000 0.000000
0.000000 0.000000
0.000000 0.000000
0.000000 0.000000
0.000000 0.000000
0.000000 0.000000
0.000000 0.000000
0.000000 0.000000
0.000000 0.000000
0.000000 0.000000
0.000000 0.000000
0.000000 0.000000
0.000000 0.000000
0.000000 0.000000
0.000000 0.000000
0.000000 0.000000
0.000000 0.000000
0.000000 0.000000
0.000000 0.000000
0.000000 0.000000
0.000000 0.000000
0.000000 0.000000
0.000000 0.000000
0.000000 0.000000
0.000000 0.000000
0.000000 0.000000
0.000000 0.000000
0.000000 0.000000
0.000000 0.000000
0.000000 0.000000
0.000000 0.000000
0.000000 0.000000
0.000000 0.000000
0.000000 0.000000
0.000000 0.000000
0.000000 0.000000
0.000000 0.000000
0.000000 0.000000
0.000000 0.000000
0.000000 0.000000
0.000000 0.000000
0.000000 0.000000
0.000000 0.000000
0.000000 0.000000
0.000000 0.000000
0.000000 0.000000
0.000000 0.000000
0.000000 0.000000
0.000000 0.000000
0.000000 0.000000
0.000000 0.000000
0.000000 0.000000
0.000000 0.000000
0.000000 0.000000
0.000000 0.000000
0.000000 0.000000
0.000000 0.000000
0.000000 0.000000
0.000000 0.000000
0.000000 0.000000
0.000000 0.000000
0.000000 0.000000
0.000000 0.000000
0.000000 0.000000
0.000000 0.000000
0.000000 0.000000
0.000000 0.000000
0.000000 0.000000
0.000000 0.000000
0.000000 0.000000
0.000000 0.000000
0.000000 0.000000
0.000000 0.000000
0.000000 0.000000
0.000000 0.000000
0.000000 0.000000
0.000000 0.000000
0.000000 0.000000
0.000000 0.000000
0.000000 0.000000
0.000000 0.000000
0.000000 0.000000
0.000000 0.000000
0.000000 0.000000
0.000000 0.000000
0.000000 0.000000
0.000000 0.000000
0.000000 0.000000
0.000000 0.000000
0.000000 0.000000
0.000000 0.000000
0.000000 0.000000
0.000000 0.000000
0.000000 0.000000
0.000000 0.000000
0.000000 0.000000
0.000000 0.000000
0.000000 0.000000
0.000000 0.000000
0.000000 0.000000
0.000000 0.000000
0.000000 0.000000
0.000000 0.000000
0.000000 0.000000
0.000000 0.000000
0.000000 0.000000
0.000000 0.000000
0.000000 0.000000
0.000000 0.000000
0.000000 0.000000
0.000000 0.000000
0.000000 0.000000
0.000000 0.000000
0.000000 0.000000
0.000000 0.000000
0.000000 0.000000
0.000000 0.000000
0.000000 0.000000
0.000000 0.000000
0.000000 0.000000
0.000000 0.000000
0.000000 0.000000
0.000000 0.000000
0.000000 0.000000
0.000000 0.000000
0.000000 0.000000
0.000000 0.000000
0.000000 0.000000
0.000000 0.000000
0.000000 0.000000
0.000000 0.000000
0.000000 0.000000
0.000000 0.000000
0.000000 0.000000
0.000000 0.000000
0.000000 0.000000
0.000000 0.000000
0.000000 0.000000
0.000000 0.000000
0.000000 0.000000
0.000000 0.000000
0.000000 0.000000
0.000000 0.000000
0.000000 0.000000
0.000000 0.000000
0.000000 0.000000
0.000000 0.000000
0.000000 0.000000
0.000000 0.000000
0.000000 0.000000
0.000000 0.000000
0.000000 0.000000
0.000000 0.000000
0.000000 0.000000
0.000000 0.000000
0.000000 0.000000
0.000000 0.000000
0.000000 0.000000
0.000000 0.000000
0.000000 0.000000
0.000000 0.000000
0.000000 0.000000
0.000000 0.000000
0.000000 0.000000
0.000000 0.000000
0.000000 0.000000
0.000000 0.000000
0.000000 0.000000
0.000000 0.000000
0.000000 0.000000
0.000000 0.000000
0.000000 0.000000
0.000000 0.000000
0.000000 0.000000
0.000000 0.000000
0.000000 0.000000
0.000000 0.000000
0.000000 0.000000
0.000000 0.000000
0.000000 0.000000
0.000000 0.000000
0.000000 0.000000
0.000000 0.000000
0.000000 0.000000
0.000000 0.000000
0.000000 0.000000
0.000000 0.000000
0.000000 0.000000
0.000000 0.000000
0.000000 0.000000
0.000000 0.000000
0.000000 0.000000
0.000000 0.000000
0.000000 0.000000
0.000000 0.000000
0.000000 0.000000
0.000000 0.000000
0.000000 0.000000
0.000000 0.000000
0.000000 0.000000
0.000000 0.000000
0.000000 0.000000
0.000000 0.000000
0.000000 0.000000
0.000000 0.000000
0.000000 0.000000
0.000000 0.000000
0.000000 0.000000
0.000000 0.000000
0.000000 0.000000
0.000000 0.000000
0.000000 0.000000
0.000000 0.000000
0.000000 0.000000
0.000000 0.000000
0.000000 0.000000
0.000000 0.000000
0.000000 0.000000
0.000000 0.000000
0.000000 0.000000
0.000000 0.000000
0.000000 0.000000
0.000000 0.000000
0.000000 0.000000
0.000000 0.000000
0.000000 0.000000
0.000000 0.000000
0.000000 0.000000
0.000000 0.000000
0.000000 0.000000
0.000000 0.000000
0.000000 0.000000
0.000000 0.000000
0.000000 0.000000
0.000000 0.000000
0.000000 0.000000
0.000000 0.000000
0.000000 0.000000
0.000000 0.000000
0.000000 0.000000
0.000000 0.000000
0.000000 0.000000
0.000000 0.000000
0.000000 0.000000
0.000000 0.000000
0.000000 0.000000
0.000000 0.000000
0.000000 0.000000
0.000000 0.000000
0.000000 0.000000
0.000000 0.000000
0.000000 0.000000
0.000000 0.000000
0.000000 0.000000
0.000000 0.000000
0.000000 0.000000
0.000000 0.000000
0.000000 0.000000
0.000000 0.000000
0.000000 0.000000
0.000000 0.000000
0.000000 0.000000
0.000000 0.000000
0.000000 0.000000
0.000000 0.000000
0.000000 0.000000
0.000000 0.000000
0.000000 0.000000
0.000000 0.000000
0.000000 0.000000
0.000000 0.000000
0.000000 0.000000
0.000000 0.000000
0.000000 0.000000
0.000000 0.000000
0.000000 0.000000
0.000000 0.000000
0.000000 0.000000
0.000000 0.000000
0.000000 0.000000
0.000000 0.000000
0.000000 0.000000
0.000000 0.000000
0.000000 0.000000
0.000000 0.000000
0.000000 0.000000
0.000000 0.000000
0.000000 0.000000
0.000000 0.000000
0.000000 0.000000
0.000000 0.000000
0.000000 0.000000
0.000000 0.000000
0.000000 0.000000
0.000000 0.000000
0.000000 0.000000
0.000000 0.000000
0.000000 0.000000
0.000000 0.000000
0.000000 0.000000
0.000000 0.000000
0.000000 0.000000
0.000000 0.000000
0.000000 0.000000
0.000000 0.000000
0.000000 0.000000
0.000000 0.000000
0.000000 0.000000
0.000000 0.000000
0.000000 0.000000
0.000000 0.000000
0.000000 0.000000
0.000000 0.000000
0.000000 0.000000
0.000000 0.000000
0.000000 0.000000
0.000000 0.000000
0.000000 0.000000
0.000000 0.000000
0.000000 0.000000
0.000000 0.000000
0.000000 0.000000
0.000000 0.000000
0.000000 0.000000
0.000000 0.000000
0.000000 0.000000
0.000000 0.000000
0.000000 0.000000
0.000000 0.000000
0.000000 0.000000
0.000000 0.000000
0.000000 0.000000
0.000000 0.000000
0.000000 0.000000
0.000000 0.000000
0.000000 0.000000
0.000000 0.000000
0.588820 0.000000
1.467330 0.000000
2.050250 0.000000
2.630810 0.000000
