29306914.150815 0.000000
26845470.912980 0.000000
24345046.273426 0.000000
22641103.486353 0.000000
20876320.445752 0.000000
19333611.714061 0.000000
17810835.395395 0.000000
16410261.328671 0.000000
15507576.093383 0.000000
14539945.573277 0.000000
13232395.048386 0.000000
12130885.121301 0.000000
11130463.379662 0.000000
10399992.725652 0.000000
9683604.145710 0.000000
9147090.164380 0.000000
8538567.888250 0.000000
7939362.596214 0.000000
7532359.805962 0.000000
7077561.783970 0.000000
6572342.013350 0.000000
6166448.247071 0.000000
5774071.712492 0.000000
5505369.152129 0.000000
5310740.226895 0.000000
5100024.085438 0.000000
4876083.052127 0.000000
4562319.219689 0.000000
4270356.168780 0.000000
4046968.208883 0.000000
3936868.176413 0.000000
3784064.704480 0.000000
3637244.660014 0.000000
3500978.079189 0.000000
3351791.787479 0.000000
3047244.716636 0.000000
3012565.655317 0.000000
2959694.861734 0.000000
2833546.488066 0.000000
2419936.874819 0.000000
2028244.894273 0.000000
1296773.977999 0.000000
81879.445366 0.000000
129267.313359 0.000000
141595.589278 0.000000
165993.982950 0.000000
205248.472899 0.000000
275554.633881 0.000000
323148.420300 0.000000
412240.535686 0.000000
509755.388470 0.000000
617005.642231 0.000000
717222.391349 0.000000
791109.833916 0.000000
893651.291255 0.000000
979650.916997 0.000000
988100.469083 0.000000
910846.428040 0.000000
610678.513054 0.000000
87867.423461 0.000000
31776.541429 0.000000
36396.419882 0.000000
40675.734522 0.000000
44317.924948 0.000000
44627.008898 0.000000
37759.911210 0.000000
19283.750803 0.000000
3088.018615 0.000000
915.999899 0.000000
1360.916759 0.000000
1811.705107 0.000000
2250.007695 0.000000
2964.115084 0.000000
3393.320023 0.000000
4229.226907 0.000000
5053.091589 0.000000
6768.339732 0.000000
8398.583812 0.000000
11144.242892 0.000000
13809.637093 0.000000
16646.033951 0.000000
20074.493466 0.000000
23891.003816 0.000000
28536.393038 0.000000
32809.102683 0.000000
35729.991573 0.000000
37636.048882 0.000000
36006.270775 0.000000
34815.006928 0.000000
33117.315467 0.000000
35257.411429 0.000000
39740.732038 0.000000
43119.499133 0.000000
44112.338612 0.000000
33560.180360 0.000000
25964.756753 0.000000
25522.794140 0.000000
20980.583001 0.000000
17687.718391 0.000000
15408.574679 0.000000
17251.266663 0.000000
18971.778483 0.000000
19277.337894 0.000000
15123.025391 0.000000
16741.544179 0.000000
19768.009348 0.000000
22372.708476 0.000000
24629.846658 0.000000
25301.588556 0.000000
22919.567951 0.000000
18382.917844 0.000000
16643.251781 0.000000
14587.391131 0.000000
11549.887065 0.000000
6567.211648 0.000000
1066.884292 0.000000
1413.735219 0.000000
1907.732864 0.000000
2273.165867 0.000000
3002.779256 0.000000
3666.612172 0.000000
4334.260104 0.000000
5383.383380 0.000000
6290.826293 0.000000
7101.811247 0.000000
8004.239110 0.000000
8407.454494 0.000000
8024.041835 0.000000
8322.696751 0.000000
9368.983737 0.000000
9811.734304 0.000000
9914.045735 0.000000
10638.599757 0.000000
11896.342494 0.000000
12416.059146 0.000000
11473.806872 0.000000
7135.771109 0.000000
4920.205538 0.000000
1519.925433 0.000000
1262.590375 0.000000
1525.569600 0.000000
1775.726272 0.000000
2311.780100 0.000000
2838.067942 0.000000
3277.609526 0.000000
3634.050112 0.000000
4040.764603 0.000000
4068.043789 0.000000
3531.185146 0.000000
3363.125166 0.000000
3905.876705 0.000000
4339.384097 0.000000
4816.965741 0.000000
4797.703597 0.000000
5095.038995 0.000000
5551.845208 0.000000
5966.004717 0.000000
5918.713303 0.000000
4731.914508 0.000000
3573.851317 0.000000
3599.013175 0.000000
3052.078906 0.000000
1929.645248 0.000000
1763.958068 0.000000
1880.628710 0.000000
1839.934184 0.000000
1746.266128 0.000000
1635.823694 0.000000
1233.866008 0.000000
721.585225 0.000000
315.642820 0.000000
293.930827 0.000000
503.946524 0.000000
630.087452 0.000000
804.345057 0.000000
1124.654060 0.000000
1353.459749 0.000000
1706.064303 0.000000
1925.812116 0.000000
2305.832450 0.000000
2969.143495 0.000000
3851.529541 0.000000
4308.343993 0.000000
5154.778437 0.000000
6104.230332 0.000000
7216.415237 0.000000
8467.371374 0.000000
9574.692995 0.000000
10830.928736 0.000000
11518.119255 0.000000
11435.486409 0.000000
9836.109459 0.000000
5937.068036 0.000000
4118.841892 0.000000
649.593890 0.000000
0.000000 0.000000
0.000000 0.000000
0.000000 0.000000
0.000000 0.000000
0.000000 0.000000
0.000000 0.000000
0.000000 0.000000
0.000000 0.000000
0.000000 0.000000
0.000000 0.000000
0.000000 0.000000
0.000000 0.000000
0.000000 0.000000
20.825266 0.000000
41.567064 0.000000
62.225394 0.000000
82.800256 0.000000
123.699576 0.000000
184.422546 0.000000
224.487186 0.000000
264.217954 0.000000
323.188096 0.000000
419.802306 0.000000
579.247053 0.000000
732.640370 0.000000
854.461916 0.000000
1013.030249 0.000000
1278.375021 0.000000
1526.212380 0.000000
1823.567130 0.000000
2140.474048 0.000000
2416.638382 0.000000
2572.848879 0.000000
2551.893366 0.000000
2144.669204 0.000000
1015.291399 0.000000
36.007734 0.000000
0.000000 0.000000
0.000000 0.000000
0.000000 0.000000
0.000000 0.000000
0.000000 0.000000
0.000000 0.000000
0.000000 0.000000
0.000000 0.000000
0.000000 0.000000
0.000000 0.000000
0.000000 0.000000
0.000000 0.000000
0.000000 0.000000
0.000000 0.000000
0.000000 0.000000
57.909948 0.000000
127.866404 0.000000
254.666615 0.000000
311.603954 0.000000
396.528533 0.000000
647.293888 0.000000
839.886544 0.000000
1013.898392 0.000000
1255.586798 0.000000
1566.549976 0.000000
2089.987265 0.000000
2826.869017 0.000000
3458.887375 0.000000
4185.633629 0.000000
5041.411270 0.000000
5960.864730 0.000000
6560.036315 0.000000
6706.230797 0.000000
5916.314772 0.000000
4183.527896 0.000000
3640.566420 0.000000
3297.794802 0.000000
2343.889018 0.000000
764.051182 0.000000
918.915246 0.000000
1094.507287 0.000000
1258.315051 0.000000
1474.915432 0.000000
1690.004350 0.000000
1825.779080 0.000000
1856.853389 0.000000
1754.482592 0.000000
1468.676761 0.000000
1490.920136 0.000000
1316.796387 0.000000
985.006085 0.000000
451.296176 0.000000
361.309576 0.000000
402.382534 0.000000
419.628906 0.000000
398.441608 0.000000
305.713508 0.000000
241.962902 0.000000
236.879238 0.000000
54.201468 0.000000
53.617606 0.000000
65.145937 0.000000
77.678913 0.000000
93.341397 0.000000
110.190285 0.000000
135.514869 0.000000
153.192792 0.000000
158.615882 0.000000
166.343485 0.000000
81.936630 0.000000
56.025619 0.000000
48.193922 0.000000
64.129269 0.000000
111.547434 0.000000
127.224196 0.000000
204.638309 0.000000
250.311019 0.000000
338.327027 0.000000
425.736023 0.000000
545.554336 0.000000
647.378222 0.000000
802.666952 0.000000
936.219077 0.000000
1157.593744 0.000000
1373.521040 0.000000
1607.765970 0.000000
1778.115067 0.000000
1927.288351 0.000000
2007.887578 0.000000
1854.218072 0.000000
1120.827540 0.000000
394.341272 0.000000
0.000000 0.000000
0.000000 0.000000
0.000000 0.000000
0.000000 0.000000
0.000000 0.000000
0.000000 0.000000
0.000000 0.000000
0.000000 0.000000
0.000000 0.000000
0.000000 0.000000
0.000000 0.000000
0.000000 0.000000
0.000000 0.000000
0.000000 0.000000
0.000000 0.000000
0.000000 0.000000
0.000000 0.000000
0.000000 0.000000
0.000000 0.000000
0.000000 0.000000
0.000000 0.000000
0.000000 0.000000
0.000000 0.000000
0.000000 0.000000
0.000000 0.000000
0.000000 0.000000
0.000000 0.000000
0.000000 0.000000
0.000000 0.000000
0.000000 0.000000
0.000000 0.000000
0.000000 0.000000
0.000000 0.000000
0.000000 0.000000
0.000000 0.000000
0.000000 0.000000
0.000000 0.000000
0.000000 0.000000
0.000000 0.000000
0.000000 0.000000
0.000000 0.000000
0.000000 0.000000
0.000000 0.000000
0.000000 0.000000
124.002498 0.000000
124.002498 0.000000
247.507992 0.000000
370.516482 0.000000
615.042450 0.000000
1098.130338 0.000000
1336.692258 0.000000
2040.449922 0.000000
2894.924049 0.000000
3557.927385 0.000000
3936.271680 0.000000
4983.707610 0.000000
6268.711452 0.000000
7489.167072 0.000000
9558.816243 0.000000
10944.960330 0.000000
12142.988394 0.000000
13588.710901 0.000000
14754.495755 0.000000
15035.240609 0.000000
13939.303590 0.000000
9403.087132 0.000000
7914.926623 0.000000
8482.980471 0.000000
8175.628766 0.000000
6440.506768 0.000000
2152.457564 0.000000
8.604608 0.000000
10.734075 0.000000
17.070432 0.000000
24.362859 0.000000
29.504139 0.000000
35.606304 0.000000
50.514531 0.000000
64.932692 0.000000
82.468764 0.000000
98.315427 0.000000
118.795492 0.000000
144.240040 0.000000
177.695380 0.000000
200.743051 0.000000
232.881007 0.000000
255.473439 0.000000
264.464244 0.000000
252.479452 0.000000
199.943096 0.000000
105.835419 0.000000
33.317140 0.000000
0.000000 0.000000
0.000000 0.000000
0.000000 0.000000
0.000000 0.000000
0.000000 0.000000
0.000000 0.000000
0.000000 0.000000
0.000000 0.000000
21.546820 0.000000
21.546820 0.000000
43.007280 0.000000
64.381380 0.000000
123.735338 0.000000
144.828129 0.000000
207.588344 0.000000
286.212518 0.000000
428.652770 0.000000
597.903976 0.000000
759.072340 0.000000
952.280255 0.000000
1227.395165 0.000000
1509.202271 0.000000
1788.951971 0.000000
2148.313813 0.000000
2532.813603 0.000000
2873.191514 0.000000
3185.575717 0.000000
3259.166007 0.000000
2924.840271 0.000000
1873.131042 0.000000
1460.458025 0.000000
1521.132490 0.000000
1401.247489 0.000000
1019.356150 0.000000
554.290172 0.000000
701.049192 0.000000
819.408328 0.000000
982.536553 0.000000
1145.761295 0.000000
1293.382982 0.000000
1421.806950 0.000000
1464.012108 0.000000
1275.850485 0.000000
1000.705254 0.000000
880.198415 0.000000
667.853427 0.000000
554.438606 0.000000
396.422733 0.000000
115.264281 0.000000
0.000000 0.000000
0.000000 0.000000
0.000000 0.000000
0.000000 0.000000
0.000000 0.000000
0.000000 0.000000
0.000000 0.000000
0.000000 0.000000
0.000000 0.000000
0.000000 0.000000
0.000000 0.000000
0.000000 0.000000
0.000000 0.000000
0.000000 0.000000
0.000000 0.000000
0.000000 0.000000
0.000000 0.000000
15.234969 0.000000
30.408876 0.000000
45.521721 0.000000
60.573504 0.000000
83.029299 0.000000
97.928426 0.000000
134.886440 0.000000
178.668364 0.000000
207.611744 0.000000
257.606475 0.000000
334.194596 0.000000
422.048586 0.000000
536.029475 0.000000
656.406890 0.000000
768.938074 0.000000
931.577918 0.000000
1153.040764 0.000000
1271.670943 0.000000
1458.286774 0.000000
1632.078723 0.000000
1695.482547 0.000000
1631.745609 0.000000
1274.127443 0.000000
949.880100 0.000000
851.525355 0.000000
575.510964 0.000000
105.926296 0.000000
0.000000 0.000000
0.000000 0.000000
0.000000 0.000000
36.296761 0.000000
72.448044 0.000000
108.453849 0.000000
180.029025 0.000000
215.598396 0.000000
251.022289 0.000000
286.300704 0.000000
477.713619 0.000000
614.171979 0.000000
814.495179 0.000000
993.469704 0.000000
1214.959945 0.000000
1533.738795 0.000000
1878.521619 0.000000
2266.693780 0.000000
2717.348619 0.000000
3151.546611 0.000000
3619.622571 0.000000
4124.758406 0.000000
4460.774859 0.000000
4433.840574 0.000000
3723.702231 0.000000
2096.849085 0.000000
142.568416 0.000000
102.154476 0.000000
140.806923 0.000000
219.993711 0.000000
295.798500 0.000000
364.411275 0.000000
453.621567 0.000000
598.148442 0.000000
727.573512 0.000000
872.197767 0.000000
1038.406622 0.000000
1153.919409 0.000000
1232.453269 0.000000
1197.032145 0.000000
994.375951 0.000000
799.332549 0.000000
640.451766 0.000000
699.624502 0.000000
887.185700 0.000000
1060.217158 0.000000
1246.054455 0.000000
1492.575129 0.000000
1699.370826 0.000000
1897.495222 0.000000
2119.449890 0.000000
2201.935497 0.000000
2180.157947 0.000000
1934.014701 0.000000
1201.502200 0.000000
1211.943798 0.000000
1182.875781 0.000000
915.256904 0.000000
493.492119 0.000000
482.969452 0.000000
540.522912 0.000000
600.830139 0.000000
637.079596 0.000000
613.089666 0.000000
496.187592 0.000000
220.208208 0.000000
130.695986 0.000000
19.342278 0.000000
23.833363 0.000000
28.247015 0.000000
33.652979 0.000000
45.118015 0.000000
52.217574 0.000000
62.980195 0.000000
76.724073 0.000000
91.317285 0.000000
108.183105 0.000000
124.067555 0.000000
140.196190 0.000000
152.324011 0.000000
154.907122 0.000000
139.521521 0.000000
86.922159 0.000000
28.353239 0.000000
18.199757 0.000000
22.296230 0.000000
25.917311 0.000000
29.974228 0.000000
33.966501 0.000000
36.775384 0.000000
37.129339 0.000000
33.617858 0.000000
21.816345 0.000000
14.019205 0.000000
16.210611 0.000000
17.895948 0.000000
18.785115 0.000000
18.144858 0.000000
14.807267 0.000000
5.703224 0.000000
6.353436 0.000000
7.427278 0.000000
8.402035 0.000000
9.385521 0.000000
9.968386 0.000000
9.740249 0.000000
28.734266 0.000000
44.841907 0.000000
61.869204 0.000000
92.508549 0.000000
133.084756 0.000000
153.248393 0.000000
233.073159 0.000000
262.642666 0.000000
321.141547 0.000000
426.589627 0.000000
625.439299 0.000000
783.988135 0.000000
1017.330566 0.000000
1292.588714 0.000000
1600.983924 0.000000
1890.552823 0.000000
2198.063356 0.000000
2405.882403 0.000000
2501.152507 0.000000
2357.857277 0.000000
1698.174534 0.000000
893.344949 0.000000
73.013694 0.000000
0.000000 0.000000
0.000000 0.000000
0.000000 0.000000
0.000000 0.000000
0.000000 0.000000
0.000000 0.000000
0.000000 0.000000
0.000000 0.000000
0.000000 0.000000
0.000000 0.000000
0.000000 0.000000
0.000000 0.000000
0.000000 0.000000
0.000000 0.000000
0.000000 0.000000
1.734524 0.000000
3.462096 0.000000
6.896384 0.000000
10.302864 0.000000
13.681536 0.000000
17.032400 0.000000
25.287900 0.000000
33.369600 0.000000
45.935340 0.000000
55.815870 0.000000
71.509141 0.000000
84.986462 0.000000
103.195488 0.000000
124.662979 0.000000
150.960315 0.000000
192.679686 0.000000
230.603859 0.000000
282.445303 0.000000
323.063818 0.000000
356.263345 0.000000
346.558792 0.000000
331.021962 0.000000
347.400677 0.000000
472.485412 0.000000
601.661941 0.000000
811.534596 0.000000
1014.942083 0.000000
1216.864891 0.000000
1514.321045 0.000000
1740.515320 0.000000
1910.846409 0.000000
2208.754616 0.000000
2420.621116 0.000000
2453.485674 0.000000
2183.015480 0.000000
1432.972011 0.000000
883.470287 0.000000
0.000000 0.000000
0.000000 0.000000
0.000000 0.000000
0.000000 0.000000
0.000000 0.000000
22.298314 0.000000
44.507256 0.000000
66.626826 0.000000
88.657024 0.000000
143.330345 0.000000
165.047741 0.000000
235.993206 0.000000
289.219874 0.000000
383.092403 0.000000
502.267154 0.000000
701.624829 0.000000
866.455429 0.000000
1096.605277 0.000000
1324.125102 0.000000
1653.463307 0.000000
1982.493086 0.000000
2387.948309 0.000000
2631.881112 0.000000
2816.337911 0.000000
2726.517124 0.000000
2108.097616 0.000000
1387.031117 0.000000
1315.245431 0.000000
1000.981758 0.000000
460.055585 0.000000
549.912440 0.000000
634.010760 0.000000
711.836425 0.000000
749.421168 0.000000
732.284602 0.000000
603.953539 0.000000
329.423178 0.000000
160.789889 0.000000
0.000000 0.000000
0.000000 0.000000
0.000000 0.000000
0.000000 0.000000
0.000000 0.000000
0.000000 0.000000
0.000000 0.000000
0.000000 0.000000
0.000000 0.000000
0.000000 0.000000
0.000000 0.000000
0.000000 0.000000
0.000000 0.000000
0.000000 0.000000
0.000000 0.000000
0.000000 0.000000
0.000000 0.000000
0.000000 0.000000
0.000000 0.000000
0.000000 0.000000
0.000000 0.000000
0.000000 0.000000
0.000000 0.000000
0.000000 0.000000
0.000000 0.000000
0.000000 0.000000
0.000000 0.000000
0.000000 0.000000
0.000000 0.000000
0.000000 0.000000
0.000000 0.000000
7.290390 0.000000
14.551560 0.000000
21.783510 0.000000
43.304040 0.000000
57.504960 0.000000
71.589000 0.000000
99.406440 0.000000
133.520790 0.000000
166.904640 0.000000
231.480840 0.000000
287.101110 0.000000
331.639695 0.000000
374.483520 0.000000
439.702560 0.000000
552.871620 0.000000
648.384495 0.000000
748.744335 0.000000
844.673552 0.000000
902.386660 0.000000
896.308865 0.000000
773.659183 0.000000
386.765825 0.000000
37.045248 0.000000
59.890440 0.000000
78.002280 0.000000
95.964744 0.000000
122.628360 0.000000
174.947304 0.000000
228.027787 0.000000
277.634138 0.000000
339.796528 0.000000
412.728995 0.000000
508.915141 0.000000
625.733640 0.000000
749.531891 0.000000
878.583901 0.000000
964.237215 0.000000
1061.146500 0.000000
1145.769526 0.000000
1119.230574 0.000000
965.848647 0.000000
480.728978 0.000000
225.757832 0.000000
0.000000 0.000000
0.000000 0.000000
0.000000 0.000000
0.000000 0.000000
12.121708 0.000000
24.194832 0.000000
36.219372 0.000000
48.195328 0.000000
72.001488 0.000000
95.613312 0.000000
142.253952 0.000000
199.437320 0.000000
282.843902 0.000000
355.398033 0.000000
481.637484 0.000000
578.866214 0.000000
717.664629 0.000000
855.357758 0.000000
1020.270073 0.000000
1225.798468 0.000000
1392.086388 0.000000
1474.995250 0.000000
1382.173313 0.000000
1103.009128 0.000000
610.867052 0.000000
111.369489 0.000000
0.000000 0.000000
0.000000 0.000000
0.000000 0.000000
0.000000 0.000000
0.000000 0.000000
0.000000 0.000000
0.000000 0.000000
0.000000 0.000000
0.000000 0.000000
0.000000 0.000000
0.000000 0.000000
0.000000 0.000000
0.000000 0.000000
0.000000 0.000000
0.000000 0.000000
0.000000 0.000000
0.000000 0.000000
0.000000 0.000000
0.000000 0.000000
0.000000 0.000000
0.000000 0.000000
0.000000 0.000000
0.000000 0.000000
0.000000 0.000000
0.000000 0.000000
0.000000 0.000000
0.000000 0.000000
0.000000 0.000000
0.000000 0.000000
0.000000 0.000000
0.000000 0.000000
0.000000 0.000000
0.000000 0.000000
0.000000 0.000000
0.000000 0.000000
0.000000 0.000000
0.000000 0.000000
0.000000 0.000000
0.000000 0.000000
0.000000 0.000000
0.000000 0.000000
0.000000 0.000000
0.000000 0.000000
0.000000 0.000000
0.000000 0.000000
0.000000 0.000000
0.000000 0.000000
0.000000 0.000000
0.000000 0.000000
23.028351 0.000000
57.386034 0.000000
91.512975 0.000000
136.738999 0.000000
192.694425 0.000000
270.062996 0.000000
389.103666 0.000000
505.144684 0.000000
718.605906 0.000000
836.100929 0.000000
1024.942406 0.000000
1285.095115 0.000000
1621.174240 0.000000
1927.427230 0.000000
2282.386955 0.000000
2554.802232 0.000000
2755.405716 0.000000
2741.617762 0.000000
2308.100710 0.000000
1344.487560 0.000000
992.442678 0.000000
56.531300 0.000000
2.878731 0.000000
7.173504 0.000000
10.011360 0.000000
14.254219 0.000000
15.652959 0.000000
19.814571 0.000000
32.347378 0.000000
44.807022 0.000000
73.548646 0.000000
91.025152 0.000000
122.466432 0.000000
167.090980 0.000000
213.526259 0.000000
260.234997 0.000000
309.656271 0.000000
381.071972 0.000000
440.663859 0.000000
494.370243 0.000000
570.483118 0.000000
621.983180 0.000000
701.368040 0.000000
754.154799 0.000000
813.255697 0.000000
903.023836 0.000000
1014.774639 0.000000
1107.739673 0.000000
1115.098207 0.000000
962.399397 0.000000
741.876489 0.000000
647.145510 0.000000
368.938308 0.000000
127.929271 0.000000
127.010185 0.000000
139.050473 0.000000
143.242063 0.000000
133.362581 0.000000
105.543345 0.000000
74.827137 0.000000
78.559372 0.000000
84.750960 0.000000
89.018323 0.000000
85.373104 0.000000
61.596295 0.000000
24.796920 0.000000
0.000000 0.000000
0.000000 0.000000
0.000000 0.000000
0.000000 0.000000
0.000000 0.000000
29.470441 0.000000
58.822764 0.000000
88.056969 0.000000
146.171025 0.000000
203.812609 0.000000
260.981721 0.000000
345.849504 0.000000
457.352896 0.000000
498.664899 0.000000
661.195714 0.000000
845.342094 0.000000
1023.582546 0.000000
1280.400736 0.000000
1753.464244 0.000000
2040.284415 0.000000
2355.099041 0.000000
2769.693641 0.000000
3116.133969 0.000000
3441.386034 0.000000
3609.731111 0.000000
3459.819966 0.000000
2511.678815 0.000000
1240.563407 0.000000
196.084262 0.000000
238.539333 0.000000
286.025190 0.000000
371.283854 0.000000
437.144219 0.000000
508.326580 0.000000
614.367379 0.000000
717.001935 0.000000
818.291707 0.000000
913.149250 0.000000
969.653451 0.000000
963.368210 0.000000
819.220896 0.000000
517.851610 0.000000
351.672236 0.000000
337.604001 0.000000
398.151540 0.000000
497.430022 0.000000
596.683226 0.000000
672.884340 0.000000
781.413237 0.000000
897.187667 0.000000
966.898447 0.000000
973.661245 0.000000
842.810632 0.000000
566.320569 0.000000
650.506534 0.000000
757.102781 0.000000
870.460200 0.000000
960.171620 0.000000
1001.402618 0.000000
1108.982406 0.000000
1183.597444 0.000000
1366.377831 0.000000
1653.128261 0.000000
1860.533184 0.000000
1948.592107 0.000000
1884.518601 0.000000
1538.856502 0.000000
800.885926 0.000000
372.247726 0.000000
0.000000 0.000000
0.000000 0.000000
0.000000 0.000000
0.000000 0.000000
0.000000 0.000000
0.000000 0.000000
0.000000 0.000000
0.000000 0.000000
0.000000 0.000000
0.000000 0.000000
0.000000 0.000000
0.000000 0.000000
0.000000 0.000000
0.000000 0.000000
0.000000 0.000000
0.000000 0.000000
0.000000 0.000000
0.000000 0.000000
0.000000 0.000000
0.000000 0.000000
0.000000 0.000000
0.000000 0.000000
0.000000 0.000000
0.000000 0.000000
0.000000 0.000000
0.000000 0.000000
0.000000 0.000000
0.000000 0.000000
0.000000 0.000000
0.000000 0.000000
0.000000 0.000000
0.000000 0.000000
0.000000 0.000000
0.000000 0.000000
24.999900 0.000000
49.899600 0.000000
99.398400 0.000000
123.997500 0.000000
148.496400 0.000000
209.292750 0.000000
269.437800 0.000000
340.830300 0.000000
411.321000 0.000000
515.303550 0.000000
622.780575 0.000000
798.932175 0.000000
926.561925 0.000000
1100.985075 0.000000
1247.903325 0.000000
1507.245975 0.000000
1907.757900 0.000000
2229.525150 0.000000
2580.970260 0.000000
2856.064952 0.000000
3002.056772 0.000000
2769.880472 0.000000
2070.321514 0.000000
1339.361091 0.000000
817.695346 0.000000
260.627620 0.000000
301.008996 0.000000
373.955740 0.000000
498.285927 0.000000
578.026873 0.000000
690.047342 0.000000
777.406614 0.000000
819.060593 0.000000
806.677198 0.000000
679.785109 0.000000
359.768569 0.000000
119.559015 0.000000
26.436366 0.000000
35.764961 0.000000
39.279290 0.000000
48.908697 0.000000
67.877295 0.000000
81.018077 0.000000
96.276084 0.000000
117.820479 0.000000
139.005111 0.000000
155.827731 0.000000
176.535780 0.000000
203.948377 0.000000
219.902564 0.000000
239.701348 0.000000
221.766916 0.000000
261.848902 0.000000
329.834585 0.000000
373.572841 0.000000
455.487238 0.000000
494.101609 0.000000
558.659259 0.000000
631.925455 0.000000
788.634095 0.000000
980.171618 0.000000
1124.604546 0.000000
1366.092662 0.000000
1659.150951 0.000000
1960.792645 0.000000
2273.156555 0.000000
2637.067302 0.000000
2868.431250 0.000000
2866.013462 0.000000
2404.762509 0.000000
1381.595798 0.000000
822.721911 0.000000
568.103156 0.000000
661.249755 0.000000
755.056635 0.000000
870.114843 0.000000
990.483399 0.000000
1165.558559 0.000000
1330.690823 0.000000
1442.878724 0.000000
1386.558992 0.000000
1080.615679 0.000000
669.180065 0.000000
475.670367 0.000000
56.488436 0.000000
75.944318 0.000000
98.443146 0.000000
129.251885 0.000000
143.932154 0.000000
177.999345 0.000000
210.963144 0.000000
240.807756 0.000000
283.492187 0.000000
327.497915 0.000000
350.424964 0.000000
352.397711 0.000000
299.411111 0.000000
127.505174 0.000000
1.786992 0.000000
0.715659 0.000000
1.071333 0.000000
1.425570 0.000000
1.778370 0.000000
2.827441 0.000000
3.517964 0.000000
4.289499 0.000000
5.893102 0.000000
8.679230 0.000000
11.358296 0.000000
14.155742 0.000000
18.136800 0.000000
21.245739 0.000000
24.470738 0.000000
29.968642 0.000000
34.677558 0.000000
38.926405 0.000000
41.674609 0.000000
41.061955 0.000000
34.272595 0.000000
21.412216 0.000000
22.363342 0.000000
21.346291 0.000000
17.020541 0.000000
5.430980 0.000000
6.856679 0.000000
8.208270 0.000000
9.502130 0.000000
10.838946 0.000000
11.643158 0.000000
11.615753 0.000000
9.803437 0.000000
5.239752 0.000000
3.396159 0.000000
0.958069 0.000000
1.259703 0.000000
1.513809 0.000000
1.805242 0.000000
2.143451 0.000000
2.387898 0.000000
2.554903 0.000000
2.685985 0.000000
2.444536 0.000000
1.596081 0.000000
1.372133 0.000000
1.428230 0.000000
1.327016 0.000000
0.983270 0.000000
0.311988 0.000000
0.002817 0.000000
0.005612 0.000000
0.008383 0.000000
0.011130 0.000000
0.013848 0.000000
10.029728 0.000000
20.008650 0.000000
39.837491 0.000000
49.696114 0.000000
79.016107 0.000000
107.974936 0.000000
127.086772 0.000000
155.453079 0.000000
188.081525 0.000000
229.293711 0.000000
256.267853 0.000000
287.177651 0.000000
347.472003 0.000000
414.116818 0.000000
537.672642 0.000000
667.223362 0.000000
781.015990 0.000000
901.051155 0.000000
1019.008494 0.000000
1103.025473 0.000000
1130.607442 0.000000
1028.020197 0.000000
729.894301 0.000000
692.293725 0.000000
522.777227 0.000000
188.431212 0.000000
34.749662 0.000000
43.194494 0.000000
53.571455 0.000000
62.548551 0.000000
72.480883 0.000000
87.982535 0.000000
108.273512 0.000000
123.995435 0.000000
142.480729 0.000000
156.197958 0.000000
160.428084 0.000000
146.444370 0.000000
94.525740 0.000000
45.795900 0.000000
0.953991 0.000000
0.407146 0.000000
0.484326 0.000000
0.627334 0.000000
0.763503 0.000000
0.858293 0.000000
1.102617 0.000000
1.268689 0.000000
1.682620 0.000000
2.022589 0.000000
2.443645 0.000000
3.160845 0.000000
3.914110 0.000000
5.008578 0.000000
5.844946 0.000000
6.688323 0.000000
7.599550 0.000000
8.239056 0.000000
8.537941 0.000000
7.958357 0.000000
5.405016 0.000000
4.032736 0.000000
1.792727 0.000000
0.215325 0.000000
0.257868 0.000000
0.384453 0.000000
0.467973 0.000000
0.550797 0.000000
0.632925 0.000000
0.835200 0.000000
1.072188 0.000000
1.415925 0.000000
1.655184 0.000000
2.026269 0.000000
2.344708 0.000000
2.962889 0.000000
3.297728 0.000000
11.849388 0.000000
20.553279 0.000000
29.019353 0.000000
45.021978 0.000000
68.225545 0.000000
94.038557 0.000000
122.684496 0.000000
163.845961 0.000000
200.308109 0.000000
225.160358 0.000000
297.169675 0.000000
384.020759 0.000000
450.453660 0.000000
561.859849 0.000000
638.870598 0.000000
738.829586 0.000000
858.590087 0.000000
941.734851 0.000000
964.215507 0.000000
905.171390 0.000000
648.408934 0.000000
468.067624 0.000000
502.314968 0.000000
480.993278 0.000000
363.515324 0.000000
110.565774 0.000000
128.382535 0.000000
148.060000 0.000000
174.984665 0.000000
187.945720 0.000000
190.934906 0.000000
173.518566 0.000000
117.406508 0.000000
42.320634 0.000000
4.149963 0.000000
0.095010 0.000000
0.121497 0.000000
0.145425 0.000000
0.180209 0.000000
0.211492 0.000000
0.248665 0.000000
0.288509 0.000000
0.325402 0.000000
0.354268 0.000000
6.137598 0.000000
11.849629 0.000000
17.469420 0.000000
23.135149 0.000000
28.727640 0.000000
45.641862 0.000000
67.906185 0.000000
95.214769 0.000000
116.644180 0.000000
140.305821 0.000000
183.715453 0.000000
210.902278 0.000000
265.432476 0.000000
316.843348 0.000000
371.159020 0.000000
438.178111 0.000000
523.478298 0.000000
617.203451 0.000000
694.741606 0.000000
723.756980 0.000000
703.995915 0.000000
578.573307 0.000000
278.886697 0.000000
92.901567 0.000000
122.034757 0.000000
147.460250 0.000000
156.981577 0.000000
198.605339 0.000000
248.991281 0.000000
304.807064 0.000000
360.013859 0.000000
429.640120 0.000000
495.932311 0.000000
564.010962 0.000000
615.141918 0.000000
635.231513 0.000000
605.589275 0.000000
448.985396 0.000000
272.659096 0.000000
146.715746 0.000000
0.000000 0.000000
0.000000 0.000000
0.000000 0.000000
0.000000 0.000000
0.000000 0.000000
0.000000 0.000000
0.000000 0.000000
0.000000 0.000000
0.000000 0.000000
0.000000 0.000000
0.000000 0.000000
0.000000 0.000000
0.000000 0.000000
0.000000 0.000000
0.000000 0.000000
0.000000 0.000000
0.000000 0.000000
0.000000 0.000000
0.000000 0.000000
0.000000 0.000000
0.000000 0.000000
0.000000 0.000000
0.000000 0.000000
0.000000 0.000000
0.000000 0.000000
0.000000 0.000000
0.000000 0.000000
0.000000 0.000000
0.000000 0.000000
0.000000 0.000000
0.000000 0.000000
0.000000 0.000000
8.141684 0.000000
16.250736 0.000000
36.376522 0.000000
48.344308 0.000000
72.035140 0.000000
104.932275 0.000000
129.663252 0.000000
151.926434 0.000000
184.729752 0.000000
223.388681 0.000000
264.684467 0.000000
356.724661 0.000000
441.147133 0.000000
534.882860 0.000000
645.087245 0.000000
734.695712 0.000000
818.942120 0.000000
901.992207 0.000000
940.380034 0.000000
871.132868 0.000000
610.159803 0.000000
502.722482 0.000000
374.387225 0.000000
112.041435 0.000000
102.066114 0.000000
123.410871 0.000000
148.366701 0.000000
171.463815 0.000000
192.161264 0.000000
207.238154 0.000000
206.333345 0.000000
174.282045 0.000000
136.732739 0.000000
107.603409 0.000000
46.827350 0.000000
27.734711 0.000000
32.143601 0.000000
37.455501 0.000000
45.117549 0.000000
62.310151 0.000000
77.148424 0.000000
88.646260 0.000000
92.924184 0.000000
108.049627 0.000000
132.585776 0.000000
144.967836 0.000000
152.108408 0.000000
178.281446 0.000000
237.532941 0.000000
281.133028 0.000000
318.943082 0.000000
398.849207 0.000000
481.001075 0.000000
575.277453 0.000000
667.796857 0.000000
759.980699 0.000000
954.684983 0.000000
1089.280078 0.000000
1196.386897 0.000000
1255.647539 0.000000
1195.614221 0.000000
895.236819 0.000000
498.459246 0.000000
211.349819 0.000000
0.000000 0.000000
0.000000 0.000000
0.000000 0.000000
0.000000 0.000000
0.000000 0.000000
0.000000 0.000000
0.000000 0.000000
0.000000 0.000000
0.000000 0.000000
0.000000 0.000000
0.000000 0.000000
0.000000 0.000000
0.000000 0.000000
0.000000 0.000000
0.000000 0.000000
0.000000 0.000000
0.000000 0.000000
0.000000 0.000000
0.000000 0.000000
0.000000 0.000000
0.000000 0.000000
0.000000 0.000000
0.000000 0.000000
0.000000 0.000000
0.000000 0.000000
0.000000 0.000000
0.000000 0.000000
0.000000 0.000000
0.000000 0.000000
0.000000 0.000000
0.000000 0.000000
0.000000 0.000000
0.000000 0.000000
0.000000 0.000000
0.000000 0.000000
0.000000 0.000000
0.000000 0.000000
0.000000 0.000000
0.000000 0.000000
0.000000 0.000000
0.000000 0.000000
0.000000 0.000000
0.000000 0.000000
0.000000 0.000000
0.000000 0.000000
0.000000 0.000000
0.000000 0.000000
7.023924 0.000000
14.019696 0.000000
20.987316 0.000000
23.814864 0.000000
33.561320 0.000000
50.128471 0.000000
60.372118 0.000000
84.030829 0.000000
104.047855 0.000000
135.719264 0.000000
195.284940 0.000000
233.208288 0.000000
273.089304 0.000000
358.754451 0.000000
421.526729 0.000000
500.488498 0.000000
586.079345 0.000000
688.602716 0.000000
769.626895 0.000000
852.032549 0.000000
901.496815 0.000000
875.723960 0.000000
732.806135 0.000000
458.201897 0.000000
347.429014 0.000000
78.819789 0.000000
0.000000 0.000000
0.000000 0.000000
0.000000 0.000000
0.000000 0.000000
0.000000 0.000000
0.000000 0.000000
0.000000 0.000000
0.000000 0.000000
0.000000 0.000000
0.000000 0.000000
0.000000 0.000000
0.000000 0.000000
0.000000 0.000000
0.000000 0.000000
0.000000 0.000000
0.000000 0.000000
0.000000 0.000000
0.000000 0.000000
0.000000 0.000000
0.000000 0.000000
0.000000 0.000000
0.000000 0.000000
0.000000 0.000000
0.000000 0.000000
0.000000 0.000000
0.000000 0.000000
0.000000 0.000000
0.000000 0.000000
0.000000 0.000000
0.000000 0.000000
0.000000 0.000000
0.000000 0.000000
0.000000 0.000000
0.000000 0.000000
0.000000 0.000000
0.000000 0.000000
0.000000 0.000000
13.615215 0.000000
13.615215 0.000000
27.175860 0.000000
40.681935 0.000000
60.831662 0.000000
74.146254 0.000000
107.283652 0.000000
153.108585 0.000000
162.733016 0.000000
193.302057 0.000000
244.017622 0.000000
357.295667 0.000000
417.190437 0.000000
514.652759 0.000000
612.131151 0.000000
722.539099 0.000000
854.486472 0.000000
961.285558 0.000000
1097.228630 0.000000
1256.975457 0.000000
1393.501122 0.000000
1516.557050 0.000000
1463.973636 0.000000
1164.477553 0.000000
865.912605 0.000000
834.467763 0.000000
729.950416 0.000000
429.428842 0.000000
303.969169 0.000000
355.400918 0.000000
408.502883 0.000000
440.304568 0.000000
444.068861 0.000000
365.374192 0.000000
197.095977 0.000000
91.425158 0.000000
26.273616 0.000000
33.147135 0.000000
42.538917 0.000000
54.260028 0.000000
62.671186 0.000000
74.026146 0.000000
86.334768 0.000000
96.181675 0.000000
102.673876 0.000000
104.078385 0.000000
95.831662 0.000000
65.431219 0.000000
28.740081 0.000000
0.000000 0.000000
0.000000 0.000000
0.000000 0.000000
0.000000 0.000000
0.000000 0.000000
0.000000 0.000000
0.000000 0.000000
0.000000 0.000000
0.000000 0.000000
0.000000 0.000000
0.000000 0.000000
0.000000 0.000000
3.397192 0.000000
6.780768 0.000000
13.507072 0.000000
23.494408 0.000000
26.796288 0.000000
43.094640 0.000000
57.442500 0.000000
68.420400 0.000000
83.731592 0.000000
97.201220 0.000000
115.380282 0.000000
142.002966 0.000000
180.372854 0.000000
216.892668 0.000000
259.332889 0.000000
298.783547 0.000000
338.575456 0.000000
374.333625 0.000000
387.309673 0.000000
366.401454 0.000000
271.060094 0.000000
201.412978 0.000000
164.550211 0.000000
61.586870 0.000000
0.000000 0.000000
0.000000 0.000000
0.000000 0.000000
0.000000 0.000000
0.000000 0.000000
0.000000 0.000000
0.000000 0.000000
0.000000 0.000000
0.000000 0.000000
0.000000 0.000000
0.000000 0.000000
0.000000 0.000000
0.000000 0.000000
0.000000 0.000000
0.000000 0.000000
0.000000 0.000000
0.000000 0.000000
2.463563 0.000000
4.917252 0.000000
7.361067 0.000000
13.426416 0.000000
17.033136 0.000000
18.225663 0.000000
26.513124 0.000000
30.026028 0.000000
36.362006 0.000000
48.173768 0.000000
58.816992 0.000000
72.561371 0.000000
90.945288 0.000000
110.099035 0.000000
135.117051 0.000000
161.362000 0.000000
190.903929 0.000000
221.593717 0.000000
240.003246 0.000000
244.281582 0.000000
207.682798 0.000000
143.856406 0.000000
95.903257 0.000000
72.796873 0.000000
96.774564 0.000000
121.937572 0.000000
167.508325 0.000000
219.626167 0.000000
264.365796 0.000000
316.930701 0.000000
378.503064 0.000000
436.984978 0.000000
484.050215 0.000000
515.418190 0.000000
507.530295 0.000000
430.880874 0.000000
246.257482 0.000000
142.288782 0.000000
0.000000 0.000000
0.000000 0.000000
0.000000 0.000000
0.000000 0.000000
0.000000 0.000000
0.000000 0.000000
0.000000 0.000000
0.000000 0.000000
0.000000 0.000000
0.000000 0.000000
0.000000 0.000000
0.000000 0.000000
0.000000 0.000000
0.000000 0.000000
0.000000 0.000000
0.000000 0.000000
0.000000 0.000000
0.000000 0.000000
0.000000 0.000000
0.000000 0.000000
0.000000 0.000000
0.000000 0.000000
0.000000 0.000000
0.000000 0.000000
0.000000 0.000000
0.000000 0.000000
0.000000 0.000000
0.000000 0.000000
0.000000 0.000000
0.000000 0.000000
0.000000 0.000000
0.000000 0.000000
0.000000 0.000000
0.000000 0.000000
0.000000 0.000000
0.000000 0.000000
0.000000 0.000000
0.000000 0.000000
0.000000 0.000000
0.000000 0.000000
0.000000 0.000000
0.000000 0.000000
0.000000 0.000000
0.000000 0.000000
0.000000 0.000000
0.000000 0.000000
0.000000 0.000000
0.000000 0.000000
0.000000 0.000000
0.000000 0.000000
0.000000 0.000000
0.000000 0.000000
0.000000 0.000000
0.000000 0.000000
0.000000 0.000000
0.000000 0.000000
0.000000 0.000000
0.000000 0.000000
0.000000 0.000000
0.000000 0.000000
0.000000 0.000000
0.000000 0.000000
0.000000 0.000000
0.000000 0.000000
0.000000 0.000000
0.000000 0.000000
0.000000 0.000000
0.000000 0.000000
0.000000 0.000000
0.000000 0.000000
0.000000 0.000000
0.000000 0.000000
0.000000 0.000000
0.000000 0.000000
0.000000 0.000000
0.000000 0.000000
0.000000 0.000000
0.000000 0.000000
0.000000 0.000000
0.000000 0.000000
0.000000 0.000000
0.000000 0.000000
0.000000 0.000000
0.000000 0.000000
0.000000 0.000000
0.000000 0.000000
0.000000 0.000000
0.000000 0.000000
0.000000 0.000000
0.000000 0.000000
0.000000 0.000000
0.000000 0.000000
0.000000 0.000000
0.000000 0.000000
0.000000 0.000000
0.000000 0.000000
0.000000 0.000000
0.000000 0.000000
0.000000 0.000000
0.000000 0.000000
0.000000 0.000000
0.000000 0.000000
0.000000 0.000000
0.000000 0.000000
0.000000 0.000000
0.000000 0.000000
0.000000 0.000000
0.000000 0.000000
0.000000 0.000000
0.000000 0.000000
0.000000 0.000000
2.694101 0.000000
2.694101 0.000000
5.377404 0.000000
8.049909 0.000000
10.711616 0.000000
13.362525 0.000000
18.631949 0.000000
26.455100 0.000000
40.543556 0.000000
48.091361 0.000000
60.443825 0.000000
81.963396 0.000000
106.007709 0.000000
135.056169 0.000000
164.644134 0.000000
197.765159 0.000000
244.933419 0.000000
274.814175 0.000000
303.611601 0.000000
327.562314 0.000000
321.616886 0.000000
269.780234 0.000000
144.799691 0.000000
83.318625 0.000000
0.000000 0.000000
0.000000 0.000000
0.000000 0.000000
0.000000 0.000000
0.000000 0.000000
0.000000 0.000000
0.000000 0.000000
0.000000 0.000000
0.000000 0.000000
0.000000 0.000000
0.000000 0.000000
0.000000 0.000000
0.000000 0.000000
0.000000 0.000000
0.000000 0.000000
21.473467 0.000000
49.443873 0.000000
91.907281 0.000000
137.251675 0.000000
178.999955 0.000000
261.463723 0.000000
342.550435 0.000000
412.340754 0.000000
561.274421 0.000000
759.935106 0.000000
946.007379 0.000000
1226.370463 0.000000
1448.442693 0.000000
1728.749757 0.000000
2004.204186 0.000000
2306.732000 0.000000
2562.441882 0.000000
2653.116489 0.000000
2449.887131 0.000000
1789.730184 0.000000
1208.429227 0.000000
1387.328934 0.000000
1519.486320 0.000000
1615.380801 0.000000
1600.843585 0.000000
1261.157571 0.000000
971.300223 0.000000
1153.595275 0.000000
1362.402794 0.000000
1580.595633 0.000000
1803.703319 0.000000
2036.630564 0.000000
2139.403562 0.000000
2321.400057 0.000000
2574.211778 0.000000
2777.914988 0.000000
2781.082703 0.000000
2391.181931 0.000000
1705.069302 0.000000
1486.969992 0.000000
1446.093229 0.000000
1185.221055 0.000000
601.548497 0.000000
617.113350 0.000000
603.633051 0.000000
541.749037 0.000000
602.666551 0.000000
663.884312 0.000000
709.095404 0.000000
708.367387 0.000000
604.877023 0.000000
467.406188 0.000000
501.469881 0.000000
405.307072 0.000000
401.963419 0.000000
379.101264 0.000000
364.444121 0.000000
366.331185 0.000000
372.454900 0.000000
345.151702 0.000000
242.503261 0.000000
111.518611 0.000000
131.902058 0.000000
146.514646 0.000000
161.278208 0.000000
169.595076 0.000000
167.103897 0.000000
135.428188 0.000000
105.641723 0.000000
105.595890 0.000000
79.944391 0.000000
31.687441 0.000000
7.260500 0.000000
9.405029 0.000000
11.737329 0.000000
15.095660 0.000000
21.310842 0.000000
34.156562 0.000000
47.092414 0.000000
69.455133 0.000000
83.476768 0.000000
109.052068 0.000000
132.293384 0.000000
143.092104 0.000000
158.380381 0.000000
169.753017 0.000000
209.216277 0.000000
229.097996 0.000000
272.976618 0.000000
328.438439 0.000000
387.190021 0.000000
447.132197 0.000000
550.282941 0.000000
650.335920 0.000000
759.308773 0.000000
882.062221 0.000000
951.509823 0.000000
938.515883 0.000000
800.725281 0.000000
586.136174 0.000000
535.917229 0.000000
368.350773 0.000000
139.901314 0.000000
188.230155 0.000000
211.539610 0.000000
271.979298 0.000000
324.675456 0.000000
369.412664 0.000000
409.251799 0.000000
417.088930 0.000000
417.865491 0.000000
362.310254 0.000000
338.878749 0.000000
358.189995 0.000000
150.598258 0.000000
182.423448 0.000000
215.470190 0.000000
281.638854 0.000000
331.578320 0.000000
396.532994 0.000000
470.773061 0.000000
552.421930 0.000000
628.640149 0.000000
727.318858 0.000000
813.279952 0.000000
854.001891 0.000000
852.381660 0.000000
739.703300 0.000000
459.494073 0.000000
252.084133 0.000000
46.752277 0.000000
59.217992 0.000000
69.364568 0.000000
81.346833 0.000000
105.035087 0.000000
129.998803 0.000000
147.607620 0.000000
177.190453 0.000000
230.336657 0.000000
271.590300 0.000000
317.176995 0.000000
347.330997 0.000000
364.717605 0.000000
371.310022 0.000000
444.051457 0.000000
459.488006 0.000000
522.629965 0.000000
572.252677 0.000000
644.828310 0.000000
691.772017 0.000000
737.391036 0.000000
885.588182 0.000000
1053.279026 0.000000
1329.619560 0.000000
1521.107167 0.000000
1735.797674 0.000000
1881.059760 0.000000
2020.503201 0.000000
1951.468700 0.000000
1568.030541 0.000000
896.791685 0.000000
633.221623 0.000000
367.870350 0.000000
92.413309 0.000000
84.978252 0.000000
49.934702 0.000000
20.356022 0.000000
0.000000 0.000000
0.000000 0.000000
0.000000 0.000000
0.000000 0.000000
0.000000 0.000000
0.000000 0.000000
0.000000 0.000000
0.000000 0.000000
0.000000 0.000000
0.000000 0.000000
0.000000 0.000000
0.000000 0.000000
5.145688 0.000000
10.270752 0.000000
15.375192 0.000000
25.522200 0.000000
40.588032 0.000000
55.468248 0.000000
65.285272 0.000000
79.856128 0.000000
113.132952 0.000000
165.605564 0.000000
208.998460 0.000000
250.308332 0.000000
294.281278 0.000000
351.505144 0.000000
412.956930 0.000000
499.505546 0.000000
569.735422 0.000000
621.114962 0.000000
637.201682 0.000000
585.530828 0.000000
350.892869 0.000000
101.235482 0.000000
0.000000 0.000000
0.000000 0.000000
0.000000 0.000000
0.000000 0.000000
0.000000 0.000000
0.000000 0.000000
0.000000 0.000000
0.000000 0.000000
0.000000 0.000000
0.000000 0.000000
0.000000 0.000000
0.000000 0.000000
0.000000 0.000000
0.000000 0.000000
0.000000 0.000000
0.000000 0.000000
0.000000 0.000000
0.000000 0.000000
0.000000 0.000000
0.000000 0.000000
0.000000 0.000000
0.000000 0.000000
0.000000 0.000000
0.000000 0.000000
0.000000 0.000000
0.000000 0.000000
0.000000 0.000000
0.000000 0.000000
0.000000 0.000000
0.000000 0.000000
0.000000 0.000000
0.000000 0.000000
0.000000 0.000000
0.000000 0.000000
0.000000 0.000000
0.000000 0.000000
0.000000 0.000000
0.000000 0.000000
0.000000 0.000000
0.000000 0.000000
0.000000 0.000000
0.000000 0.000000
0.000000 0.000000
0.000000 0.000000
0.000000 0.000000
0.000000 0.000000
0.000000 0.000000
0.000000 0.000000
0.000000 0.000000
0.000000 0.000000
0.000000 0.000000
0.000000 0.000000
0.000000 0.000000
0.000000 0.000000
0.000000 0.000000
0.000000 0.000000
0.000000 0.000000
0.000000 0.000000
0.000000 0.000000
0.000000 0.000000
0.000000 0.000000
0.000000 0.000000
0.000000 0.000000
0.000000 0.000000
0.000000 0.000000
0.000000 0.000000
0.000000 0.000000
0.000000 0.000000
0.000000 0.000000
0.000000 0.000000
0.000000 0.000000
0.000000 0.000000
0.000000 0.000000
0.000000 0.000000
0.000000 0.000000
0.000000 0.000000
0.000000 0.000000
0.000000 0.000000
21.650113 0.000000
43.213452 0.000000
75.385159 0.000000
117.904906 0.000000
180.990078 0.000000
273.990801 0.000000
354.691521 0.000000
434.307076 0.000000
568.870109 0.000000
679.670842 0.000000
842.208552 0.000000
1008.469319 0.000000
1176.574336 0.000000
1404.144355 0.000000
1697.983595 0.000000
1907.042338 0.000000
2187.388791 0.000000
2376.888446 0.000000
2497.322595 0.000000
2359.449767 0.000000
2041.429203 0.000000
1590.955721 0.000000
1811.899094 0.000000
2238.195371 0.000000
2582.558377 0.000000
2904.110549 0.000000
3230.243313 0.000000
3445.315217 0.000000
3137.327331 0.000000
2916.955022 0.000000
3085.802277 0.000000
2999.064312 0.000000
3190.998057 0.000000
3219.412856 0.000000
2986.263917 0.000000
2280.609884 0.000000
1655.005375 0.000000
1208.570888 0.000000
1098.442963 0.000000
1268.778211 0.000000
1411.289248 0.000000
1535.674563 0.000000
1558.822391 0.000000
1425.367273 0.000000
1124.298279 0.000000
1063.795117 0.000000
982.194653 0.000000
822.989756 0.000000
769.726815 0.000000
840.103740 0.000000
865.792785 0.000000
758.815036 0.000000
495.342407 0.000000
550.707429 0.000000
589.790785 0.000000
525.153843 0.000000
515.182694 0.000000
568.676570 0.000000
597.427225 0.000000
579.118520 0.000000
476.039684 0.000000
343.284547 0.000000
289.117658 0.000000
235.172665 0.000000
194.882118 0.000000
130.993974 0.000000
153.592030 0.000000
196.438044 0.000000
252.884664 0.000000
315.492579 0.000000
380.091490 0.000000
456.096767 0.000000
514.763081 0.000000
560.684547 0.000000
566.252319 0.000000
502.589711 0.000000
339.574176 0.000000
264.213112 0.000000
159.027583 0.000000
0.000000 0.000000
0.000000 0.000000
0.000000 0.000000
0.000000 0.000000
0.000000 0.000000
0.000000 0.000000
0.000000 0.000000
0.000000 0.000000
0.000000 0.000000
0.000000 0.000000
0.000000 0.000000
0.000000 0.000000
0.000000 0.000000
0.000000 0.000000
0.000000 0.000000
0.000000 0.000000
0.000000 0.000000
0.000000 0.000000
0.000000 0.000000
0.000000 0.000000
0.000000 0.000000
0.000000 0.000000
0.000000 0.000000
0.000000 0.000000
0.000000 0.000000
0.000000 0.000000
0.000000 0.000000
0.000000 0.000000
0.000000 0.000000
0.000000 0.000000
0.000000 0.000000
0.000000 0.000000
0.000000 0.000000
0.497004 0.000000
0.992016 0.000000
1.485036 0.000000
2.465100 0.000000
2.952144 0.000000
4.401324 0.000000
5.832576 0.000000
7.713024 0.000000
8.641296 0.000000
11.600910 0.000000
16.205916 0.000000
18.837099 0.000000
22.888329 0.000000
28.676334 0.000000
36.151314 0.000000
42.238866 0.000000
48.745983 0.000000
55.331286 0.000000
60.457947 0.000000
59.150199 0.000000
45.728850 0.000000
21.943858 0.000000
4.815050 0.000000
0.000000 0.000000
0.000000 0.000000
0.000000 0.000000
0.000000 0.000000
0.000000 0.000000
0.000000 0.000000
0.000000 0.000000
0.000000 0.000000
0.000000 0.000000
0.000000 0.000000
0.000000 0.000000
0.000000 0.000000
0.000000 0.000000
0.000000 0.000000
0.000000 0.000000
0.000000 0.000000
0.000000 0.000000
0.000000 0.000000
0.000000 0.000000
0.000000 0.000000
0.000000 0.000000
0.000000 0.000000
0.000000 0.000000
0.000000 0.000000
0.000000 0.000000
0.000000 0.000000
0.000000 0.000000
0.000000 0.000000
0.000000 0.000000
0.000000 0.000000
0.000000 0.000000
0.000000 0.000000
0.000000 0.000000
0.000000 0.000000
0.000000 0.000000
0.000000 0.000000
0.000000 0.000000
0.000000 0.000000
0.000000 0.000000
0.000000 0.000000
0.000000 0.000000
0.000000 0.000000
0.000000 0.000000
0.000000 0.000000
0.000000 0.000000
0.000000 0.000000
0.000000 0.000000
0.000000 0.000000
0.000000 0.000000
0.000000 0.000000
0.000000 0.000000
0.000000 0.000000
0.000000 0.000000
0.000000 0.000000
0.000000 0.000000
0.000000 0.000000
0.000000 0.000000
0.000000 0.000000
0.000000 0.000000
0.000000 0.000000
0.000000 0.000000
0.000000 0.000000
0.000000 0.000000
0.000000 0.000000
0.000000 0.000000
0.000000 0.000000
0.000000 0.000000
0.000000 0.000000
0.000000 0.000000
0.000000 0.000000
0.000000 0.000000
0.000000 0.000000
0.000000 0.000000
0.000000 0.000000
0.000000 0.000000
0.000000 0.000000
0.000000 0.000000
0.000000 0.000000
0.000000 0.000000
0.000000 0.000000
0.000000 0.000000
0.000000 0.000000
0.000000 0.000000
1.463567 0.000000
2.921268 0.000000
4.373103 0.000000
5.819072 0.000000
8.693412 0.000000
11.544288 0.000000
14.371700 0.000000
25.443311 0.000000
30.840039 0.000000
43.277226 0.000000
56.391543 0.000000
64.766365 0.000000
79.671364 0.000000
99.124938 0.000000
117.304437 0.000000
133.378540 0.000000
152.737479 0.000000
167.165274 0.000000
178.583922 0.000000
173.959416 0.000000
144.414786 0.000000
69.927968 0.000000
13.063461 0.000000
0.000000 0.000000
0.000000 0.000000
0.000000 0.000000
0.000000 0.000000
0.000000 0.000000
0.000000 0.000000
0.000000 0.000000
0.000000 0.000000
0.000000 0.000000
0.000000 0.000000
0.000000 0.000000
0.000000 0.000000
0.000000 0.000000
0.000000 0.000000
0.000000 0.000000
0.000000 0.000000
0.000000 0.000000
0.000000 0.000000
0.000000 0.000000
0.000000 0.000000
0.000000 0.000000
0.000000 0.000000
0.000000 0.000000
0.000000 0.000000
0.000000 0.000000
0.000000 0.000000
0.000000 0.000000
0.000000 0.000000
0.000000 0.000000
0.000000 0.000000
0.000000 0.000000
0.000000 0.000000
0.000000 0.000000
0.000000 0.000000
0.000000 0.000000
0.000000 0.000000
0.000000 0.000000
0.000000 0.000000
0.000000 0.000000
0.000000 0.000000
0.000000 0.000000
0.000000 0.000000
0.000000 0.000000
0.000000 0.000000
0.000000 0.000000
0.000000 0.000000
0.000000 0.000000
0.000000 0.000000
0.000000 0.000000
0.000000 0.000000
0.000000 0.000000
0.000000 0.000000
0.000000 0.000000
0.000000 0.000000
0.000000 0.000000
0.000000 0.000000
0.000000 0.000000
0.000000 0.000000
0.000000 0.000000
0.000000 0.000000
0.000000 0.000000
0.000000 0.000000
0.000000 0.000000
0.000000 0.000000
0.000000 0.000000
0.000000 0.000000
0.000000 0.000000
0.000000 0.000000
0.000000 0.000000
0.000000 0.000000
0.000000 0.000000
0.000000 0.000000
0.000000 0.000000
0.000000 0.000000
0.000000 0.000000
0.000000 0.000000
0.000000 0.000000
0.000000 0.000000
0.000000 0.000000
0.000000 0.000000
0.000000 0.000000
0.000000 0.000000
0.000000 0.000000
0.000000 0.000000
0.000000 0.000000
0.000000 0.000000
0.000000 0.000000
0.000000 0.000000
0.000000 0.000000
0.000000 0.000000
0.000000 0.000000
0.000000 0.000000
0.000000 0.000000
0.000000 0.000000
0.000000 0.000000
0.000000 0.000000
0.000000 0.000000
0.000000 0.000000
0.000000 0.000000
0.000000 0.000000
0.000000 0.000000
0.000000 0.000000
0.000000 0.000000
0.000000 0.000000
0.000000 0.000000
0.000000 0.000000
0.000000 0.000000
0.000000 0.000000
0.000000 0.000000
0.000000 0.000000
0.000000 0.000000
0.000000 0.000000
0.000000 0.000000
0.000000 0.000000
0.000000 0.000000
0.000000 0.000000
0.000000 0.000000
0.000000 0.000000
0.000000 0.000000
0.000000 0.000000
0.000000 0.000000
0.000000 0.000000
0.000000 0.000000
0.000000 0.000000
0.000000 0.000000
0.000000 0.000000
0.000000 0.000000
0.000000 0.000000
0.000000 0.000000
0.000000 0.000000
0.000000 0.000000
0.000000 0.000000
0.000000 0.000000
0.000000 0.000000
0.000000 0.000000
0.000000 0.000000
0.000000 0.000000
0.000000 0.000000
0.000000 0.000000
0.000000 0.000000
0.000000 0.000000
0.000000 0.000000
0.000000 0.000000
0.000000 0.000000
0.000000 0.000000
0.000000 0.000000
0.000000 0.000000
0.000000 0.000000
0.000000 0.000000
0.000000 0.000000
0.000000 0.000000
0.000000 0.000000
0.000000 0.000000
0.000000 0.000000
0.000000 0.000000
0.000000 0.000000
0.000000 0.000000
0.000000 0.000000
0.000000 0.000000
0.000000 0.000000
0.000000 0.000000
0.000000 0.000000
0.000000 0.000000
0.000000 0.000000
0.000000 0.000000
0.000000 0.000000
0.000000 0.000000
0.000000 0.000000
0.000000 0.000000
0.000000 0.000000
0.000000 0.000000
0.000000 0.000000
0.000000 0.000000
0.000000 0.000000
0.000000 0.000000
0.000000 0.000000
0.000000 0.000000
0.000000 0.000000
0.000000 0.000000
0.000000 0.000000
0.000000 0.000000
0.000000 0.000000
0.000000 0.000000
0.000000 0.000000
0.000000 0.000000
0.000000 0.000000
0.000000 0.000000
0.000000 0.000000
0.000000 0.000000
0.000000 0.000000
0.000000 0.000000
0.000000 0.000000
0.000000 0.000000
0.000000 0.000000
0.000000 0.000000
0.000000 0.000000
0.000000 0.000000
0.000000 0.000000
0.000000 0.000000
0.000000 0.000000
0.000000 0.000000
0.000000 0.000000
0.000000 0.000000
0.000000 0.000000
0.000000 0.000000
0.000000 0.000000
0.000000 0.000000
0.000000 0.000000
0.000000 0.000000
0.000000 0.000000
0.000000 0.000000
0.000000 0.000000
0.000000 0.000000
0.000000 0.000000
0.000000 0.000000
0.000000 0.000000
0.000000 0.000000
0.000000 0.000000
0.000000 0.000000
0.564868 0.000000
1.407642 0.000000
1.966850 0.000000
2.800568 0.000000
3.354116 0.000000
4.454420 0.000000
5.545668 0.000000
6.895578 0.000000
9.028266 0.000000
10.862672 0.000000
13.180442 0.000000
15.197666 0.000000
18.880628 0.000000
24.296682 0.000000
28.964484 0.000000
36.456909 0.000000
43.522004 0.000000
52.488010 0.000000
59.165395 0.000000
66.112762 0.000000
68.486661 0.000000
61.963000 0.000000
40.027507 0.000000
24.266697 0.000000
2.529464 0.000000
0.000000 0.000000
0.000000 0.000000
0.000000 0.000000
0.000000 0.000000
0.000000 0.000000
0.000000 0.000000
0.000000 0.000000
0.000000 0.000000
0.000000 0.000000
0.000000 0.000000
0.000000 0.000000
0.000000 0.000000
0.000000 0.000000
0.000000 0.000000
0.000000 0.000000
0.000000 0.000000
0.000000 0.000000
0.000000 0.000000
0.566365 0.000000
1.130460 0.000000
1.692285 0.000000
2.251840 0.000000
4.467360 0.000000
6.646560 0.000000
7.185685 0.000000
9.847260 0.000000
13.220589 0.000000
15.871065 0.000000
20.027456 0.000000
25.510557 0.000000
30.117797 0.000000
36.229808 0.000000
44.305173 0.000000
52.834773 0.000000
60.372189 0.000000
66.318394 0.000000
68.997954 0.000000
62.704565 0.000000
42.363941 0.000000
25.930803 0.000000
3.929643 0.000000
1.165962 0.000000
1.935450 0.000000
3.077952 0.000000
3.831800 0.000000
4.579392 0.000000
6.238405 0.000000
7.326949 0.000000
8.756445 0.000000
11.196285 0.000000
13.725664 0.000000
16.563928 0.000000
21.366220 0.000000
25.899529 0.000000
30.608845 0.000000
35.635770 0.000000
40.004595 0.000000
43.775717 0.000000
47.558667 0.000000
47.457434 0.000000
39.431498 0.000000
19.720183 0.000000
7.431550 0.000000
0.000000 0.000000
0.000000 0.000000
0.000000 0.000000
0.000000 0.000000
0.000000 0.000000
0.000000 0.000000
0.000000 0.000000
