279338.392293 0.000000
258219.274850 0.000000
239643.672390 0.000000
215934.075426 0.000000
190727.577774 0.000000
187621.627714 0.000000
165075.812427 0.000000
165013.419024 0.000000
155302.731170 0.000000
143314.883703 0.000000
121323.863123 0.000000
108833.120596 0.000000
96344.198856 0.000000
91025.913693 0.000000
97710.662035 0.000000
83919.960248 0.000000
91936.249205 0.000000
86501.316558 0.000000
84818.955993 0.000000
87033.180752 0.000000
77048.967336 0.000000
71332.817481 0.000000
70453.478320 0.000000
67446.008382 0.000000
59130.513741 0.000000
55823.331981 0.000000
48246.685135 0.000000
43248.295726 0.000000
35393.347517 0.000000
32827.044703 0.000000
25832.156082 0.000000
23055.114234 0.000000
22286.394975 0.000000
16346.491498 0.000000
7467.760548 0.000000
7885.937597 0.000000
9336.372845 0.000000
10986.033370 0.000000
12553.474570 0.000000
13589.199792 0.000000
11415.300630 0.000000
10070.632147 0.000000
6531.164449 0.000000
6973.574036 0.000000
6699.113695 0.000000
7525.193567 0.000000
7979.512288 0.000000
7602.971901 0.000000
4780.553921 0.000000
2372.196775 0.000000
0.000000 0.000000
0.000000 0.000000
359.861145 0.000000
942.985264 0.000000
1332.899162 0.000000
1470.250715 0.000000
1858.168302 0.000000
3970.703942 0.000000
4463.786060 0.000000
6215.093456 0.000000
8342.720505 0.000000
12529.184672 0.000000
16942.907769 0.000000
18753.045905 0.000000
20425.154945 0.000000
20560.474122 0.000000
17558.747520 0.000000
7715.075865 0.000000
3954.082315 0.000000
592.938236 0.000000
807.344892 0.000000
1253.332622 0.000000
1648.640605 0.000000
2706.270585 0.000000
3696.482690 0.000000
4331.618606 0.000000
5055.887272 0.000000
5482.873647 0.000000
6392.330471 0.000000
6103.712713 0.000000
6709.397938 0.000000
7499.873571 0.000000
10281.251249 0.000000
10304.351697 0.000000
13439.267207 0.000000
16430.148632 0.000000
23247.803359 0.000000
26857.406805 0.000000
33054.068801 0.000000
36743.883338 0.000000
38200.853652 0.000000
39391.429773 0.000000
36145.749614 0.000000
22106.733612 0.000000
15666.303785 0.000000
8399.707040 0.000000
0.000000 0.000000
164.547586 0.000000
322.378944 0.000000
792.454945 0.000000
1333.295001 0.000000
1856.012354 0.000000
2267.100339 0.000000
2586.777036 0.000000
2798.139142 0.000000
2508.079930 0.000000
2349.108535 0.000000
2446.244682 0.000000
2179.687146 0.000000
1029.490740 0.000000
989.019458 0.000000
1294.736630 0.000000
1776.160260 0.000000
2080.899660 0.000000
2431.248811 0.000000
2527.069173 0.000000
2427.600712 0.000000
2824.001941 0.000000
3070.955271 0.000000
4972.305519 0.000000
5070.060001 0.000000
6538.464816 0.000000
7943.116920 0.000000
7465.678411 0.000000
1701.932448 0.000000
1566.774801 0.000000
1300.344112 0.000000
505.521378 0.000000
321.993427 0.000000
447.690904 0.000000
499.955361 0.000000
807.376010 0.000000
950.168327 0.000000
1117.601391 0.000000
1273.604686 0.000000
1400.160353 0.000000
1424.465765 0.000000
1001.274835 0.000000
425.780230 0.000000
527.494684 0.000000
727.131144 0.000000
1027.397349 0.000000
1209.180181 0.000000
1480.231296 0.000000
1696.098316 0.000000
1794.293455 0.000000
1816.204729 0.000000
1461.565866 0.000000
1099.199638 0.000000
819.633576 0.000000
536.274848 0.000000
326.750484 0.000000
468.815912 0.000000
655.276787 0.000000
761.825858 0.000000
1275.744764 0.000000
1384.691864 0.000000
1461.674243 0.000000
1519.744836 0.000000
1836.231047 0.000000
2114.100344 0.000000
1620.016645 0.000000
0.000000 0.000000
0.000000 0.000000
0.000000 0.000000
0.000000 0.000000
0.000000 0.000000
0.000000 0.000000
0.000000 0.000000
0.000000 0.000000
0.000000 0.000000
0.000000 0.000000
0.000000 0.000000
0.000000 0.000000
0.000000 0.000000
0.000000 0.000000
0.000000 0.000000
0.000000 0.000000
0.000000 0.000000
0.000000 0.000000
0.000000 0.000000
28.033488 0.000000
85.108000 0.000000
158.321957 0.000000
214.270830 0.000000
287.056451 0.000000
349.813915 0.000000
454.263156 0.000000
568.864030 0.000000
754.349006 0.000000
812.451763 0.000000
828.626513 0.000000
838.937623 0.000000
572.286265 0.000000
108.920177 0.000000
0.000000 0.000000
0.000000 0.000000
0.000000 0.000000
0.000000 0.000000
7.194278 0.000000
14.094912 0.000000
20.701902 0.000000
38.761008 0.000000
49.332192 0.000000
58.728800 0.000000
73.998288 0.000000
84.569472 0.000000
91.690339 0.000000
85.523815 0.000000
46.762807 0.000000
0.000000 0.000000
0.000000 0.000000
0.000000 0.000000
0.000000 0.000000
0.000000 0.000000
0.000000 0.000000
32.096911 0.000000
255.319169 0.000000
313.565744 0.000000
692.812242 0.000000
776.118880 0.000000
871.624265 0.000000
1120.799188 0.000000
1281.945708 0.000000
1578.170000 0.000000
1851.497059 0.000000
1691.434248 0.000000
1058.616616 0.000000
1131.249601 0.000000
1112.983305 0.000000
351.261282 0.000000
407.118198 0.000000
457.726814 0.000000
458.851450 0.000000
417.802249 0.000000
207.870256 0.000000
134.675202 0.000000
185.410760 0.000000
244.411957 0.000000
298.198128 0.000000
358.492293 0.000000
389.598223 0.000000
482.445566 0.000000
517.893719 0.000000
536.207804 0.000000
538.242264 0.000000
565.695471 0.000000
601.136693 0.000000
649.600680 0.000000
599.394373 0.000000
309.534115 0.000000
91.157712 0.000000
0.000000 0.000000
0.000000 0.000000
0.000000 0.000000
129.457412 0.000000
253.630848 0.000000
486.125792 0.000000
2383.573270 0.000000
4136.532699 0.000000
5932.602195 0.000000
10448.465519 0.000000
14586.396922 0.000000
15090.833982 0.000000
17421.364393 0.000000
21673.003012 0.000000
23672.276704 0.000000
22533.822446 0.000000
14575.298401 0.000000
11433.209830 0.000000
12782.911543 0.000000
13084.859969 0.000000
12954.400305 0.000000
13045.713026 0.000000
12562.340171 0.000000
12774.980712 0.000000
10598.638203 0.000000
6818.888218 0.000000
7967.837607 0.000000
9016.310061 0.000000
9507.576349 0.000000
8266.957699 0.000000
6536.756921 0.000000
6356.292842 0.000000
6403.101575 0.000000
5982.199679 0.000000
4791.008854 0.000000
4532.477431 0.000000
3055.397316 0.000000
1383.959282 0.000000
1600.168538 0.000000
1665.348885 0.000000
1567.225447 0.000000
1399.589803 0.000000
1718.170068 0.000000
2058.822802 0.000000
2385.191059 0.000000
2291.267232 0.000000
2992.572477 0.000000
2953.286319 0.000000
2853.942374 0.000000
2884.420806 0.000000
453.878684 0.000000
0.000000 0.000000
0.000000 0.000000
0.000000 0.000000
0.000000 0.000000
0.000000 0.000000
0.000000 0.000000
0.000000 0.000000
0.000000 0.000000
0.000000 0.000000
0.000000 0.000000
0.000000 0.000000
0.000000 0.000000
0.000000 0.000000
0.000000 0.000000
0.000000 0.000000
0.000000 0.000000
0.000000 0.000000
0.000000 0.000000
0.000000 0.000000
0.000000 0.000000
0.000000 0.000000
0.000000 0.000000
0.000000 0.000000
0.000000 0.000000
0.000000 0.000000
0.000000 0.000000
0.000000 0.000000
0.000000 0.000000
0.000000 0.000000
0.000000 0.000000
1.969555 0.000000
1.969555 0.000000
3.858720 0.000000
5.667495 0.000000
7.395880 0.000000
8.219857 0.000000
12.802090 0.000000
16.660813 0.000000
22.579514 0.000000
24.579230 0.000000
24.579254 0.000000
21.162713 0.000000
13.063475 0.000000
0.000000 0.000000
0.000000 0.000000
0.000000 0.000000
0.000000 0.000000
0.000000 0.000000
0.000000 0.000000
0.000000 0.000000
0.000000 0.000000
0.000000 0.000000
0.000000 0.000000
0.000000 0.000000
0.000000 0.000000
0.000000 0.000000
0.000000 0.000000
40.677916 0.000000
98.374159 0.000000
151.919592 0.000000
185.956215 0.000000
232.860352 0.000000
290.971658 0.000000
333.932521 0.000000
361.950468 0.000000
447.042023 0.000000
488.135017 0.000000
484.814360 0.000000
370.404482 0.000000
224.441756 0.000000
105.268933 0.000000
80.923989 0.000000
129.134025 0.000000
151.517256 0.000000
211.779801 0.000000
289.260216 0.000000
351.531509 0.000000
357.270804 0.000000
340.052949 0.000000
259.415960 0.000000
75.758760 0.000000
0.000000 0.000000
0.000000 0.000000
0.000000 0.000000
0.000000 0.000000
0.000000 0.000000
0.000000 0.000000
0.000000 0.000000
0.000000 0.000000
0.000000 0.000000
0.000000 0.000000
0.000000 0.000000
0.000000 0.000000
0.000000 0.000000
0.000000 0.000000
0.000000 0.000000
0.000000 0.000000
0.000000 0.000000
87.238228 0.000000
170.915712 0.000000
170.915712 0.000000
251.032452 0.000000
364.086074 0.000000
468.237836 0.000000
680.992290 0.000000
809.624167 0.000000
918.226859 0.000000
1025.494272 0.000000
974.753670 0.000000
835.884654 0.000000
580.714470 0.000000
425.807657 0.000000
138.869064 0.000000
0.000000 0.000000
53.632215 0.000000
105.075360 0.000000
154.329435 0.000000
201.394440 0.000000
329.455035 0.000000
437.814000 0.000000
499.107960 0.000000
574.630875 0.000000
686.638301 0.000000
674.943983 0.000000
573.742661 0.000000
379.587082 0.000000
53.483493 0.000000
0.000000 0.000000
0.000000 0.000000
0.000000 0.000000
0.000000 0.000000
0.000000 0.000000
0.000000 0.000000
0.000000 0.000000
0.000000 0.000000
238.594034 0.000000
467.449536 0.000000
686.566506 0.000000
1057.350833 0.000000
1494.301624 0.000000
2014.625829 0.000000
2354.231904 0.000000
2582.066563 0.000000
2839.160003 0.000000
2737.530555 0.000000
1630.178977 0.000000
1500.685720 0.000000
967.829827 0.000000
579.328938 0.000000
396.927323 0.000000
347.014379 0.000000
308.043929 0.000000
444.908255 0.000000
609.404794 0.000000
761.238439 0.000000
857.355772 0.000000
879.090925 0.000000
852.365191 0.000000
761.815538 0.000000
464.883543 0.000000
349.049806 0.000000
382.638912 0.000000
421.075945 0.000000
427.309000 0.000000
357.360601 0.000000
122.063809 0.000000
153.229032 0.000000
184.394268 0.000000
209.499579 0.000000
214.693768 0.000000
207.768148 0.000000
120.938273 0.000000
61.031782 0.000000
8.697118 0.000000
17.039251 0.000000
25.026400 0.000000
39.935744 0.000000
59.637378 0.000000
78.540307 0.000000
85.196272 0.000000
106.011908 0.000000
111.257294 0.000000
110.240928 0.000000
93.064929 0.000000
690.293058 0.000000
1255.612262 0.000000
2402.626335 0.000000
3443.379268 0.000000
5214.126853 0.000000
5770.256305 0.000000
6827.135412 0.000000
8111.935635 0.000000
7795.781783 0.000000
5838.241167 0.000000
2200.949385 0.000000
0.000000 0.000000
0.000000 0.000000
0.000000 0.000000
0.000000 0.000000
0.000000 0.000000
0.000000 0.000000
0.000000 0.000000
0.000000 0.000000
0.000000 0.000000
0.000000 0.000000
0.000000 0.000000
0.000000 0.000000
103.121676 0.000000
202.034304 0.000000
202.034304 0.000000
341.985150 0.000000
471.413376 0.000000
553.489812 0.000000
789.722631 0.000000
979.954526 0.000000
1140.563246 0.000000
1291.325597 0.000000
1201.796202 0.000000
752.882583 0.000000
352.507770 0.000000
107.593810 0.000000
143.830900 0.000000
184.724024 0.000000
213.204313 0.000000
223.570368 0.000000
247.375776 0.000000
259.874651 0.000000
297.550691 0.000000
322.910630 0.000000
330.746225 0.000000
339.825227 0.000000
300.485856 0.000000
155.979352 0.000000
14.250300 0.000000
0.000000 0.000000
0.000000 0.000000
0.000000 0.000000
0.000000 0.000000
0.000000 0.000000
0.000000 0.000000
0.000000 0.000000
0.000000 0.000000
0.000000 0.000000
0.000000 0.000000
0.000000 0.000000
0.000000 0.000000
0.000000 0.000000
0.000000 0.000000
0.000000 0.000000
0.000000 0.000000
0.000000 0.000000
0.000000 0.000000
0.000000 0.000000
0.000000 0.000000
0.000000 0.000000
0.000000 0.000000
13.959659 0.000000
27.349536 0.000000
40.169631 0.000000
46.294809 0.000000
46.294809 0.000000
58.260230 0.000000
69.655869 0.000000
100.424094 0.000000
133.471446 0.000000
159.538976 0.000000
176.632424 0.000000
155.692889 0.000000
97.005270 0.000000
13.674720 0.000000
0.000000 0.000000
0.000000 0.000000
0.000000 0.000000
0.000000 0.000000
0.000000 0.000000
0.000000 0.000000
0.000000 0.000000
0.000000 0.000000
0.000000 0.000000
0.000000 0.000000
0.000000 0.000000
0.000000 0.000000
0.000000 0.000000
0.000000 0.000000
0.000000 0.000000
0.000000 0.000000
0.000000 0.000000
0.000000 0.000000
0.000000 0.000000
0.000000 0.000000
0.000000 0.000000
0.000000 0.000000
0.000000 0.000000
0.000000 0.000000
0.000000 0.000000
0.000000 0.000000
0.000000 0.000000
0.000000 0.000000
0.000000 0.000000
0.000000 0.000000
0.000000 0.000000
0.000000 0.000000
0.000000 0.000000
0.000000 0.000000
0.000000 0.000000
0.000000 0.000000
0.000000 0.000000
0.000000 0.000000
0.000000 0.000000
0.000000 0.000000
0.000000 0.000000
0.000000 0.000000
0.000000 0.000000
0.000000 0.000000
0.000000 0.000000
13.098778 0.000000
25.662912 0.000000
37.692402 0.000000
49.187248 0.000000
60.147450 0.000000
80.463922 0.000000
102.785309 0.000000
140.076728 0.000000
161.061505 0.000000
166.006962 0.000000
159.992217 0.000000
119.492934 0.000000
44.910096 0.000000
57.340569 0.000000
68.768574 0.000000
76.855061 0.000000
82.401999 0.000000
80.196624 0.000000
59.947071 0.000000
28.670499 0.000000
36.356064 0.000000
40.399335 0.000000
41.735959 0.000000
40.633256 0.000000
30.909400 0.000000
10.058216 0.000000
0.000000 0.000000
0.000000 0.000000
0.000000 0.000000
0.000000 0.000000
0.000000 0.000000
0.000000 0.000000
0.000000 0.000000
0.000000 0.000000
0.000000 0.000000
0.000000 0.000000
0.000000 0.000000
0.000000 0.000000
0.000000 0.000000
0.000000 0.000000
0.000000 0.000000
0.000000 0.000000
0.000000 0.000000
0.000000 0.000000
0.000000 0.000000
0.000000 0.000000
0.000000 0.000000
0.000000 0.000000
0.000000 0.000000
0.000000 0.000000
0.000000 0.000000
0.000000 0.000000
0.000000 0.000000
0.000000 0.000000
0.000000 0.000000
0.000000 0.000000
0.000000 0.000000
0.000000 0.000000
0.000000 0.000000
0.000000 0.000000
0.000000 0.000000
0.000000 0.000000
0.000000 0.000000
0.000000 0.000000
0.000000 0.000000
0.000000 0.000000
0.000000 0.000000
0.000000 0.000000
0.000000 0.000000
0.000000 0.000000
0.000000 0.000000
0.000000 0.000000
0.000000 0.000000
0.000000 0.000000
0.000000 0.000000
0.000000 0.000000
0.000000 0.000000
0.000000 0.000000
2101.468319 0.000000
2101.468319 0.000000
5082.122363 0.000000
8684.639481 0.000000
11150.648223 0.000000
15141.870588 0.000000
17726.224091 0.000000
21104.731566 0.000000
21273.454970 0.000000
19951.444162 0.000000
15174.183804 0.000000
8914.428194 0.000000
4026.684927 0.000000
4895.528834 0.000000
5525.697164 0.000000
6178.516723 0.000000
6716.437203 0.000000
6494.904260 0.000000
5015.046050 0.000000
3927.182589 0.000000
1883.715207 0.000000
2213.532170 0.000000
2338.827793 0.000000
3008.963460 0.000000
3188.737258 0.000000
3328.396800 0.000000
3138.727338 0.000000
2099.449412 0.000000
853.721526 0.000000
1025.269942 0.000000
1211.560823 0.000000
1421.305584 0.000000
1468.883481 0.000000
1553.317491 0.000000
1490.997194 0.000000
1174.034702 0.000000
954.908381 0.000000
821.556185 0.000000
234.538637 0.000000
0.000000 0.000000
0.000000 0.000000
0.000000 0.000000
17.968006 0.000000
17.968006 0.000000
35.202624 0.000000
51.703854 0.000000
67.471696 0.000000
82.506150 0.000000
96.807216 0.000000
135.310086 0.000000
167.212464 0.000000
199.481536 0.000000
228.267015 0.000000
209.748968 0.000000
124.859307 0.000000
3.983896 0.000000
7.805184 0.000000
11.463864 0.000000
163.979977 0.000000
305.304122 0.000000
569.864919 0.000000
810.309061 0.000000
1080.920756 0.000000
1310.564062 0.000000
1466.571314 0.000000
1647.501925 0.000000
1890.243796 0.000000
1916.622041 0.000000
1757.887284 0.000000
1169.238183 0.000000
425.809689 0.000000
89.306955 0.000000
137.917077 0.000000
224.846554 0.000000
286.112871 0.000000
308.589931 0.000000
386.478055 0.000000
434.564451 0.000000
482.400786 0.000000
500.778709 0.000000
482.171528 0.000000
506.825928 0.000000
476.810258 0.000000
440.101180 0.000000
331.809446 0.000000
141.330099 0.000000
0.000000 0.000000
0.000000 0.000000
0.000000 0.000000
0.000000 0.000000
0.000000 0.000000
0.000000 0.000000
0.000000 0.000000
0.000000 0.000000
0.000000 0.000000
0.000000 0.000000
0.000000 0.000000
48.867063 0.000000
95.739552 0.000000
140.617467 0.000000
203.945212 0.000000
262.286519 0.000000
315.641388 0.000000
370.741513 0.000000
465.982418 0.000000
541.568006 0.000000
581.113557 0.000000
584.869736 0.000000
1010.318582 0.000000
885.841188 0.000000
383.011662 0.000000
301.563871 0.000000
345.928643 0.000000
365.747471 0.000000
369.951465 0.000000
302.687562 0.000000
158.550628 0.000000
4.867317 0.000000
9.535968 0.000000
16.141634 0.000000
24.286938 0.000000
29.799936 0.000000
37.994919 0.000000
44.898568 0.000000
51.752533 0.000000
56.818504 0.000000
60.791808 0.000000
58.010432 0.000000
37.746344 0.000000
18.326754 0.000000
4.767936 0.000000
0.000000 0.000000
0.000000 0.000000
0.000000 0.000000
0.000000 0.000000
0.000000 0.000000
0.000000 0.000000
0.000000 0.000000
0.000000 0.000000
0.000000 0.000000
0.000000 0.000000
0.000000 0.000000
0.000000 0.000000
0.000000 0.000000
0.000000 0.000000
0.000000 0.000000
0.000000 0.000000
0.000000 0.000000
0.000000 0.000000
0.000000 0.000000
0.000000 0.000000
0.000000 0.000000
0.000000 0.000000
40.439602 0.000000
79.228608 0.000000
116.367018 0.000000
151.854832 0.000000
217.878672 0.000000
277.300128 0.000000
396.968338 0.000000
448.962112 0.000000
514.985952 0.000000
462.166880 0.000000
239.542764 0.000000
0.000000 0.000000
0.000000 0.000000
0.000000 0.000000
0.000000 0.000000
0.000000 0.000000
0.000000 0.000000
0.000000 0.000000
0.000000 0.000000
0.000000 0.000000
0.000000 0.000000
0.000000 0.000000
0.000000 0.000000
0.000000 0.000000
0.000000 0.000000
0.000000 0.000000
2.657466 0.000000
5.206464 0.000000
7.646994 0.000000
12.202650 0.000000
20.012346 0.000000
22.479993 0.000000
27.117000 0.000000
30.750678 0.000000
32.811570 0.000000
29.069424 0.000000
12.704302 0.000000
6.074168 0.000000
0.000000 0.000000
0.000000 0.000000
0.000000 0.000000
0.000000 0.000000
0.000000 0.000000
0.000000 0.000000
0.000000 0.000000
0.000000 0.000000
0.000000 0.000000
0.000000 0.000000
0.000000 0.000000
4.659214 0.000000
9.128256 0.000000
13.407126 0.000000
17.495824 0.000000
25.102704 0.000000
28.620886 0.000000
31.948896 0.000000
35.086734 0.000000
45.736366 0.000000
53.343246 0.000000
57.907374 0.000000
58.953320 0.000000
52.344843 0.000000
40.411550 0.000000
14.880959 0.000000
0.000000 0.000000
0.000000 0.000000
0.000000 0.000000
0.000000 0.000000
0.000000 0.000000
0.000000 0.000000
0.000000 0.000000
0.000000 0.000000
0.000000 0.000000
7.424872 0.000000
14.546688 0.000000
21.365448 0.000000
34.093800 0.000000
45.609928 0.000000
60.611200 0.000000
67.051140 0.000000
130.768394 0.000000
138.275869 0.000000
126.396651 0.000000
93.749260 0.000000
774.565487 0.000000
1490.453613 0.000000
2843.123863 0.000000
2843.123863 0.000000
3485.218944 0.000000
5149.227011 0.000000
5755.518283 0.000000
7245.962017 0.000000
9121.579029 0.000000
9445.923266 0.000000
9134.713786 0.000000
8042.919515 0.000000
5226.145778 0.000000
3666.727317 0.000000
3842.731622 0.000000
4281.666631 0.000000
4807.907368 0.000000
3908.198579 0.000000
801.655388 0.000000
25.019970 0.000000
4.858203 0.000000
9.518112 0.000000
13.979727 0.000000
21.225670 0.000000
25.172521 0.000000
34.090371 0.000000
42.941746 0.000000
51.146521 0.000000
57.202722 0.000000
60.808645 0.000000
57.356082 0.000000
38.196080 0.000000
20.548023 0.000000
0.000000 0.000000
0.000000 0.000000
0.000000 0.000000
0.000000 0.000000
0.000000 0.000000
0.000000 0.000000
0.000000 0.000000
0.000000 0.000000
0.000000 0.000000
0.000000 0.000000
0.000000 0.000000
0.000000 0.000000
0.000000 0.000000
0.000000 0.000000
0.000000 0.000000
0.000000 0.000000
0.000000 0.000000
0.000000 0.000000
0.000000 0.000000
0.000000 0.000000
0.000000 0.000000
0.000000 0.000000
0.000000 0.000000
0.000000 0.000000
0.000000 0.000000
0.000000 0.000000
0.000000 0.000000
0.000000 0.000000
0.000000 0.000000
0.000000 0.000000
0.000000 0.000000
0.000000 0.000000
0.000000 0.000000
0.000000 0.000000
