29717070.208217 0.000000
28837099.526142 0.000000
28047549.450745 0.000000
27483829.369767 0.000000
26953820.355017 0.000000
26862832.938594 0.000000
27209744.458963 0.000000
27160679.606269 0.000000
27079362.785638 0.000000
27271213.963369 0.000000
27017958.022375 0.000000
27209321.211729 0.000000
27297643.588810 0.000000
27411620.950662 0.000000
27020829.922051 0.000000
26735776.840505 0.000000
27300582.203931 0.000000
26796550.424360 0.000000
26724976.895706 0.000000
25175652.857765 0.000000
23583805.463193 0.000000
21184060.635470 0.000000
19801495.690890 0.000000
19886524.176057 0.000000
20872065.281086 0.000000
19914773.159658 0.000000
19435332.127491 0.000000
17644982.623695 0.000000
15519102.813874 0.000000
17685806.336351 0.000000
19424257.117452 0.000000
19912527.518404 0.000000
19080066.059742 0.000000
17321835.510502 0.000000
11187188.578060 0.000000
1672673.324323 0.000000
2151849.703251 0.000000
2554356.005614 0.000000
2583482.554746 0.000000
374567.245699 0.000000
425109.925080 0.000000
471617.955551 0.000000
497517.479155 0.000000
428017.698637 0.000000
260556.729429 0.000000
100195.067240 0.000000
70837.155635 0.000000
91815.347764 0.000000
111572.332303 0.000000
137078.481143 0.000000
164236.867473 0.000000
211219.716737 0.000000
254000.486652 0.000000
299652.609459 0.000000
337664.376558 0.000000
377535.556765 0.000000
375223.589424 0.000000
395797.890601 0.000000
398702.677542 0.000000
408691.243164 0.000000
292557.776506 0.000000
211752.500746 0.000000
239290.829254 0.000000
264277.550735 0.000000
268422.641064 0.000000
244246.712288 0.000000
215074.815624 0.000000
230055.663105 0.000000
234259.818386 0.000000
220932.556983 0.000000
222267.536728 0.000000
175650.313204 0.000000
155311.662772 0.000000
105581.569489 0.000000
75892.062380 0.000000
47312.568905 0.000000
10521.241022 0.000000
3483.222872 0.000000
3892.719895 0.000000
5039.723946 0.000000
5974.136343 0.000000
6909.581603 0.000000
7850.323551 0.000000
9360.525040 0.000000
11138.969803 0.000000
12714.718103 0.000000
14541.719477 0.000000
15714.156941 0.000000
15959.038836 0.000000
13788.604666 0.000000
13048.563115 0.000000
12109.254798 0.000000
14074.537534 0.000000
16814.600393 0.000000
19067.038319 0.000000
20973.448516 0.000000
22959.890478 0.000000
22552.742497 0.000000
20279.032188 0.000000
19653.516862 0.000000
15666.691043 0.000000
13945.296477 0.000000
15235.020114 0.000000
15460.433994 0.000000
13021.906034 0.000000
11476.951817 0.000000
12357.462882 0.000000
12970.034625 0.000000
13309.340175 0.000000
8730.912877 0.000000
5270.132601 0.000000
3404.492283 0.000000
1744.875213 0.000000
81.361505 0.000000
19.204485 0.000000
29.717602 0.000000
34.900668 0.000000
41.041875 0.000000
52.211503 0.000000
67.231538 0.000000
77.510968 0.000000
104.182999 0.000000
132.232926 0.000000
152.775674 0.000000
177.114389 0.000000
215.227343 0.000000
306.159179 0.000000
403.250669 0.000000
495.657013 0.000000
571.653930 0.000000
672.370316 0.000000
699.588179 0.000000
788.284923 0.000000
910.538071 0.000000
990.624395 0.000000
983.336860 0.000000
1163.929797 0.000000
1636.232197 0.000000
2005.933311 0.000000
2480.455616 0.000000
3117.963420 0.000000
3716.392849 0.000000
4432.425804 0.000000
5091.721021 0.000000
5636.820881 0.000000
5792.167015 0.000000
5646.666628 0.000000
5056.428662 0.000000
3400.242319 0.000000
3180.245227 0.000000
2941.115431 0.000000
2234.458532 0.000000
764.767512 0.000000
813.627048 0.000000
940.271485 0.000000
1169.556710 0.000000
1480.015925 0.000000
1687.155645 0.000000
1935.053985 0.000000
2133.858893 0.000000
2225.399182 0.000000
1907.852237 0.000000
1428.801823 0.000000
1220.932817 0.000000
1221.257575 0.000000
1341.983373 0.000000
1450.718827 0.000000
1442.856414 0.000000
1228.541399 0.000000
647.986159 0.000000
627.638656 0.000000
658.979911 0.000000
643.677150 0.000000
379.208882 0.000000
145.746197 0.000000
177.576911 0.000000
221.270912 0.000000
258.154637 0.000000
314.355395 0.000000
364.108706 0.000000
402.362948 0.000000
440.563375 0.000000
447.364846 0.000000
307.928335 0.000000
259.976245 0.000000
150.107836 0.000000
161.240196 0.000000
184.030975 0.000000
170.764342 0.000000
93.454683 0.000000
44.986444 0.000000
13.031148 0.000000
16.245334 0.000000
19.696684 0.000000
23.395797 0.000000
28.352460 0.000000
33.332658 0.000000
39.381324 0.000000
46.440599 0.000000
52.086159 0.000000
57.284181 0.000000
58.780507 0.000000
53.773766 0.000000
40.882545 0.000000
28.406971 0.000000
33.718301 0.000000
38.587113 0.000000
43.131579 0.000000
47.079021 0.000000
48.149240 0.000000
43.746696 0.000000
29.531054 0.000000
17.253677 0.000000
14.414598 0.000000
17.138275 0.000000
20.001451 0.000000
22.151922 0.000000
22.484377 0.000000
19.924973 0.000000
11.404683 0.000000
9.295439 0.000000
12.385631 0.000000
14.706632 0.000000
17.030799 0.000000
19.125561 0.000000
21.570157 0.000000
22.937853 0.000000
22.477081 0.000000
18.679714 0.000000
15.905054 0.000000
8.952667 0.000000
2.344213 0.000000
1.626467 0.000000
1.643279 0.000000
1.391001 0.000000
0.734136 0.000000
0.890688 0.000000
1.029524 0.000000
1.142865 0.000000
1.197555 0.000000
1.181001 0.000000
1.070272 0.000000
0.179595 0.000000
0.223141 0.000000
0.270195 0.000000
0.313484 0.000000
0.329713 0.000000
0.325663 0.000000
0.277210 0.000000
0.226200 0.000000
0.241467 0.000000
0.228976 0.000000
0.160585 0.000000
0.079836 0.000000
0.001491 0.000000
0.001984 0.000000
0.002475 0.000000
0.003451 0.000000
0.005379 0.000000
0.006804 0.000000
0.009139 0.000000
0.011875 0.000000
0.014100 0.000000
0.018819 0.000000
0.025251 0.000000
0.027904 0.000000
0.033600 0.000000
0.039091 0.000000
0.048576 0.000000
0.057171 0.000000
0.061476 0.000000
0.062059 0.000000
0.053475 0.000000
0.031171 0.000000
0.000000 0.000000
0.000000 0.000000
0.000000 0.000000
0.000000 0.000000
0.000000 0.000000
0.000000 0.000000
0.000000 0.000000
0.000000 0.000000
0.000000 0.000000
0.000000 0.000000
0.000000 0.000000
0.000000 0.000000
0.000000 0.000000
0.000000 0.000000
0.000000 0.000000
0.000000 0.000000
0.000000 0.000000
0.000000 0.000000
0.000000 0.000000
0.000000 0.000000
0.000000 0.000000
0.000000 0.000000
0.000000 0.000000
0.000000 0.000000
0.000000 0.000000
0.000000 0.000000
0.000000 0.000000
0.000000 0.000000
0.000000 0.000000
0.000000 0.000000
0.000000 0.000000
0.000000 0.000000
0.000000 0.000000
0.000000 0.000000
0.000000 0.000000
0.000000 0.000000
0.000000 0.000000
0.000000 0.000000
0.000000 0.000000
0.000000 0.000000
0.000000 0.000000
0.000000 0.000000
0.000000 0.000000
0.000000 0.000000
0.000000 0.000000
0.000000 0.000000
0.000000 0.000000
0.000000 0.000000
0.000000 0.000000
0.000000 0.000000
0.000000 0.000000
0.000000 0.000000
0.000000 0.000000
0.000000 0.000000
0.000000 0.000000
0.000000 0.000000
0.000000 0.000000
0.000000 0.000000
0.000000 0.000000
0.000000 0.000000
0.000000 0.000000
0.000000 0.000000
0.000000 0.000000
0.000000 0.000000
0.000000 0.000000
0.000000 0.000000
0.000000 0.000000
0.000000 0.000000
0.000000 0.000000
0.000000 0.000000
0.000000 0.000000
0.000000 0.000000
0.000000 0.000000
0.000000 0.000000
0.000000 0.000000
0.000000 0.000000
0.000000 0.000000
0.000000 0.000000
0.000000 0.000000
0.000000 0.000000
0.000000 0.000000
0.000000 0.000000
0.000000 0.000000
0.000000 0.000000
0.000000 0.000000
0.000000 0.000000
0.000000 0.000000
0.000000 0.000000
0.000000 0.000000
0.000000 0.000000
0.000000 0.000000
0.000000 0.000000
0.000000 0.000000
0.000000 0.000000
0.000000 0.000000
0.000000 0.000000
0.000000 0.000000
0.000000 0.000000
0.000000 0.000000
0.000000 0.000000
0.000000 0.000000
0.000000 0.000000
0.000000 0.000000
0.000000 0.000000
0.000000 0.000000
0.000000 0.000000
0.000000 0.000000
0.000000 0.000000
0.000000 0.000000
0.000000 0.000000
0.000000 0.000000
0.000000 0.000000
0.000000 0.000000
0.000000 0.000000
0.000000 0.000000
0.000000 0.000000
0.000000 0.000000
0.000000 0.000000
0.000000 0.000000
0.000000 0.000000
0.000000 0.000000
0.000000 0.000000
0.000000 0.000000
0.000000 0.000000
0.000000 0.000000
0.000000 0.000000
0.000000 0.000000
0.000000 0.000000
0.000000 0.000000
0.000000 0.000000
0.000000 0.000000
0.000000 0.000000
0.000000 0.000000
0.000000 0.000000
0.000000 0.000000
0.000000 0.000000
0.000000 0.000000
0.000000 0.000000
0.000000 0.000000
0.000000 0.000000
0.000000 0.000000
0.000000 0.000000
0.000000 0.000000
0.000000 0.000000
0.000000 0.000000
0.000000 0.000000
0.000000 0.000000
0.000000 0.000000
0.000000 0.000000
0.000000 0.000000
0.000000 0.000000
0.000000 0.000000
0.000000 0.000000
0.000000 0.000000
0.000000 0.000000
0.000000 0.000000
0.000000 0.000000
0.000000 0.000000
0.000000 0.000000
0.000000 0.000000
0.000000 0.000000
0.000000 0.000000
0.000000 0.000000
0.000000 0.000000
0.000000 0.000000
0.000000 0.000000
0.000000 0.000000
0.000000 0.000000
0.000000 0.000000
0.000000 0.000000
0.000000 0.000000
0.000000 0.000000
0.000000 0.000000
0.000000 0.000000
0.000000 0.000000
0.000000 0.000000
0.000000 0.000000
0.000000 0.000000
0.000000 0.000000
0.000000 0.000000
0.000000 0.000000
0.000000 0.000000
0.000000 0.000000
0.000000 0.000000
0.000000 0.000000
0.000000 0.000000
0.000000 0.000000
0.000000 0.000000
0.000000 0.000000
0.000000 0.000000
0.000000 0.000000
0.000000 0.000000
0.000000 0.000000
0.000000 0.000000
0.000000 0.000000
0.000000 0.000000
0.000000 0.000000
0.000000 0.000000
0.000000 0.000000
0.000000 0.000000
0.000000 0.000000
0.000000 0.000000
0.000000 0.000000
0.000000 0.000000
0.000000 0.000000
0.000000 0.000000
0.000000 0.000000
0.000000 0.000000
0.000000 0.000000
0.000000 0.000000
0.000000 0.000000
0.000000 0.000000
0.000000 0.000000
0.000000 0.000000
0.000000 0.000000
0.000000 0.000000
0.000000 0.000000
0.000000 0.000000
0.000000 0.000000
0.000000 0.000000
0.000000 0.000000
0.000000 0.000000
0.000000 0.000000
0.000000 0.000000
0.000000 0.000000
0.000000 0.000000
0.000000 0.000000
0.000000 0.000000
0.000000 0.000000
0.000000 0.000000
0.000000 0.000000
0.000000 0.000000
0.000000 0.000000
0.000000 0.000000
0.000000 0.000000
0.000000 0.000000
0.000000 0.000000
0.000000 0.000000
0.000000 0.000000
0.000000 0.000000
0.000000 0.000000
0.000000 0.000000
0.000000 0.000000
0.000000 0.000000
0.000000 0.000000
0.000000 0.000000
0.000000 0.000000
0.000000 0.000000
0.000000 0.000000
0.000000 0.000000
0.000000 0.000000
0.000000 0.000000
0.000000 0.000000
0.000000 0.000000
0.000000 0.000000
0.000000 0.000000
0.000000 0.000000
0.000000 0.000000
0.000000 0.000000
0.000000 0.000000
0.000000 0.000000
0.000000 0.000000
0.000000 0.000000
0.000000 0.000000
0.000000 0.000000
0.000000 0.000000
0.000000 0.000000
0.000000 0.000000
0.000000 0.000000
0.000000 0.000000
0.000000 0.000000
0.000000 0.000000
0.000000 0.000000
0.000000 0.000000
0.000000 0.000000
0.000000 0.000000
0.000000 0.000000
0.000000 0.000000
0.000000 0.000000
0.000000 0.000000
0.000000 0.000000
0.000000 0.000000
0.000000 0.000000
0.000000 0.000000
0.000000 0.000000
0.000000 0.000000
0.000000 0.000000
0.000000 0.000000
0.000000 0.000000
0.000000 0.000000
0.000000 0.000000
0.000000 0.000000
0.000000 0.000000
0.000000 0.000000
0.000000 0.000000
0.000000 0.000000
0.000000 0.000000
0.000000 0.000000
0.000000 0.000000
0.000000 0.000000
0.000000 0.000000
0.000000 0.000000
0.000000 0.000000
0.000000 0.000000
0.000000 0.000000
0.000000 0.000000
0.000000 0.000000
0.000000 0.000000
0.000000 0.000000
0.000000 0.000000
0.000000 0.000000
0.000000 0.000000
0.000000 0.000000
0.000000 0.000000
0.000000 0.000000
0.000000 0.000000
0.000000 0.000000
0.000000 0.000000
0.000000 0.000000
0.000000 0.000000
0.000000 0.000000
0.000000 0.000000
0.000000 0.000000
0.000000 0.000000
0.000000 0.000000
0.000000 0.000000
0.000000 0.000000
0.000000 0.000000
0.000000 0.000000
0.000000 0.000000
0.000000 0.000000
0.000000 0.000000
0.000000 0.000000
0.000000 0.000000
0.000000 0.000000
0.000000 0.000000
0.000000 0.000000
0.000000 0.000000
0.000000 0.000000
0.000000 0.000000
0.000000 0.000000
0.000000 0.000000
0.000000 0.000000
0.000000 0.000000
0.000000 0.000000
0.000000 0.000000
0.000000 0.000000
0.000000 0.000000
0.000000 0.000000
0.000000 0.000000
0.000000 0.000000
0.000000 0.000000
0.000000 0.000000
0.000000 0.000000
0.000000 0.000000
0.000000 0.000000
0.000000 0.000000
0.000000 0.000000
0.000000 0.000000
0.000000 0.000000
0.000000 0.000000
0.000000 0.000000
0.000000 0.000000
0.000000 0.000000
0.000000 0.000000
0.000000 0.000000
0.000000 0.000000
0.000000 0.000000
0.000000 0.000000
0.000000 0.000000
0.000000 0.000000
0.000000 0.000000
0.000000 0.000000
0.000000 0.000000
0.000000 0.000000
0.000000 0.000000
0.000000 0.000000
0.000000 0.000000
0.000000 0.000000
0.000000 0.000000
0.000000 0.000000
0.000000 0.000000
0.000000 0.000000
0.000000 0.000000
0.000000 0.000000
0.000000 0.000000
0.000000 0.000000
0.000000 0.000000
0.000000 0.000000
0.000000 0.000000
0.000000 0.000000
0.000000 0.000000
0.000000 0.000000
0.000000 0.000000
0.000000 0.000000
0.000000 0.000000
0.000000 0.000000
0.000000 0.000000
0.000000 0.000000
0.000000 0.000000
0.000000 0.000000
0.000000 0.000000
0.000000 0.000000
0.000000 0.000000
0.000000 0.000000
0.000000 0.000000
0.000000 0.000000
0.000000 0.000000
0.000000 0.000000
0.000000 0.000000
0.000000 0.000000
0.000000 0.000000
0.000000 0.000000
0.000000 0.000000
0.000000 0.000000
0.000000 0.000000
0.000000 0.000000
0.000000 0.000000
0.000000 0.000000
0.000000 0.000000
0.000000 0.000000
0.000000 0.000000
0.000000 0.000000
0.000000 0.000000
0.000000 0.000000
0.000000 0.000000
0.000000 0.000000
0.000000 0.000000
0.000000 0.000000
0.000000 0.000000
0.000000 0.000000
0.000000 0.000000
0.000000 0.000000
0.000000 0.000000
0.000000 0.000000
0.000000 0.000000
0.000000 0.000000
0.000000 0.000000
0.000000 0.000000
0.000000 0.000000
0.000000 0.000000
0.000000 0.000000
0.000000 0.000000
0.000000 0.000000
0.000000 0.000000
0.000000 0.000000
0.000000 0.000000
0.000000 0.000000
0.000000 0.000000
0.000000 0.000000
0.000000 0.000000
0.000000 0.000000
