4728603.333395 0.000000
4483467.368307 0.000000
4246864.781246 0.000000
4019043.691581 0.000000
3710218.441146 0.000000
3572340.919888 0.000000
3522670.569320 0.000000
3384186.242980 0.000000
3286044.483538 0.000000
2960895.464832 0.000000
2669684.350538 0.000000
2506097.634531 0.000000
2373974.146521 0.000000
2192403.091569 0.000000
1971684.573758 0.000000
1840961.272756 0.000000
1774926.834028 0.000000
1720792.147928 0.000000
1616353.672366 0.000000
1601606.870252 0.000000
1537336.086357 0.000000
1255269.746781 0.000000
968427.466104 0.000000
820529.021654 0.000000
659830.444834 0.000000
695071.962735 0.000000
857248.001053 0.000000
1012054.309936 0.000000
1120406.257061 0.000000
1240678.081251 0.000000
1306416.706161 0.000000
1294300.792433 0.000000
1246416.823172 0.000000
1126810.792969 0.000000
799642.243646 0.000000
734867.439288 0.000000
695997.440416 0.000000
544102.887721 0.000000
310140.269076 0.000000
172978.999051 0.000000
173312.618143 0.000000
162568.979739 0.000000
151319.000411 0.000000
177051.021491 0.000000
199386.477759 0.000000
230580.472478 0.000000
262250.698635 0.000000
242076.138966 0.000000
253669.764445 0.000000
235415.014301 0.000000
227665.199226 0.000000
249317.175081 0.000000
313063.369196 0.000000
362312.820626 0.000000
416793.289137 0.000000
463217.094696 0.000000
494285.491028 0.000000
493912.116657 0.000000
550198.577690 0.000000
533596.545865 0.000000
453765.381669 0.000000
339763.410766 0.000000
371997.522808 0.000000
359764.016188 0.000000
319289.763088 0.000000
295981.442121 0.000000
323152.834520 0.000000
294006.096408 0.000000
338211.828010 0.000000
387808.991809 0.000000
464962.220782 0.000000
536041.214593 0.000000
615907.172973 0.000000
636558.446785 0.000000
357073.090402 0.000000
291349.659877 0.000000
361484.325357 0.000000
398042.641357 0.000000
427406.513812 0.000000
421310.137134 0.000000
423663.521075 0.000000
390164.665145 0.000000
296006.601540 0.000000
186012.184782 0.000000
216444.401310 0.000000
234518.495670 0.000000
227203.352937 0.000000
206764.992913 0.000000
175942.085966 0.000000
126065.305436 0.000000
58598.349629 0.000000
35280.358586 0.000000
45329.207184 0.000000
56857.000215 0.000000
69468.197181 0.000000
81914.249060 0.000000
98058.241408 0.000000
109207.105073 0.000000
115286.312435 0.000000
106206.927111 0.000000
87649.545338 0.000000
76980.516247 0.000000
76567.724205 0.000000
80078.333185 0.000000
79493.286842 0.000000
77495.094601 0.000000
62342.974035 0.000000
65406.439183 0.000000
59409.310855 0.000000
50122.229365 0.000000
28655.354610 0.000000
6548.461480 0.000000
6936.845341 0.000000
12915.317522 0.000000
19896.756814 0.000000
27587.260863 0.000000
37065.426880 0.000000
54585.891287 0.000000
65102.000437 0.000000
89014.603064 0.000000
105113.509233 0.000000
117860.583218 0.000000
128437.648403 0.000000
128651.170318 0.000000
116385.821166 0.000000
75186.728408 0.000000
50451.353129 0.000000
63158.976039 0.000000
80661.636640 0.000000
91213.952598 0.000000
109485.016265 0.000000
118263.436061 0.000000
98758.136852 0.000000
96506.664728 0.000000
91867.646983 0.000000
79908.284902 0.000000
68412.133717 0.000000
75352.017687 0.000000
86421.006815 0.000000
89454.240194 0.000000
81611.147771 0.000000
51194.871515 0.000000
25663.388040 0.000000
2699.979514 0.000000
4488.349420 0.000000
5636.340706 0.000000
6895.989422 0.000000
9657.916867 0.000000
12720.458736 0.000000
16598.888993 0.000000
21668.647423 0.000000
25411.887806 0.000000
31048.976307 0.000000
35299.222648 0.000000
40558.946472 0.000000
43474.539703 0.000000
45219.793512 0.000000
41245.279304 0.000000
32265.930624 0.000000
26831.218700 0.000000
24495.151563 0.000000
27567.639374 0.000000
28400.974261 0.000000
26422.632858 0.000000
20171.002836 0.000000
17563.558178 0.000000
16679.041905 0.000000
20152.905153 0.000000
24436.570346 0.000000
28645.487569 0.000000
35252.640968 0.000000
41361.528100 0.000000
47108.977596 0.000000
50467.937893 0.000000
54353.126841 0.000000
50985.064746 0.000000
35459.318721 0.000000
20453.871187 0.000000
12855.292190 0.000000
956.202820 0.000000
0.000000 0.000000
0.000000 0.000000
0.000000 0.000000
238.209169 0.000000
474.024276 0.000000
822.958909 0.000000
1187.924700 0.000000
2039.040577 0.000000
2743.709101 0.000000
3787.573482 0.000000
4941.542478 0.000000
6766.704247 0.000000
8356.355058 0.000000
9773.942763 0.000000
11597.898253 0.000000
12560.105332 0.000000
12088.181786 0.000000
9020.821524 0.000000
7565.892914 0.000000
6130.474556 0.000000
5098.115208 0.000000
3160.073481 0.000000
3787.606340 0.000000
4322.945164 0.000000
4743.755748 0.000000
4947.156966 0.000000
4364.732956 0.000000
3482.355905 0.000000
3923.064762 0.000000
4368.087371 0.000000
4672.384516 0.000000
5395.393106 0.000000
6422.107355 0.000000
7717.029687 0.000000
8320.541687 0.000000
8412.656722 0.000000
7707.695575 0.000000
6282.367449 0.000000
3810.527030 0.000000
4554.380318 0.000000
5052.484418 0.000000
5728.714279 0.000000
6175.409442 0.000000
6256.130859 0.000000
6087.305960 0.000000
7729.764343 0.000000
9340.306675 0.000000
11414.849237 0.000000
13071.906204 0.000000
13990.390061 0.000000
14742.392498 0.000000
14380.607420 0.000000
16193.350240 0.000000
17669.096153 0.000000
17909.565088 0.000000
18712.356391 0.000000
20337.139848 0.000000
21469.646828 0.000000
19246.374852 0.000000
15605.481674 0.000000
15444.363871 0.000000
15460.910633 0.000000
17895.627002 0.000000
20405.629391 0.000000
21002.267910 0.000000
20560.593552 0.000000
20526.304191 0.000000
21500.361495 0.000000
20164.204153 0.000000
17429.423886 0.000000
9951.782831 0.000000
3318.949678 0.000000
2842.152742 0.000000
3757.456392 0.000000
5112.436221 0.000000
5828.180842 0.000000
6555.380766 0.000000
7742.415186 0.000000
9104.648779 0.000000
11740.408861 0.000000
14804.018047 0.000000
16910.392859 0.000000
12372.057309 0.000000
7888.356263 0.000000
9432.985970 0.000000
11416.177177 0.000000
12536.359032 0.000000
12523.584593 0.000000
12057.898688 0.000000
12051.291020 0.000000
10493.735946 0.000000
5404.216457 0.000000
3825.156151 0.000000
3459.587912 0.000000
4176.071720 0.000000
4918.649452 0.000000
5552.275137 0.000000
5918.252136 0.000000
6026.396929 0.000000
5026.293874 0.000000
5015.646980 0.000000
5218.947703 0.000000
4734.777164 0.000000
3237.184978 0.000000
3611.513765 0.000000
3850.964287 0.000000
3771.355999 0.000000
4193.742645 0.000000
4182.310758 0.000000
3444.568547 0.000000
3322.871119 0.000000
3166.578325 0.000000
2168.277253 0.000000
1377.265147 0.000000
718.794406 0.000000
367.873088 0.000000
496.698112 0.000000
633.574726 0.000000
759.901085 0.000000
951.195215 0.000000
1247.853552 0.000000
1436.371184 0.000000
1606.841968 0.000000
1660.194409 0.000000
1491.064294 0.000000
1002.693593 0.000000
852.815011 0.000000
674.848048 0.000000
255.982571 0.000000
62.514064 0.000000
96.200400 0.000000
251.789613 0.000000
397.619355 0.000000
684.571090 0.000000
1082.262993 0.000000
1347.523812 0.000000
1628.996317 0.000000
2883.772856 0.000000
4085.264378 0.000000
5745.798505 0.000000
7639.419262 0.000000
10411.086817 0.000000
14329.913697 0.000000
18387.505792 0.000000
22573.884829 0.000000
25719.089074 0.000000
29087.443281 0.000000
32309.553599 0.000000
37500.782750 0.000000
42533.377724 0.000000
43706.149936 0.000000
42124.144176 0.000000
35181.433366 0.000000
25272.437462 0.000000
23807.966066 0.000000
16172.388224 0.000000
4016.518547 0.000000
5224.731842 0.000000
7036.552245 0.000000
9013.058023 0.000000
10184.819829 0.000000
13940.484570 0.000000
17112.382528 0.000000
19596.927306 0.000000
22925.846295 0.000000
27143.480623 0.000000
30026.258125 0.000000
26893.823701 0.000000
23644.995189 0.000000
22863.303609 0.000000
19538.716668 0.000000
20244.513225 0.000000
20018.398936 0.000000
17227.090559 0.000000
19083.122871 0.000000
19141.848588 0.000000
19459.537768 0.000000
20876.899860 0.000000
20676.443904 0.000000
17018.633408 0.000000
17767.276458 0.000000
17699.775112 0.000000
16481.240674 0.000000
11892.331013 0.000000
11142.353542 0.000000
9406.529530 0.000000
9026.063859 0.000000
9278.301266 0.000000
8663.902528 0.000000
6169.692862 0.000000
5548.629919 0.000000
6259.157369 0.000000
7246.151050 0.000000
7644.342850 0.000000
7696.608464 0.000000
6625.832194 0.000000
8373.270600 0.000000
8508.107078 0.000000
9628.722595 0.000000
12082.129814 0.000000
16741.403295 0.000000
18926.383188 0.000000
23754.127772 0.000000
33407.833755 0.000000
42327.093279 0.000000
51768.150814 0.000000
57634.106535 0.000000
57200.158636 0.000000
62780.866335 0.000000
71493.122926 0.000000
77672.989090 0.000000
73534.580581 0.000000
55506.523689 0.000000
19725.038145 0.000000
5384.700917 0.000000
6154.239540 0.000000
6562.706605 0.000000
7970.832924 0.000000
9199.198194 0.000000
11590.733065 0.000000
14603.429336 0.000000
14513.062952 0.000000
6539.723766 0.000000
2165.693120 0.000000
2620.159083 0.000000
3171.313531 0.000000
4074.837545 0.000000
5066.919194 0.000000
5797.655824 0.000000
7076.768610 0.000000
7985.668441 0.000000
10328.148220 0.000000
11893.954012 0.000000
13610.976906 0.000000
14070.526429 0.000000
15199.579809 0.000000
16119.681503 0.000000
17540.897529 0.000000
17567.678491 0.000000
15482.846784 0.000000
9493.774056 0.000000
5103.901243 0.000000
10.254527 0.000000
12.779261 0.000000
16.911954 0.000000
48.166806 0.000000
79.268196 0.000000
111.296337 0.000000
145.929411 0.000000
253.344287 0.000000
305.893051 0.000000
384.927928 0.000000
439.756090 0.000000
514.574697 0.000000
571.053490 0.000000
692.135921 0.000000
825.406215 0.000000
1057.407065 0.000000
1233.397464 0.000000
1350.766597 0.000000
1420.557962 0.000000
1359.212424 0.000000
1093.909713 0.000000
641.147941 0.000000
425.643426 0.000000
232.200673 0.000000
348.431649 0.000000
468.434759 0.000000
654.874390 0.000000
865.197239 0.000000
968.007879 0.000000
1240.383839 0.000000
1800.394496 0.000000
2000.288346 0.000000
2425.262578 0.000000
2837.871939 0.000000
3178.328633 0.000000
3416.281665 0.000000
3416.759001 0.000000
3241.172765 0.000000
3331.151326 0.000000
3035.690350 0.000000
2939.366989 0.000000
3573.273449 0.000000
4282.741352 0.000000
5109.474743 0.000000
5848.093176 0.000000
6547.719912 0.000000
7135.405589 0.000000
7478.509150 0.000000
7203.040041 0.000000
5076.040261 0.000000
1977.925353 0.000000
120.144552 0.000000
0.000000 0.000000
0.000000 0.000000
0.000000 0.000000
0.000000 0.000000
0.000000 0.000000
0.000000 0.000000
0.000000 0.000000
0.000000 0.000000
0.000000 0.000000
0.000000 0.000000
0.000000 0.000000
0.000000 0.000000
0.000000 0.000000
0.000000 0.000000
0.000000 0.000000
0.000000 0.000000
0.000000 0.000000
0.000000 0.000000
0.000000 0.000000
0.000000 0.000000
0.000000 0.000000
72.589429 0.000000
72.589429 0.000000
144.449316 0.000000
215.579661 0.000000
390.122490 0.000000
526.546846 0.000000
626.676396 0.000000
757.993960 0.000000
1042.332879 0.000000
1223.988846 0.000000
1674.663436 0.000000
1969.124805 0.000000
2432.657604 0.000000
2859.459670 0.000000
3341.943527 0.000000
3722.790735 0.000000
3803.568383 0.000000
3634.194694 0.000000
2273.173740 0.000000
1386.839910 0.000000
1158.432882 0.000000
1675.252000 0.000000
2083.122222 0.000000
2558.911257 0.000000
3128.840589 0.000000
3917.520058 0.000000
4575.947325 0.000000
4962.382145 0.000000
5403.559118 0.000000
5402.483828 0.000000
4776.831963 0.000000
3070.221543 0.000000
2837.721801 0.000000
3616.087659 0.000000
3978.454884 0.000000
4612.909751 0.000000
5666.299648 0.000000
6370.305815 0.000000
6785.451549 0.000000
7364.666969 0.000000
7486.434515 0.000000
6319.501494 0.000000
3129.806120 0.000000
1131.252591 0.000000
1248.499348 0.000000
1343.821862 0.000000
1310.444731 0.000000
953.631907 0.000000
477.624889 0.000000
12.944052 0.000000
19.318017 0.000000
31.869825 0.000000
44.160137 0.000000
56.188953 0.000000
73.741872 0.000000
104.386017 0.000000
193.214700 0.000000
262.664694 0.000000
403.497415 0.000000
2361.617615 0.000000
2450.514319 0.000000
4403.582695 0.000000
6241.588336 0.000000
8112.983492 0.000000
12608.408654 0.000000
15287.003508 0.000000
17896.302100 0.000000
18880.670380 0.000000
19923.330371 0.000000
24109.802406 0.000000
29674.313803 0.000000
37097.040549 0.000000
47043.563386 0.000000
52381.766042 0.000000
56599.029894 0.000000
67892.557977 0.000000
74123.589365 0.000000
81959.488640 0.000000
84663.399092 0.000000
75927.754364 0.000000
57319.769488 0.000000
44801.974303 0.000000
45002.429761 0.000000
35917.107081 0.000000
12025.018404 0.000000
7872.177694 0.000000
9559.949435 0.000000
12858.909765 0.000000
11431.591936 0.000000
13516.455047 0.000000
16157.236537 0.000000
17157.089439 0.000000
20946.054620 0.000000
26653.381848 0.000000
34019.989852 0.000000
41510.011571 0.000000
47356.560612 0.000000
50819.958137 0.000000
45651.529354 0.000000
26616.814273 0.000000
11279.125580 0.000000
0.000000 0.000000
0.000000 0.000000
0.000000 0.000000
0.000000 0.000000
0.000000 0.000000
0.000000 0.000000
0.000000 0.000000
0.000000 0.000000
0.000000 0.000000
0.000000 0.000000
0.000000 0.000000
0.000000 0.000000
0.000000 0.000000
0.000000 0.000000
0.000000 0.000000
0.000000 0.000000
0.000000 0.000000
35.509958 0.000000
70.663032 0.000000
157.081593 0.000000
242.374095 0.000000
359.896113 0.000000
425.536616 0.000000
585.883431 0.000000
736.877148 0.000000
1003.048583 0.000000
1171.148500 0.000000
1367.839697 0.000000
1618.519156 0.000000
2089.481523 0.000000
2323.425869 0.000000
2563.461172 0.000000
2558.477929 0.000000
1683.300238 0.000000
1335.681410 0.000000
78.703946 0.000000
131.469814 0.000000
159.295319 0.000000
214.082877 0.000000
265.049234 0.000000
350.242349 0.000000
510.376916 0.000000
658.824097 0.000000
790.544878 0.000000
923.397084 0.000000
1091.153514 0.000000
1342.568068 0.000000
1611.554790 0.000000
1800.771743 0.000000
2000.128148 0.000000
2078.528987 0.000000
2049.789407 0.000000
1823.072513 0.000000
1134.687317 0.000000
867.622450 0.000000
1009.853504 0.000000
1226.946832 0.000000
1543.069773 0.000000
1824.821799 0.000000
2034.815971 0.000000
2087.665189 0.000000
2091.895321 0.000000
2074.575279 0.000000
2463.010512 0.000000
2763.481592 0.000000
2887.684969 0.000000
2566.258932 0.000000
2023.282543 0.000000
1319.906757 0.000000
445.260701 0.000000
81.852408 0.000000
122.158518 0.000000
201.530550 0.000000
279.248998 0.000000
392.726200 0.000000
502.482838 0.000000
710.627724 0.000000
894.992605 0.000000
1130.749462 0.000000
1338.245700 0.000000
1582.471704 0.000000
1873.876989 0.000000
2162.795971 0.000000
2291.614871 0.000000
2290.907006 0.000000
2047.352039 0.000000
1218.616209 0.000000
1583.131576 0.000000
1907.883991 0.000000
2031.383928 0.000000
2535.951057 0.000000
3127.995212 0.000000
3575.692977 0.000000
3633.817995 0.000000
4441.359856 0.000000
5757.956602 0.000000
6733.694567 0.000000
8030.628388 0.000000
9083.971968 0.000000
10060.507496 0.000000
10889.563106 0.000000
10890.383636 0.000000
8379.842685 0.000000
7041.904781 0.000000
7842.099867 0.000000
8315.824366 0.000000
7525.233087 0.000000
4969.208301 0.000000
5232.971849 0.000000
5736.871547 0.000000
6114.775287 0.000000
6182.851156 0.000000
5206.258414 0.000000
3631.019720 0.000000
2075.701879 0.000000
570.776295 0.000000
631.877788 0.000000
763.319192 0.000000
856.164563 0.000000
870.175796 0.000000
761.524887 0.000000
465.228133 0.000000
31.527996 0.000000
39.984216 0.000000
51.150745 0.000000
51.150745 0.000000
67.638729 0.000000
83.835921 0.000000
94.537180 0.000000
146.065896 0.000000
165.607161 0.000000
212.221465 0.000000
260.231544 0.000000
326.794289 0.000000
371.394794 0.000000
450.941671 0.000000
511.376365 0.000000
527.843290 0.000000
492.381855 0.000000
329.143184 0.000000
286.663370 0.000000
226.802190 0.000000
96.356580 0.000000
70.359060 0.000000
83.034305 0.000000
139.909023 0.000000
162.316910 0.000000
222.528568 0.000000
322.312195 0.000000
377.397344 0.000000
496.607691 0.000000
578.362391 0.000000
630.628602 0.000000
744.273430 0.000000
859.359283 0.000000
1129.733545 0.000000
1388.133099 0.000000
1750.719048 0.000000
2158.902835 0.000000
2558.121335 0.000000
2927.558395 0.000000
3021.174457 0.000000
3003.386328 0.000000
2779.812192 0.000000
3229.804650 0.000000
3734.875687 0.000000
4195.009033 0.000000
4408.725350 0.000000
4491.416913 0.000000
4590.579428 0.000000
4272.017605 0.000000
3050.247569 0.000000
902.354240 0.000000
444.967349 0.000000
566.577906 0.000000
685.858826 0.000000
794.027203 0.000000
901.547776 0.000000
1143.368469 0.000000
1346.209969 0.000000
1572.150377 0.000000
1775.836073 0.000000
1972.734818 0.000000
1977.158072 0.000000
1737.239181 0.000000
1584.877187 0.000000
1313.712444 0.000000
1438.736264 0.000000
1819.125344 0.000000
2019.742966 0.000000
2123.449228 0.000000
2078.317917 0.000000
1099.893500 0.000000
1060.724647 0.000000
1277.377058 0.000000
1647.917188 0.000000
2094.279095 0.000000
2628.398369 0.000000
3417.908930 0.000000
4087.864252 0.000000
6445.271196 0.000000
9051.154926 0.000000
11321.891831 0.000000
13363.715234 0.000000
14533.545551 0.000000
16328.411309 0.000000
20132.139505 0.000000
23290.826273 0.000000
23766.329293 0.000000
25907.777986 0.000000
33093.221843 0.000000
37471.180692 0.000000
43157.063114 0.000000
50152.496326 0.000000
59087.218297 0.000000
68981.654303 0.000000
73834.707044 0.000000
78132.305414 0.000000
74933.186510 0.000000
58056.336622 0.000000
34806.012875 0.000000
21716.123761 0.000000
23788.704846 0.000000
23030.382228 0.000000
15509.993119 0.000000
4351.533747 0.000000
0.000000 0.000000
0.000000 0.000000
0.000000 0.000000
0.000000 0.000000
0.000000 0.000000
0.000000 0.000000
14.783113 0.000000
29.417652 0.000000
58.241008 0.000000
72.429825 0.000000
86.470068 0.000000
120.902001 0.000000
127.624884 0.000000
173.942748 0.000000
230.809377 0.000000
290.610432 0.000000
388.520596 0.000000
527.994264 0.000000
607.351412 0.000000
691.982864 0.000000
725.282605 0.000000
633.539445 0.000000
402.063328 0.000000
343.303420 0.000000
369.202074 0.000000
373.083622 0.000000
342.272674 0.000000
208.201406 0.000000
50.604057 0.000000
13.404341 0.000000
16.803017 0.000000
20.127405 0.000000
26.553317 0.000000
39.869441 0.000000
46.648221 0.000000
58.590017 0.000000
69.050696 0.000000
78.777781 0.000000
85.995338 0.000000
90.026592 0.000000
85.232590 0.000000
60.052325 0.000000
30.117948 0.000000
0.000000 0.000000
0.000000 0.000000
0.000000 0.000000
2.416656 0.000000
4.809024 0.000000
2340.585585 0.000000
4652.861875 0.000000
9204.666978 0.000000
12555.598344 0.000000
18013.746637 0.000000
21211.009342 0.000000
30450.584883 0.000000
34363.346770 0.000000
43687.515007 0.000000
55183.534508 0.000000
72572.430263 0.000000
86370.335126 0.000000
99064.700907 0.000000
105418.831971 0.000000
108182.361415 0.000000
96706.500727 0.000000
67935.563299 0.000000
68153.400091 0.000000
59924.228157 0.000000
35262.513550 0.000000
9314.044169 0.000000
19.837224 0.000000
105.265259 0.000000
231.186073 0.000000
312.830279 0.000000
473.287812 0.000000
555.093416 0.000000
709.581307 0.000000
930.824526 0.000000
1342.622153 0.000000
1600.932780 0.000000
2046.563360 0.000000
2779.032900 0.000000
3336.108406 0.000000
4019.307326 0.000000
4777.414718 0.000000
5040.885301 0.000000
5017.883638 0.000000
4284.768467 0.000000
745.452975 0.000000
200.662704 0.000000
445.663758 0.000000
637.205430 0.000000
906.180529 0.000000
1352.640839 0.000000
1594.278841 0.000000
1994.694029 0.000000
2325.211500 0.000000
2721.017932 0.000000
3304.295766 0.000000
3919.919582 0.000000
4519.306724 0.000000
5102.101392 0.000000
5585.675473 0.000000
5649.994783 0.000000
5196.178509 0.000000
5192.738065 0.000000
5368.689760 0.000000
5990.824015 0.000000
6480.590031 0.000000
6605.762770 0.000000
5984.771273 0.000000
3750.980652 0.000000
4044.556063 0.000000
3906.799542 0.000000
3028.734717 0.000000
2504.416275 0.000000
2081.384486 0.000000
1730.673524 0.000000
2296.117032 0.000000
2819.466673 0.000000
3339.751769 0.000000
3891.101100 0.000000
4101.170469 0.000000
4170.790552 0.000000
4598.011274 0.000000
4824.222319 0.000000
4343.870269 0.000000
2969.245401 0.000000
2407.201345 0.000000
1344.550476 0.000000
116.754239 0.000000
0.000000 0.000000
0.000000 0.000000
0.000000 0.000000
0.000000 0.000000
0.000000 0.000000
0.000000 0.000000
0.000000 0.000000
0.000000 0.000000
0.000000 0.000000
0.000000 0.000000
76.750718 0.000000
152.730072 0.000000
227.938062 0.000000
302.374688 0.000000
376.039950 0.000000
521.056382 0.000000
767.314339 0.000000
1102.086315 0.000000
1355.093707 0.000000
1708.378419 0.000000
1902.954988 0.000000
2213.428998 0.000000
2544.247684 0.000000
3096.833555 0.000000
3497.075074 0.000000
3723.470511 0.000000
3505.367575 0.000000
2666.249264 0.000000
2089.864507 0.000000
2202.166469 0.000000
2152.296997 0.000000
1814.877299 0.000000
904.571641 0.000000
343.343333 0.000000
400.979060 0.000000
535.892505 0.000000
696.234063 0.000000
928.099862 0.000000
1138.032567 0.000000
1201.205383 0.000000
1412.926401 0.000000
1698.151205 0.000000
1901.656745 0.000000
2004.095027 0.000000
2074.019537 0.000000
1937.230511 0.000000
1348.414651 0.000000
562.720361 0.000000
51.686314 0.000000
71.618678 0.000000
81.425825 0.000000
100.722049 0.000000
142.574710 0.000000
169.292559 0.000000
215.757230 0.000000
281.253068 0.000000
331.200647 0.000000
393.541117 0.000000
483.414219 0.000000
545.090734 0.000000
600.824207 0.000000
646.573444 0.000000
621.396103 0.000000
526.507027 0.000000
486.940787 0.000000
530.565373 0.000000
608.633739 0.000000
771.825783 0.000000
883.976498 0.000000
998.528995 0.000000
1108.833922 0.000000
1211.004119 0.000000
1208.225724 0.000000
1015.533144 0.000000
554.086650 0.000000
472.108103 0.000000
221.622748 0.000000
0.000000 0.000000
66.880318 0.000000
133.088472 0.000000
198.624462 0.000000
263.488288 0.000000
454.046782 0.000000
516.221952 0.000000
758.200992 0.000000
989.089326 0.000000
1234.597227 0.000000
1467.334012 0.000000
1822.740727 0.000000
2129.415552 0.000000
2609.088555 0.000000
2818.131570 0.000000
3048.431775 0.000000
3151.771672 0.000000
2886.502354 0.000000
1923.163509 0.000000
2034.128807 0.000000
1652.735642 0.000000
1087.247451 0.000000
1558.608406 0.000000
2180.220179 0.000000
2855.582678 0.000000
3428.088247 0.000000
3815.119280 0.000000
3984.981157 0.000000
3983.170549 0.000000
4085.912348 0.000000
3879.067769 0.000000
2886.358718 0.000000
1283.793453 0.000000
0.000000 0.000000
0.000000 0.000000
0.000000 0.000000
0.000000 0.000000
0.000000 0.000000
0.000000 0.000000
0.000000 0.000000
0.000000 0.000000
0.000000 0.000000
0.000000 0.000000
0.000000 0.000000
0.000000 0.000000
0.000000 0.000000
0.000000 0.000000
0.000000 0.000000
0.000000 0.000000
0.000000 0.000000
0.000000 0.000000
0.000000 0.000000
0.000000 0.000000
0.000000 0.000000
0.000000 0.000000
0.000000 0.000000
0.000000 0.000000
0.000000 0.000000
0.000000 0.000000
0.000000 0.000000
0.000000 0.000000
0.000000 0.000000
0.000000 0.000000
0.000000 0.000000
0.000000 0.000000
0.000000 0.000000
0.000000 0.000000
0.000000 0.000000
0.000000 0.000000
0.000000 0.000000
0.000000 0.000000
0.000000 0.000000
0.000000 0.000000
0.000000 0.000000
0.000000 0.000000
0.000000 0.000000
0.000000 0.000000
0.000000 0.000000
0.000000 0.000000
0.000000 0.000000
0.000000 0.000000
0.000000 0.000000
0.000000 0.000000
0.000000 0.000000
0.000000 0.000000
0.000000 0.000000
0.000000 0.000000
0.000000 0.000000
0.000000 0.000000
0.000000 0.000000
0.000000 0.000000
0.000000 0.000000
0.000000 0.000000
0.000000 0.000000
0.000000 0.000000
0.000000 0.000000
0.000000 0.000000
0.000000 0.000000
0.000000 0.000000
0.000000 0.000000
0.000000 0.000000
0.000000 0.000000
0.000000 0.000000
0.000000 0.000000
0.000000 0.000000
0.000000 0.000000
0.000000 0.000000
0.000000 0.000000
0.000000 0.000000
0.000000 0.000000
0.000000 0.000000
0.000000 0.000000
0.000000 0.000000
0.000000 0.000000
0.000000 0.000000
0.000000 0.000000
0.000000 0.000000
61.426723 0.000000
122.236092 0.000000
182.428107 0.000000
242.002768 0.000000
310.798613 0.000000
495.424998 0.000000
652.417676 0.000000
829.991360 0.000000
1067.236255 0.000000
1276.954971 0.000000
1561.283309 0.000000
2177.969205 0.000000
2648.619266 0.000000
3087.049136 0.000000
3436.548559 0.000000
3925.149614 0.000000
4398.566957 0.000000
4441.680166 0.000000
4071.492774 0.000000
2573.962857 0.000000
1121.774306 0.000000
1240.383759 0.000000
1372.767971 0.000000
1526.952806 0.000000
1493.191491 0.000000
1335.361043 0.000000
803.355799 0.000000
543.913155 0.000000
626.079862 0.000000
690.632576 0.000000
761.821919 0.000000
762.935793 0.000000
635.565297 0.000000
287.111143 0.000000
97.022579 0.000000
1.919753 0.000000
3.820212 0.000000
5.701377 0.000000
7.563248 0.000000
11.229108 0.000000
18.329300 0.000000
25.120788 0.000000
34.729200 0.000000
41.360793 0.000000
48.383395 0.000000
59.150159 0.000000
66.541723 0.000000
80.610028 0.000000
92.545725 0.000000
99.568089 0.000000
106.128983 0.000000
101.964701 0.000000
78.546889 0.000000
125.210534 0.000000
182.995530 0.000000
207.513594 0.000000
207.957681 0.000000
202.385864 0.000000
205.186545 0.000000
269.088222 0.000000
372.201508 0.000000
261.764623 0.000000
372.159074 0.000000
576.678847 0.000000
645.384726 0.000000
780.543830 0.000000
977.650858 0.000000
1260.546375 0.000000
1641.056804 0.000000
1960.933357 0.000000
2318.541826 0.000000
2629.220050 0.000000
3047.929711 0.000000
3503.597947 0.000000
3650.172227 0.000000
3563.669042 0.000000
2978.139372 0.000000
2292.325449 0.000000
2462.034529 0.000000
2170.780405 0.000000
1617.157957 0.000000
1074.321653 0.000000
1202.477081 0.000000
1389.622064 0.000000
1562.729572 0.000000
1921.318631 0.000000
2223.050192 0.000000
2474.345387 0.000000
2593.128016 0.000000
2517.978376 0.000000
2075.640033 0.000000
1238.227723 0.000000
616.893820 0.000000
0.000000 0.000000
0.000000 0.000000
0.000000 0.000000
0.000000 0.000000
0.000000 0.000000
0.000000 0.000000
0.000000 0.000000
0.000000 0.000000
0.000000 0.000000
0.000000 0.000000
0.000000 0.000000
0.000000 0.000000
0.000000 0.000000
0.000000 0.000000
0.000000 0.000000
0.000000 0.000000
0.000000 0.000000
0.000000 0.000000
0.000000 0.000000
0.000000 0.000000
0.000000 0.000000
0.000000 0.000000
0.000000 0.000000
0.000000 0.000000
0.000000 0.000000
0.000000 0.000000
0.000000 0.000000
0.000000 0.000000
0.000000 0.000000
0.000000 0.000000
0.000000 0.000000
0.000000 0.000000
0.000000 0.000000
0.000000 0.000000
0.000000 0.000000
0.000000 0.000000
0.000000 0.000000
0.000000 0.000000
0.000000 0.000000
0.000000 0.000000
0.000000 0.000000
0.000000 0.000000
92.637286 0.000000
184.343544 0.000000
275.118774 0.000000
364.962976 0.000000
541.858296 0.000000
715.029504 0.000000
800.218566 0.000000
1050.199584 0.000000
1291.801350 0.000000
1675.850400 0.000000
1895.107494 0.000000
2241.915424 0.000000
2807.514934 0.000000
3546.442958 0.000000
4307.824605 0.000000
4761.719205 0.000000
4838.311219 0.000000
4426.487927 0.000000
2547.445215 0.000000
1844.866710 0.000000
2173.337743 0.000000
2680.929168 0.000000
3166.159676 0.000000
3695.947885 0.000000
4105.449683 0.000000
4352.531748 0.000000
4242.221202 0.000000
4516.164055 0.000000
4446.103175 0.000000
4117.758338 0.000000
2769.792084 0.000000
2127.891780 0.000000
2392.646553 0.000000
2999.683977 0.000000
3496.951143 0.000000
3865.414231 0.000000
4327.463882 0.000000
5127.820720 0.000000
5802.570071 0.000000
6497.835516 0.000000
6996.293316 0.000000
7009.714064 0.000000
6027.741724 0.000000
5242.640974 0.000000
3714.537670 0.000000
2128.284617 0.000000
1750.737060 0.000000
900.995664 0.000000
0.000000 0.000000
63.421300 0.000000
263.294246 0.000000
473.864780 0.000000
615.179900 0.000000
930.800729 0.000000
1163.301953 0.000000
1269.575739 0.000000
1535.209447 0.000000
1925.580385 0.000000
2202.438388 0.000000
2329.156869 0.000000
2731.433736 0.000000
3548.702172 0.000000
4285.830472 0.000000
4868.434127 0.000000
5006.735988 0.000000
5150.043697 0.000000
5378.306135 0.000000
5817.458627 0.000000
5976.583703 0.000000
4991.312300 0.000000
1633.274818 0.000000
1135.779227 0.000000
1418.886006 0.000000
1622.633128 0.000000
1936.696424 0.000000
2252.998316 0.000000
2458.176636 0.000000
2678.722291 0.000000
2693.989729 0.000000
2362.564270 0.000000
840.568522 0.000000
1157.766827 0.000000
1525.537583 0.000000
1895.852093 0.000000
2150.094396 0.000000
2469.384954 0.000000
2909.547567 0.000000
3363.821120 0.000000
3853.087683 0.000000
4053.533355 0.000000
3817.731073 0.000000
2815.269649 0.000000
2122.719375 0.000000
2351.182279 0.000000
2575.120663 0.000000
2596.656703 0.000000
2362.213489 0.000000
1266.419877 0.000000
1631.980004 0.000000
1864.490497 0.000000
2152.478633 0.000000
2338.666778 0.000000
2345.325918 0.000000
2109.776417 0.000000
1160.620757 0.000000
834.085129 0.000000
381.974629 0.000000
428.126073 0.000000
505.176695 0.000000
3649.199305 0.000000
6729.434788 0.000000
9739.387852 0.000000
12625.962050 0.000000
18299.831282 0.000000
21052.479520 0.000000
26726.212253 0.000000
35063.873597 0.000000
45746.575929 0.000000
60832.951532 0.000000
84539.362635 0.000000
100285.900902 0.000000
117180.890953 0.000000
134943.148329 0.000000
150314.160124 0.000000
153568.004070 0.000000
138738.322481 0.000000
89340.901672 0.000000
58107.445429 0.000000
68272.665032 0.000000
74294.628654 0.000000
79189.765851 0.000000
76567.369580 0.000000
57053.716968 0.000000
31978.271798 0.000000
35476.456619 0.000000
40143.963682 0.000000
45604.205400 0.000000
46126.713762 0.000000
42881.116530 0.000000
26860.089401 0.000000
29457.995566 0.000000
32447.718757 0.000000
35534.984661 0.000000
35333.879185 0.000000
25140.596788 0.000000
18137.062246 0.000000
12861.669053 0.000000
5326.517279 0.000000
6459.352337 0.000000
7351.119291 0.000000
8102.824826 0.000000
8683.514010 0.000000
8593.914474 0.000000
7649.952359 0.000000
5678.806919 0.000000
3994.063867 0.000000
5372.300916 0.000000
6760.975973 0.000000
8508.008159 0.000000
10216.422090 0.000000
11479.818592 0.000000
12341.744288 0.000000
12627.174772 0.000000
12104.049435 0.000000
8075.714518 0.000000
6066.008114 0.000000
6803.476326 0.000000
6998.606765 0.000000
6221.019235 0.000000
4120.886835 0.000000
807.004035 0.000000
424.176986 0.000000
516.114736 0.000000
688.406421 0.000000
845.580731 0.000000
1025.570004 0.000000
1185.520395 0.000000
1302.302408 0.000000
1422.508974 0.000000
1518.799585 0.000000
2261.907073 0.000000
2939.399989 0.000000
3348.325065 0.000000
4363.922208 0.000000
5817.928106 0.000000
8834.364163 0.000000
9175.023571 0.000000
10163.275840 0.000000
12135.735990 0.000000
14471.655327 0.000000
16207.630450 0.000000
19938.994432 0.000000
25013.395356 0.000000
29747.078709 0.000000
34049.143183 0.000000
35471.188715 0.000000
32458.656191 0.000000
23892.214714 0.000000
21418.974063 0.000000
16526.028324 0.000000
9548.328527 0.000000
6675.061870 0.000000
9950.055616 0.000000
9962.214216 0.000000
13203.923531 0.000000
19595.041674 0.000000
25850.397073 0.000000
34973.134120 0.000000
45219.694529 0.000000
55046.109947 0.000000
68406.031086 0.000000
91342.692129 0.000000
110283.280399 0.000000
125710.265986 0.000000
145097.222410 0.000000
162395.121563 0.000000
167211.610431 0.000000
154200.752740 0.000000
97305.868827 0.000000
36433.622103 0.000000
21064.574484 0.000000
28154.849663 0.000000
32246.802506 0.000000
41309.296082 0.000000
50507.317973 0.000000
62179.102549 0.000000
73715.678785 0.000000
65228.016260 0.000000
38461.083728 0.000000
39554.769761 0.000000
38568.547147 0.000000
36318.910077 0.000000
27431.386452 0.000000
18818.434385 0.000000
18306.766081 0.000000
15966.968059 0.000000
6321.939476 0.000000
6127.528506 0.000000
7585.635267 0.000000
9299.646717 0.000000
10322.146657 0.000000
10387.921668 0.000000
9711.187068 0.000000
6804.368111 0.000000
5087.826920 0.000000
6749.412884 0.000000
7744.518629 0.000000
9623.476062 0.000000
10793.703937 0.000000
13183.605947 0.000000
15967.386428 0.000000
18356.436549 0.000000
20317.853548 0.000000
19832.093755 0.000000
14802.069238 0.000000
4347.502854 0.000000
5471.537449 0.000000
6585.880786 0.000000
7838.776470 0.000000
8590.513999 0.000000
9560.201424 0.000000
9869.950023 0.000000
9239.758039 0.000000
6454.607781 0.000000
5665.633757 0.000000
5862.683482 0.000000
5772.231020 0.000000
4543.478785 0.000000
3526.366491 0.000000
4241.561962 0.000000
5350.299749 0.000000
6204.541339 0.000000
7364.156088 0.000000
8145.277569 0.000000
8711.717669 0.000000
9102.850517 0.000000
9401.747633 0.000000
9137.441456 0.000000
7781.671963 0.000000
5033.572616 0.000000
4027.158643 0.000000
4585.243708 0.000000
5065.823649 0.000000
5174.108135 0.000000
4744.635309 0.000000
3064.346611 0.000000
2546.930912 0.000000
2278.778070 0.000000
1783.015413 0.000000
1867.683168 0.000000
2146.136895 0.000000
2406.402190 0.000000
2499.913717 0.000000
2343.460222 0.000000
1929.341750 0.000000
1719.994505 0.000000
1669.612413 0.000000
1529.901749 0.000000
1329.315489 0.000000
893.456914 0.000000
941.225085 0.000000
1125.334051 0.000000
1358.709867 0.000000
1546.125292 0.000000
1684.831919 0.000000
1776.285681 0.000000
1802.530787 0.000000
1749.337765 0.000000
1587.331172 0.000000
1053.429478 0.000000
574.942658 0.000000
192.876665 0.000000
0.000000 0.000000
0.000000 0.000000
47.536921 0.000000
94.596084 0.000000
164.229216 0.000000
255.480996 0.000000
300.390249 0.000000
432.251460 0.000000
580.475796 0.000000
703.020729 0.000000
839.300964 0.000000
1130.255481 0.000000
1367.765561 0.000000
1597.669389 0.000000
1852.554409 0.000000
2188.874745 0.000000
2351.871167 0.000000
2268.492625 0.000000
1643.405334 0.000000
1207.171483 0.000000
871.519931 0.000000
1175.275358 0.000000
1495.276135 0.000000
1822.165127 0.000000
1999.189196 0.000000
2287.212512 0.000000
2428.883474 0.000000
2456.224417 0.000000
2070.069058 0.000000
866.819595 0.000000
589.709736 0.000000
116.127954 0.000000
191.581650 0.000000
247.091205 0.000000
337.576692 0.000000
397.266350 0.000000
449.085081 0.000000
549.775133 0.000000
637.152357 0.000000
797.278116 0.000000
948.253246 0.000000
1098.268290 0.000000
1253.113604 0.000000
1454.260688 0.000000
1586.014380 0.000000
1722.197844 0.000000
1731.303600 0.000000
1541.712326 0.000000
1213.373587 0.000000
1059.154676 0.000000
562.245016 0.000000
168.503387 0.000000
27.929096 0.000000
33.869977 0.000000
37.160361 0.000000
46.887006 0.000000
52.115947 0.000000
65.857640 0.000000
85.572884 0.000000
99.015428 0.000000
116.918060 0.000000
132.332450 0.000000
143.798665 0.000000
143.496634 0.000000
108.714385 0.000000
64.116762 0.000000
22.132915 0.000000
9.837325 0.000000
12.007655 0.000000
15.857519 0.000000
20.993530 0.000000
25.014152 0.000000
30.704295 0.000000
35.556702 0.000000
37.938453 0.000000
38.966891 0.000000
33.758836 0.000000
22.463863 0.000000
35.918947 0.000000
40.270748 0.000000
56.987226 0.000000
74.850991 0.000000
118.411062 0.000000
160.674875 0.000000
178.529831 0.000000
203.699659 0.000000
247.543028 0.000000
326.810646 0.000000
386.492993 0.000000
476.124835 0.000000
572.992555 0.000000
658.487467 0.000000
755.846934 0.000000
852.586307 0.000000
901.504710 0.000000
895.870492 0.000000
722.514362 0.000000
548.556580 0.000000
458.542228 0.000000
553.888404 0.000000
643.880120 0.000000
670.184876 0.000000
756.358688 0.000000
924.989146 0.000000
1110.424944 0.000000
1273.969034 0.000000
1399.284254 0.000000
1459.150435 0.000000
1402.128310 0.000000
1093.680248 0.000000
394.461905 0.000000
17.669818 0.000000
21.053574 0.000000
31.314713 0.000000
41.398753 0.000000
76.049523 0.000000
112.967909 0.000000
142.782556 0.000000
202.499745 0.000000
294.051660 0.000000
353.546779 0.000000
430.988504 0.000000
510.200072 0.000000
643.322400 0.000000
763.029196 0.000000
856.035875 0.000000
923.011352 0.000000
997.051020 0.000000
1081.293198 0.000000
1101.316385 0.000000
950.631296 0.000000
506.477360 0.000000
158.881054 0.000000
0.000000 0.000000
0.000000 0.000000
12.008257 0.000000
23.895828 0.000000
40.895488 0.000000
46.075038 0.000000
2062.915006 0.000000
4057.133522 0.000000
6022.147062 0.000000
7972.164287 0.000000
9891.805478 0.000000
14641.248192 0.000000
16526.451065 0.000000
21998.924132 0.000000
28114.401243 0.000000
34020.925391 0.000000
45224.208687 0.000000
55453.839083 0.000000
66459.084815 0.000000
79914.912799 0.000000
88910.622724 0.000000
97146.736812 0.000000
98380.420816 0.000000
76737.474121 0.000000
46243.009757 0.000000
21246.873681 0.000000
62.713855 0.000000
124.797420 0.000000
247.073680 0.000000
307.266375 0.000000
366.828780 0.000000
600.154968 0.000000
904.450436 0.000000
1137.680733 0.000000
1369.602943 0.000000
1685.743196 0.000000
1950.673378 0.000000
2345.248998 0.000000
2660.526593 0.000000
2974.758593 0.000000
3074.791571 0.000000
2584.893079 0.000000
1474.193221 0.000000
1662.984362 0.000000
1788.606588 0.000000
1671.192339 0.000000
1360.923875 0.000000
671.739843 0.000000
551.063593 0.000000
599.644450 0.000000
686.083665 0.000000
961.977541 0.000000
1220.275503 0.000000
1430.784365 0.000000
1622.844789 0.000000
1887.669056 0.000000
2200.862951 0.000000
2441.618971 0.000000
2542.069097 0.000000
2741.606335 0.000000
2152.765380 0.000000
2335.268949 0.000000
2402.263947 0.000000
2374.828449 0.000000
2865.088128 0.000000
3345.773428 0.000000
3662.532023 0.000000
3768.925245 0.000000
3345.201606 0.000000
2343.001610 0.000000
1977.111323 0.000000
1776.446682 0.000000
1188.380887 0.000000
201.341416 0.000000
247.689184 0.000000
320.740760 0.000000
429.805614 0.000000
552.485969 0.000000
627.581084 0.000000
730.480389 0.000000
820.014524 0.000000
896.661650 0.000000
989.220883 0.000000
1027.002776 0.000000
982.486762 0.000000
750.988201 0.000000
559.050881 0.000000
364.865656 0.000000
404.321140 0.000000
434.024387 0.000000
286.719952 0.000000
32.999997 0.000000
0.000000 0.000000
0.000000 0.000000
0.000000 0.000000
0.000000 0.000000
0.000000 0.000000
0.000000 0.000000
0.000000 0.000000
0.000000 0.000000
0.000000 0.000000
0.000000 0.000000
0.000000 0.000000
0.000000 0.000000
0.000000 0.000000
0.000000 0.000000
0.000000 0.000000
0.000000 0.000000
0.000000 0.000000
0.000000 0.000000
0.000000 0.000000
0.000000 0.000000
0.000000 0.000000
0.000000 0.000000
0.000000 0.000000
0.000000 0.000000
0.000000 0.000000
0.000000 0.000000
0.000000 0.000000
0.000000 0.000000
0.000000 0.000000
0.000000 0.000000
0.000000 0.000000
0.000000 0.000000
0.000000 0.000000
0.000000 0.000000
0.000000 0.000000
0.000000 0.000000
0.000000 0.000000
0.000000 0.000000
0.000000 0.000000
0.000000 0.000000
0.000000 0.000000
0.000000 0.000000
0.000000 0.000000
4.033531 0.000000
8.026524 0.000000
11.978979 0.000000
17.826490 0.000000
25.488174 0.000000
38.490651 0.000000
47.459601 0.000000
57.837169 0.000000
68.594754 0.000000
84.384190 0.000000
102.063430 0.000000
124.805026 0.000000
139.277073 0.000000
168.213695 0.000000
184.974086 0.000000
186.621866 0.000000
161.024022 0.000000
131.215244 0.000000
143.494387 0.000000
148.517833 0.000000
216.449243 0.000000
311.118884 0.000000
342.101679 0.000000
447.529241 0.000000
569.093673 0.000000
663.419058 0.000000
799.614266 0.000000
933.657871 0.000000
1048.466324 0.000000
1241.635440 0.000000
1371.010056 0.000000
1498.368457 0.000000
1593.557908 0.000000
1490.682325 0.000000
1048.284629 0.000000
992.546396 0.000000
855.377504 0.000000
666.419229 0.000000
804.755645 0.000000
1010.839914 0.000000
1236.661298 0.000000
1481.063372 0.000000
1771.550284 0.000000
1948.024627 0.000000
2171.524279 0.000000
2111.661112 0.000000
1691.105528 0.000000
986.807487 0.000000
646.896116 0.000000
341.252525 0.000000
426.426256 0.000000
705.993482 0.000000
990.835915 0.000000
1262.226653 0.000000
1535.192980 0.000000
1919.317756 0.000000
2345.959396 0.000000
2661.174951 0.000000
3227.241485 0.000000
3528.860864 0.000000
3922.310816 0.000000
4157.961837 0.000000
4199.637354 0.000000
2308.051366 0.000000
1643.193613 0.000000
1349.913930 0.000000
1644.084905 0.000000
2071.115529 0.000000
2660.211206 0.000000
3110.760045 0.000000
3503.138772 0.000000
3687.521998 0.000000
3826.576601 0.000000
3562.214181 0.000000
3243.162147 0.000000
3128.218031 0.000000
3312.075325 0.000000
3559.000057 0.000000
4194.450958 0.000000
4746.486120 0.000000
5151.907675 0.000000
5165.667357 0.000000
4930.665823 0.000000
3729.667128 0.000000
2507.366183 0.000000
1526.690336 0.000000
309.130790 0.000000
380.133587 0.000000
510.205740 0.000000
630.200685 0.000000
751.637793 0.000000
978.455119 0.000000
1177.331790 0.000000
1376.578280 0.000000
1531.029977 0.000000
1678.496814 0.000000
1660.876202 0.000000
1514.012247 0.000000
1299.752268 0.000000
1518.717071 0.000000
1716.353967 0.000000
1907.959523 0.000000
2125.811823 0.000000
2420.249022 0.000000
2532.596878 0.000000
2497.049126 0.000000
1980.850247 0.000000
1678.716334 0.000000
1463.339147 0.000000
1662.416076 0.000000
1760.213832 0.000000
1820.326018 0.000000
1646.809492 0.000000
1201.057368 0.000000
1219.611227 0.000000
1323.943205 0.000000
1358.981155 0.000000
1309.582469 0.000000
1036.595348 0.000000
591.343732 0.000000
181.430959 0.000000
219.929083 0.000000
285.129599 0.000000
329.610318 0.000000
399.875680 0.000000
495.936982 0.000000
603.318818 0.000000
680.581503 0.000000
753.990055 0.000000
715.976884 0.000000
641.050079 0.000000
736.361987 0.000000
820.494918 0.000000
2463.971135 0.000000
2556.374105 0.000000
4114.246525 0.000000
7109.130267 0.000000
8550.097581 0.000000
12697.103234 0.000000
13904.018350 0.000000
16696.141352 0.000000
20777.402001 0.000000
23348.276620 0.000000
31914.175264 0.000000
39120.583252 0.000000
50068.723100 0.000000
57280.284093 0.000000
66102.647535 0.000000
73247.003571 0.000000
76281.924058 0.000000
72308.156655 0.000000
50601.990818 0.000000
28303.563562 0.000000
32379.975647 0.000000
35007.712571 0.000000
37452.641308 0.000000
37608.877859 0.000000
31408.995543 0.000000
17201.915846 0.000000
18675.371250 0.000000
20269.022834 0.000000
20292.343072 0.000000
17443.303184 0.000000
12185.827025 0.000000
5014.760087 0.000000
3307.882437 0.000000
3914.450051 0.000000
2943.996822 0.000000
2818.988784 0.000000
3316.259321 0.000000
3820.800404 0.000000
4179.990428 0.000000
4721.961914 0.000000
4983.482664 0.000000
4825.560693 0.000000
3614.875910 0.000000
1937.416903 0.000000
2436.574006 0.000000
2863.824808 0.000000
3061.854195 0.000000
3012.928011 0.000000
2563.646131 0.000000
2143.561637 0.000000
2112.918198 0.000000
1633.503331 0.000000
789.161383 0.000000
0.000000 0.000000
0.000000 0.000000
0.000000 0.000000
0.000000 0.000000
0.000000 0.000000
0.000000 0.000000
0.000000 0.000000
0.000000 0.000000
0.000000 0.000000
0.000000 0.000000
0.000000 0.000000
0.000000 0.000000
0.000000 0.000000
6.218153 0.000000
12.373812 0.000000
18.466977 0.000000
24.497648 0.000000
36.371508 0.000000
47.995392 0.000000
59.369300 0.000000
84.038892 0.000000
104.911884 0.000000
134.346552 0.000000
170.093112 0.000000
212.651628 0.000000
259.662816 0.000000
317.431296 0.000000
361.715057 0.000000
385.108416 0.000000
360.621517 0.000000
312.001753 0.000000
249.252729 0.000000
301.374528 0.000000
370.706700 0.000000
480.783212 0.000000
594.132630 0.000000
761.117630 0.000000
913.608332 0.000000
1021.547436 0.000000
1198.952300 0.000000
1304.920981 0.000000
1283.179534 0.000000
957.158020 0.000000
380.024463 0.000000
87.762544 0.000000
102.836152 0.000000
123.126531 0.000000
158.244284 0.000000
200.550028 0.000000
245.380993 0.000000
296.763238 0.000000
342.802763 0.000000
384.216826 0.000000
402.169454 0.000000
373.738801 0.000000
345.358161 0.000000
359.532706 0.000000
424.445834 0.000000
462.015828 0.000000
485.788901 0.000000
458.946568 0.000000
371.845611 0.000000
227.287301 0.000000
121.640239 0.000000
8.511809 0.000000
0.000000 0.000000
0.000000 0.000000
0.000000 0.000000
8.213327 0.000000
16.344108 0.000000
24.392343 0.000000
56.163293 0.000000
63.857088 0.000000
78.997041 0.000000
100.559618 0.000000
118.128200 0.000000
157.152293 0.000000
182.259618 0.000000
222.323057 0.000000
269.735177 0.000000
342.376986 0.000000
417.683849 0.000000
476.052187 0.000000
536.111975 0.000000
607.614769 0.000000
629.894917 0.000000
580.874725 0.000000
502.512321 0.000000
509.608178 0.000000
555.862467 0.000000
547.230306 0.000000
423.671433 0.000000
234.593952 0.000000
83.944424 0.000000
29.549555 0.000000
38.780568 0.000000
44.762677 0.000000
60.500009 0.000000
130.775479 0.000000
199.413820 0.000000
276.994586 0.000000
463.389021 0.000000
583.802659 0.000000
703.511810 0.000000
854.592873 0.000000
1072.353436 0.000000
1328.839099 0.000000
1352.125987 0.000000
1663.259505 0.000000
2016.164474 0.000000
2343.793364 0.000000
2659.992932 0.000000
2813.052644 0.000000
2712.032180 0.000000
1959.939562 0.000000
1236.240769 0.000000
1393.278945 0.000000
1448.631783 0.000000
1277.278493 0.000000
762.506519 0.000000
153.407374 0.000000
156.397349 0.000000
186.511364 0.000000
179.864147 0.000000
172.580947 0.000000
14.255604 0.000000
24.749409 0.000000
41.867025 0.000000
64.924649 0.000000
83.932281 0.000000
108.267744 0.000000
125.187569 0.000000
137.400396 0.000000
160.404056 0.000000
188.429561 0.000000
223.510776 0.000000
248.404329 0.000000
283.440096 0.000000
301.997025 0.000000
335.689193 0.000000
288.738773 0.000000
254.911081 0.000000
237.863951 0.000000
203.419655 0.000000
305.544182 0.000000
342.487595 0.000000
396.968225 0.000000
440.216179 0.000000
493.017871 0.000000
612.994304 0.000000
712.247586 0.000000
950.661322 0.000000
1118.654813 0.000000
1321.044415 0.000000
1613.385107 0.000000
1821.976627 0.000000
2001.606119 0.000000
1970.025820 0.000000
1652.406988 0.000000
790.137455 0.000000
240.391009 0.000000
195.080738 0.000000
231.087176 0.000000
299.839245 0.000000
389.784029 0.000000
536.840852 0.000000
657.896984 0.000000
746.866509 0.000000
900.777021 0.000000
942.613292 0.000000
890.838174 0.000000
716.137435 0.000000
507.958862 0.000000
446.270415 0.000000
298.228413 0.000000
95.979235 0.000000
103.945588 0.000000
174.670967 0.000000
250.768719 0.000000
315.399149 0.000000
387.205915 0.000000
459.404741 0.000000
594.455492 0.000000
705.488261 0.000000
760.953486 0.000000
779.966335 0.000000
967.719153 0.000000
1150.664638 0.000000
1373.029740 0.000000
1605.846136 0.000000
1885.526863 0.000000
2103.105505 0.000000
2246.297756 0.000000
2246.226380 0.000000
2399.483384 0.000000
2480.838547 0.000000
2016.663519 0.000000
996.962696 0.000000
158.558180 0.000000
0.000000 0.000000
0.000000 0.000000
0.000000 0.000000
0.000000 0.000000
0.000000 0.000000
0.000000 0.000000
0.000000 0.000000
0.508843 0.000000
1.012572 0.000000
1.511187 0.000000
2.004688 0.000000
2.976348 0.000000
4.858300 0.000000
6.216067 0.000000
8.793523 0.000000
10.993897 0.000000
13.038283 0.000000
15.576153 0.000000
19.954536 0.000000
22.685409 0.000000
24.934146 0.000000
25.289254 0.000000
22.410585 0.000000
9.303985 0.000000
0.000000 0.000000
0.000000 0.000000
0.000000 0.000000
0.000000 0.000000
0.000000 0.000000
0.000000 0.000000
0.000000 0.000000
0.000000 0.000000
0.000000 0.000000
0.000000 0.000000
0.000000 0.000000
0.000000 0.000000
0.000000 0.000000
0.000000 0.000000
0.000000 0.000000
0.000000 0.000000
0.000000 0.000000
0.000000 0.000000
0.000000 0.000000
0.000000 0.000000
0.000000 0.000000
0.000000 0.000000
0.000000 0.000000
0.000000 0.000000
0.000000 0.000000
0.000000 0.000000
0.000000 0.000000
0.000000 0.000000
0.000000 0.000000
0.000000 0.000000
0.000000 0.000000
0.000000 0.000000
0.000000 0.000000
0.000000 0.000000
0.000000 0.000000
0.000000 0.000000
0.000000 0.000000
0.000000 0.000000
0.000000 0.000000
0.481978 0.000000
0.959112 0.000000
1.665125 0.000000
2.359028 0.000000
3.710504 0.000000
4.153730 0.000000
25.089353 0.000000
55.362654 0.000000
76.197597 0.000000
96.326017 0.000000
154.708487 0.000000
236.136716 0.000000
330.243790 0.000000
393.706785 0.000000
488.973964 0.000000
613.295224 0.000000
708.711942 0.000000
822.591940 0.000000
909.324347 0.000000
951.663859 0.000000
956.869890 0.000000
804.835345 0.000000
549.225166 0.000000
290.207529 0.000000
35.720732 0.000000
0.000000 0.000000
0.000000 0.000000
0.000000 0.000000
0.000000 0.000000
0.000000 0.000000
0.000000 0.000000
0.000000 0.000000
0.000000 0.000000
0.000000 0.000000
0.000000 0.000000
0.000000 0.000000
0.000000 0.000000
0.000000 0.000000
0.000000 0.000000
0.000000 0.000000
0.000000 0.000000
0.000000 0.000000
0.000000 0.000000
0.000000 0.000000
0.000000 0.000000
0.000000 0.000000
0.000000 0.000000
34.575255 0.000000
68.803020 0.000000
102.683295 0.000000
185.820372 0.000000
234.555936 0.000000
281.727975 0.000000
374.507967 0.000000
463.813047 0.000000
560.676263 0.000000
714.538726 0.000000
926.006646 0.000000
1089.336026 0.000000
1231.588951 0.000000
1375.461568 0.000000
1450.452340 0.000000
1393.408956 0.000000
1068.359219 0.000000
793.695169 0.000000
565.960221 0.000000
92.801014 0.000000
120.524041 0.000000
168.195051 0.000000
225.852205 0.000000
287.450253 0.000000
343.676245 0.000000
385.425230 0.000000
448.943423 0.000000
500.020441 0.000000
520.542466 0.000000
496.295267 0.000000
512.303557 0.000000
483.877478 0.000000
592.587779 0.000000
742.049834 0.000000
851.084522 0.000000
964.872779 0.000000
1066.562738 0.000000
1144.677458 0.000000
1093.722515 0.000000
785.651881 0.000000
219.704604 0.000000
58.779270 0.000000
74.550929 0.000000
90.795604 0.000000
121.875659 0.000000
156.309121 0.000000
187.867639 0.000000
217.892976 0.000000
236.074732 0.000000
268.931926 0.000000
288.837541 0.000000
296.996088 0.000000
277.454145 0.000000
195.878513 0.000000
167.838509 0.000000
76.699675 0.000000
15.485315 0.000000
17.455461 0.000000
18.099783 0.000000
19.366080 0.000000
39.996637 0.000000
68.899976 0.000000
89.461403 0.000000
126.961562 0.000000
161.219124 0.000000
200.284809 0.000000
261.559267 0.000000
324.333727 0.000000
383.165811 0.000000
445.049669 0.000000
540.671871 0.000000
652.868043 0.000000
737.969625 0.000000
802.726954 0.000000
810.407867 0.000000
715.536880 0.000000
498.496742 0.000000
193.540236 0.000000
0.000000 0.000000
0.000000 0.000000
0.000000 0.000000
0.000000 0.000000
0.000000 0.000000
0.000000 0.000000
0.000000 0.000000
0.000000 0.000000
0.000000 0.000000
40.930718 0.000000
81.450072 0.000000
141.406375 0.000000
200.334268 0.000000
334.336091 0.000000
407.970247 0.000000
498.161804 0.000000
550.713555 0.000000
783.134215 0.000000
1032.317958 0.000000
1120.607010 0.000000
1317.907606 0.000000
1490.114919 0.000000
1678.236744 0.000000
1754.051183 0.000000
1609.887919 0.000000
1301.641669 0.000000
934.535946 0.000000
437.782747 0.000000
91.771978 0.000000
19.523685 0.000000
25.899440 0.000000
35.330838 0.000000
47.685930 0.000000
65.723043 0.000000
85.989933 0.000000
94.397259 0.000000
129.232608 0.000000
165.752619 0.000000
202.728235 0.000000
229.910681 0.000000
271.554710 0.000000
309.986591 0.000000
332.260356 0.000000
347.750714 0.000000
334.187227 0.000000
213.487543 0.000000
152.005529 0.000000
141.314865 0.000000
170.531058 0.000000
210.343880 0.000000
227.978450 0.000000
269.681825 0.000000
301.479669 0.000000
313.950944 0.000000
303.907054 0.000000
252.078879 0.000000
131.364011 0.000000
73.646787 0.000000
105.132084 0.000000
151.020132 0.000000
187.571584 0.000000
215.037648 0.000000
273.612196 0.000000
329.402394 0.000000
386.448504 0.000000
451.868274 0.000000
547.025046 0.000000
628.909212 0.000000
656.049483 0.000000
592.522687 0.000000
373.598631 0.000000
249.543747 0.000000
41.396985 0.000000
48.640149 0.000000
64.099908 0.000000
82.422324 0.000000
93.470186 0.000000
116.680734 0.000000
135.392997 0.000000
146.430473 0.000000
156.489387 0.000000
168.615786 0.000000
157.573674 0.000000
111.833629 0.000000
89.822298 0.000000
47.807214 0.000000
16.711503 0.000000
20.897908 0.000000
28.485768 0.000000
34.705024 0.000000
41.685808 0.000000
46.392927 0.000000
51.339520 0.000000
51.031140 0.000000
39.518079 0.000000
15.276139 0.000000
0.000000 0.000000
0.000000 0.000000
0.000000 0.000000
0.000000 0.000000
0.000000 0.000000
0.000000 0.000000
0.000000 0.000000
0.000000 0.000000
0.000000 0.000000
0.000000 0.000000
0.000000 0.000000
0.000000 0.000000
0.000000 0.000000
0.000000 0.000000
0.000000 0.000000
0.000000 0.000000
0.000000 0.000000
26.557943 0.000000
52.848972 0.000000
78.873087 0.000000
104.630288 0.000000
142.732356 0.000000
204.856679 0.000000
265.246056 0.000000
346.988544 0.000000
445.346588 0.000000
572.631432 0.000000
618.740891 0.000000
743.289828 0.000000
892.061243 0.000000
1098.686079 0.000000
1269.896181 0.000000
1324.276224 0.000000
1164.075197 0.000000
1294.433760 0.000000
976.495191 0.000000
1010.784463 0.000000
1030.564191 0.000000
1356.447330 0.000000
1627.244328 0.000000
2017.112191 0.000000
2160.828018 0.000000
2851.312916 0.000000
3442.464154 0.000000
4178.574443 0.000000
4607.541584 0.000000
5044.994120 0.000000
5320.645103 0.000000
5237.322680 0.000000
3592.643902 0.000000
2611.165254 0.000000
2619.250292 0.000000
2590.588152 0.000000
2196.411225 0.000000
1225.097476 0.000000
986.960363 0.000000
1130.989079 0.000000
1313.801417 0.000000
1430.371494 0.000000
1440.691043 0.000000
1244.430968 0.000000
705.417714 0.000000
259.746056 0.000000
0.000000 0.000000
0.000000 0.000000
0.000000 0.000000
0.000000 0.000000
0.000000 0.000000
0.000000 0.000000
0.000000 0.000000
0.000000 0.000000
0.000000 0.000000
0.000000 0.000000
0.000000 0.000000
0.000000 0.000000
62.409186 0.000000
124.191144 0.000000
235.909270 0.000000
325.600187 0.000000
443.345073 0.000000
614.259330 0.000000
749.334806 0.000000
869.202113 0.000000
1036.847971 0.000000
1284.610832 0.000000
1551.033362 0.000000
2186.506778 0.000000
2619.792583 0.000000
3183.423450 0.000000
3363.502992 0.000000
3459.160950 0.000000
2116.216422 0.000000
1550.054288 0.000000
930.374727 0.000000
296.602535 0.000000
60.214272 0.000000
74.483800 0.000000
95.300062 0.000000
121.957422 0.000000
147.360318 0.000000
168.548999 0.000000
205.340076 0.000000
246.110156 0.000000
283.724475 0.000000
324.024131 0.000000
365.725278 0.000000
389.099447 0.000000
380.112339 0.000000
310.548212 0.000000
161.212730 0.000000
15.043000 0.000000
20.335000 0.000000
25.431000 0.000000
31.948000 0.000000
40.351500 0.000000
48.740300 0.000000
59.853500 0.000000
66.877650 0.000000
76.677650 0.000000
84.103600 0.000000
86.541350 0.000000
81.564175 0.000000
64.386000 0.000000
44.594900 0.000000
29.883875 0.000000
7.173600 0.000000
2.763600 0.000000
3.606400 0.000000
4.410000 0.000000
5.899600 0.000000
7.541100 0.000000
8.611192 0.000000
9.542844 0.000000
10.872588 0.000000
12.005056 0.000000
12.151936 0.000000
10.475100 0.000000
4.285900 0.000000
56.230634 0.000000
111.896136 0.000000
166.996506 0.000000
221.531744 0.000000
328.906824 0.000000
434.021376 0.000000
637.468896 0.000000
925.686216 0.000000
1171.942485 0.000000
1439.956336 0.000000
1701.612452 0.000000
2043.234648 0.000000
2385.139474 0.000000
2654.107060 0.000000
2785.217811 0.000000
2515.508772 0.000000
1568.239393 0.000000
497.245599 0.000000
41.749422 0.000000
68.875950 0.000000
114.969855 0.000000
159.297710 0.000000
195.748982 0.000000
253.517539 0.000000
291.668167 0.000000
377.942216 0.000000
454.932783 0.000000
563.910679 0.000000
653.605867 0.000000
711.814775 0.000000
747.751639 0.000000
700.218100 0.000000
546.437097 0.000000
612.088855 0.000000
658.438032 0.000000
655.566219 0.000000
545.574379 0.000000
634.580118 0.000000
704.758286 0.000000
777.742902 0.000000
784.409888 0.000000
689.591926 0.000000
697.155564 0.000000
786.458590 0.000000
797.386302 0.000000
710.117377 0.000000
558.567482 0.000000
546.739402 0.000000
474.177023 0.000000
404.974094 0.000000
420.446512 0.000000
377.973916 0.000000
286.005244 0.000000
290.495469 0.000000
311.182956 0.000000
303.191430 0.000000
235.359222 0.000000
120.774954 0.000000
23.946669 0.000000
28.887641 0.000000
36.887169 0.000000
44.473902 0.000000
228.996205 0.000000
269.820854 0.000000
332.871601 0.000000
395.812290 0.000000
500.249963 0.000000
581.331002 0.000000
804.489555 0.000000
877.675377 0.000000
1004.341993 0.000000
1295.824405 0.000000
1526.656005 0.000000
1663.777992 0.000000
1812.159349 0.000000
2167.273754 0.000000
2294.293903 0.000000
2379.344860 0.000000
2166.957453 0.000000
1371.020072 0.000000
1435.501689 0.000000
1893.526621 0.000000
2201.335346 0.000000
2514.070207 0.000000
3070.568443 0.000000
3443.283589 0.000000
3841.493040 0.000000
4040.261735 0.000000
3887.923795 0.000000
3054.735933 0.000000
1439.815562 0.000000
1035.566393 0.000000
0.000000 0.000000
0.000000 0.000000
0.000000 0.000000
0.000000 0.000000
0.000000 0.000000
0.000000 0.000000
0.000000 0.000000
0.000000 0.000000
0.000000 0.000000
0.000000 0.000000
0.000000 0.000000
6.181935 0.000000
12.301740 0.000000
24.354960 0.000000
41.968815 0.000000
53.400735 0.000000
75.519015 0.000000
96.643215 0.000000
119.149572 0.000000
147.154543 0.000000
184.991631 0.000000
223.613189 0.000000
249.327164 0.000000
273.053030 0.000000
288.329291 0.000000
302.969026 0.000000
296.989605 0.000000
240.475895 0.000000
122.077062 0.000000
41.064981 0.000000
0.000000 0.000000
0.000000 0.000000
32.362773 0.000000
80.417982 0.000000
193.927772 0.000000
224.660961 0.000000
255.068896 0.000000
284.968584 0.000000
345.562864 0.000000
432.770080 0.000000
557.759902 0.000000
755.173136 0.000000
944.287788 0.000000
1121.113595 0.000000
1401.604611 0.000000
1562.922151 0.000000
1782.040472 0.000000
1895.695664 0.000000
1804.778524 0.000000
1296.763943 0.000000
1223.191134 0.000000
991.370043 0.000000
193.307922 0.000000
203.692585 0.000000
234.446769 0.000000
231.103278 0.000000
240.985812 0.000000
282.739320 0.000000
348.775494 0.000000
401.676612 0.000000
471.210290 0.000000
558.472458 0.000000
595.253285 0.000000
597.098400 0.000000
482.424532 0.000000
345.161619 0.000000
151.497114 0.000000
83.950978 0.000000
70.266943 0.000000
83.585183 0.000000
92.527553 0.000000
103.537649 0.000000
124.428020 0.000000
136.725416 0.000000
145.860139 0.000000
142.871570 0.000000
121.225399 0.000000
95.156818 0.000000
74.786329 0.000000
52.664419 0.000000
55.842983 0.000000
54.569373 0.000000
46.066340 0.000000
24.063077 0.000000
1.900713 0.000000
0.000000 0.000000
0.000000 0.000000
0.000000 0.000000
0.000000 0.000000
0.000000 0.000000
0.000000 0.000000
0.000000 0.000000
0.000000 0.000000
0.000000 0.000000
0.000000 0.000000
0.000000 0.000000
0.000000 0.000000
0.000000 0.000000
0.000000 0.000000
0.000000 0.000000
0.000000 0.000000
0.000000 0.000000
0.000000 0.000000
28.661572 0.000000
57.868522 0.000000
85.949814 0.000000
99.844410 0.000000
154.513942 0.000000
234.814946 0.000000
299.523699 0.000000
387.514449 0.000000
476.925696 0.000000
615.666743 0.000000
757.154412 0.000000
875.907502 0.000000
1070.954847 0.000000
1201.408832 0.000000
1299.796749 0.000000
1431.374692 0.000000
1434.420926 0.000000
1272.138437 0.000000
1085.908008 0.000000
1107.863776 0.000000
1024.950372 0.000000
642.420869 0.000000
335.852626 0.000000
57.517544 0.000000
79.348603 0.000000
115.683977 0.000000
146.529307 0.000000
171.374554 0.000000
214.339526 0.000000
258.521174 0.000000
305.569289 0.000000
343.985480 0.000000
372.652088 0.000000
389.951042 0.000000
372.627179 0.000000
293.461768 0.000000
191.318950 0.000000
135.588546 0.000000
162.891632 0.000000
184.019257 0.000000
195.468915 0.000000
192.550544 0.000000
164.977337 0.000000
94.858029 0.000000
81.418784 0.000000
91.799773 0.000000
103.237322 0.000000
105.280492 0.000000
98.516821 0.000000
75.345767 0.000000
35.967909 0.000000
3.370678 0.000000
4.740406 0.000000
5.187002 0.000000
7.134234 0.000000
7.759146 0.000000
8.667824 0.000000
9.243947 0.000000
11.505521 0.000000
14.243672 0.000000
15.943978 0.000000
19.959527 0.000000
22.652926 0.000000
23.810779 0.000000
23.295796 0.000000
19.356249 0.000000
11.839617 0.000000
11.968861 0.000000
12.446193 0.000000
11.699309 0.000000
8.872756 0.000000
2.635620 0.000000
3.138317 0.000000
3.663545 0.000000
4.192808 0.000000
4.922790 0.000000
5.648412 0.000000
6.106973 0.000000
6.015517 0.000000
4.717628 0.000000
1.946585 0.000000
0.000000 0.000000
0.000000 0.000000
0.000000 0.000000
0.000000 0.000000
0.000000 0.000000
0.000000 0.000000
0.000000 0.000000
0.000000 0.000000
0.000000 0.000000
0.000000 0.000000
0.000000 0.000000
0.000000 0.000000
0.000000 0.000000
0.000000 0.000000
0.000000 0.000000
0.000000 0.000000
0.000000 0.000000
0.000000 0.000000
0.000000 0.000000
0.000000 0.000000
0.000000 0.000000
0.000000 0.000000
0.000000 0.000000
0.000000 0.000000
0.000000 0.000000
0.000000 0.000000
0.000000 0.000000
0.000000 0.000000
0.000000 0.000000
0.000000 0.000000
0.000000 0.000000
0.000000 0.000000
0.000000 0.000000
0.000000 0.000000
0.000000 0.000000
0.000000 0.000000
0.000000 0.000000
0.000000 0.000000
0.000000 0.000000
0.000000 0.000000
0.000000 0.000000
0.000000 0.000000
0.000000 0.000000
0.000000 0.000000
0.000000 0.000000
0.000000 0.000000
0.000000 0.000000
0.000000 0.000000
0.000000 0.000000
0.000000 0.000000
0.000000 0.000000
0.000000 0.000000
0.000000 0.000000
0.000000 0.000000
0.000000 0.000000
0.000000 0.000000
