7334175.932134 0.000000
6983335.122159 0.000000
6580835.592452 0.000000
6187419.036631 0.000000
5876647.504458 0.000000
5659549.738028 0.000000
5390796.092733 0.000000
5172135.245701 0.000000
4857695.739918 0.000000
4438827.634869 0.000000
4107548.625921 0.000000
3785968.647940 0.000000
3827835.164998 0.000000
3639549.053653 0.000000
3320628.973665 0.000000
3254309.950121 0.000000
3083017.949846 0.000000
2942157.729555 0.000000
2839522.432397 0.000000
2690254.146032 0.000000
2702166.937857 0.000000
2614667.170701 0.000000
2514531.211702 0.000000
2488539.638084 0.000000
2414727.854626 0.000000
2457042.746758 0.000000
2267264.467146 0.000000
1953513.104225 0.000000
1645878.009604 0.000000
1412542.470589 0.000000
1571456.931924 0.000000
1514738.592631 0.000000
1383788.569980 0.000000
1246551.732536 0.000000
1229761.241626 0.000000
1302888.242648 0.000000
1273173.577217 0.000000
1282254.604979 0.000000
1207504.429136 0.000000
1192517.018597 0.000000
1286340.347842 0.000000
1475713.725081 0.000000
1318950.581978 0.000000
1296235.151896 0.000000
1295612.087965 0.000000
1293476.813450 0.000000
1204380.320777 0.000000
932363.531494 0.000000
608384.564204 0.000000
526415.921417 0.000000
588268.784253 0.000000
636140.665763 0.000000
669753.202152 0.000000
581382.077333 0.000000
624789.302310 0.000000
605181.717403 0.000000
569361.790353 0.000000
597650.789114 0.000000
479827.513307 0.000000
576006.854231 0.000000
695524.205132 0.000000
861310.481146 0.000000
1023096.638851 0.000000
1118629.776624 0.000000
1114127.531331 0.000000
978554.188763 0.000000
680985.661552 0.000000
234471.481627 0.000000
25008.019209 0.000000
11712.778592 0.000000
15317.400337 0.000000
31420.761758 0.000000
45622.667456 0.000000
68190.055995 0.000000
84811.431837 0.000000
97771.141031 0.000000
111482.474030 0.000000
122029.775550 0.000000
154062.867142 0.000000
155984.715451 0.000000
189534.706532 0.000000
210818.307551 0.000000
268434.568902 0.000000
305886.690140 0.000000
359999.705537 0.000000
435834.785099 0.000000
516711.290136 0.000000
584492.408238 0.000000
625649.508732 0.000000
657523.605515 0.000000
629379.535873 0.000000
579706.907367 0.000000
620690.953364 0.000000
634930.547887 0.000000
575502.811979 0.000000
413954.272008 0.000000
347023.075105 0.000000
333181.304518 0.000000
322660.587792 0.000000
273343.885242 0.000000
185586.337747 0.000000
187060.262017 0.000000
168780.373071 0.000000
139943.982220 0.000000
118281.663294 0.000000
89176.488573 0.000000
76391.828698 0.000000
61680.348429 0.000000
72064.489252 0.000000
81682.183780 0.000000
90463.625834 0.000000
91349.374703 0.000000
97977.872060 0.000000
104296.146387 0.000000
101232.986658 0.000000
109015.560316 0.000000
116980.703547 0.000000
125897.599869 0.000000
134436.982924 0.000000
151538.807402 0.000000
162335.509742 0.000000
166624.167475 0.000000
139539.164261 0.000000
100707.489974 0.000000
45825.381869 0.000000
57591.208337 0.000000
68835.627808 0.000000
80652.172317 0.000000
89686.224612 0.000000
92165.799789 0.000000
76958.906079 0.000000
63174.339266 0.000000
68047.586337 0.000000
76845.056068 0.000000
85351.309746 0.000000
89175.570226 0.000000
90998.904305 0.000000
87811.633125 0.000000
67288.861163 0.000000
59896.556528 0.000000
54711.094450 0.000000
50955.296841 0.000000
47090.859095 0.000000
41038.058312 0.000000
31018.846610 0.000000
21237.184144 0.000000
10661.024123 0.000000
13366.310756 0.000000
15923.129156 0.000000
23498.167359 0.000000
29752.159878 0.000000
38453.399019 0.000000
56143.689616 0.000000
69416.096570 0.000000
81847.923964 0.000000
101860.630842 0.000000
121896.876063 0.000000
139765.600422 0.000000
153786.427863 0.000000
160924.525510 0.000000
152531.934852 0.000000
116217.767965 0.000000
105495.224535 0.000000
102831.068460 0.000000
90112.184718 0.000000
60631.480717 0.000000
34814.929913 0.000000
45991.137867 0.000000
52340.538914 0.000000
66421.149809 0.000000
77418.588253 0.000000
86235.155333 0.000000
88771.037886 0.000000
81560.011513 0.000000
84814.237182 0.000000
77598.412280 0.000000
70510.631681 0.000000
61392.617294 0.000000
47712.101187 0.000000
34859.262983 0.000000
40264.505057 0.000000
44809.447454 0.000000
39337.715307 0.000000
29499.427225 0.000000
25312.564296 0.000000
22498.648371 0.000000
17284.566590 0.000000
20957.391176 0.000000
25534.958481 0.000000
29005.645017 0.000000
33471.821951 0.000000
39682.755969 0.000000
42830.589177 0.000000
42657.216166 0.000000
37369.223503 0.000000
26793.848294 0.000000
24185.927666 0.000000
20623.690597 0.000000
12700.680378 0.000000
10508.852005 0.000000
13735.258544 0.000000
15901.264647 0.000000
17932.405203 0.000000
20212.712176 0.000000
19453.607123 0.000000
19763.714579 0.000000
19269.970490 0.000000
15836.783635 0.000000
12787.619766 0.000000
11579.031460 0.000000
8211.465450 0.000000
8169.935939 0.000000
9978.286493 0.000000
11442.335243 0.000000
12689.695207 0.000000
13999.736877 0.000000
14462.579460 0.000000
13886.262208 0.000000
12811.623889 0.000000
14462.574181 0.000000
15505.144622 0.000000
15829.244860 0.000000
13913.547475 0.000000
10729.327120 0.000000
7212.880873 0.000000
2553.210774 0.000000
448.253714 0.000000
721.890423 0.000000
896.239875 0.000000
1162.226656 0.000000
1499.455294 0.000000
1806.088907 0.000000
2108.223132 0.000000
2537.485499 0.000000
2982.830090 0.000000
3872.557340 0.000000
4953.610229 0.000000
5699.564290 0.000000
6747.981800 0.000000
7566.609966 0.000000
8099.528238 0.000000
8351.243098 0.000000
8212.506830 0.000000
7349.818136 0.000000
4042.796747 0.000000
818.149292 0.000000
0.000000 0.000000
0.000000 0.000000
0.000000 0.000000
0.000000 0.000000
0.000000 0.000000
0.000000 0.000000
0.000000 0.000000
10.914915 0.000000
21.742160 0.000000
54.596570 0.000000
87.117575 0.000000
183.276264 0.000000
262.265873 0.000000
330.317256 0.000000
450.117095 0.000000
812.015938 0.000000
1041.089266 0.000000
1310.773501 0.000000
1727.347857 0.000000
2235.271688 0.000000
3179.799704 0.000000
3690.449778 0.000000
4422.410370 0.000000
5418.999980 0.000000
5961.788454 0.000000
6848.277683 0.000000
7332.957882 0.000000
7073.895408 0.000000
6166.757598 0.000000
5057.521129 0.000000
1995.949160 0.000000
2166.559950 0.000000
2107.786811 0.000000
1354.827733 0.000000
766.018170 0.000000
1011.367798 0.000000
1220.281730 0.000000
1564.989692 0.000000
1955.830219 0.000000
2403.949569 0.000000
2890.924685 0.000000
3620.233870 0.000000
4243.448596 0.000000
4512.642655 0.000000
4525.194010 0.000000
3844.068757 0.000000
4180.063834 0.000000
4580.891896 0.000000
4856.833969 0.000000
4906.261679 0.000000
4743.807691 0.000000
5208.707143 0.000000
5698.688418 0.000000
6525.530603 0.000000
6808.490221 0.000000
6884.203902 0.000000
6123.347525 0.000000
4842.857405 0.000000
4002.709693 0.000000
3461.449549 0.000000
4530.448764 0.000000
5533.346061 0.000000
6158.539939 0.000000
6896.771107 0.000000
7325.728305 0.000000
7372.358419 0.000000
6673.288397 0.000000
5588.061994 0.000000
5288.189947 0.000000
4781.725926 0.000000
1965.587932 0.000000
2398.268381 0.000000
2906.991042 0.000000
3360.251502 0.000000
4053.991086 0.000000
4591.472618 0.000000
5022.496339 0.000000
5142.220785 0.000000
4520.676574 0.000000
3963.695177 0.000000
4618.298987 0.000000
5235.057026 0.000000
5665.840196 0.000000
5885.339934 0.000000
5501.952419 0.000000
2986.281656 0.000000
3200.882654 0.000000
3068.849948 0.000000
2286.126294 0.000000
2412.038296 0.000000
2499.834079 0.000000
2952.866780 0.000000
3273.968061 0.000000
3453.357128 0.000000
3710.894165 0.000000
4229.404052 0.000000
4433.766029 0.000000
3977.648681 0.000000
4468.783672 0.000000
4637.532626 0.000000
5148.976975 0.000000
5321.143456 0.000000
5174.598878 0.000000
3574.044792 0.000000
1159.823600 0.000000
32.630454 0.000000
205.227169 0.000000
237.217415 0.000000
376.201548 0.000000
423.481260 0.000000
9077.065084 0.000000
17720.563067 0.000000
26307.736501 0.000000
35026.660573 0.000000
43863.264151 0.000000
68542.799609 0.000000
80787.608642 0.000000
96813.763422 0.000000
150045.592779 0.000000
183924.308522 0.000000
235168.345653 0.000000
293636.642900 0.000000
362637.187286 0.000000
419604.081599 0.000000
463691.808404 0.000000
487847.172780 0.000000
470475.766367 0.000000
389905.921796 0.000000
320759.355798 0.000000
279212.068702 0.000000
187244.524789 0.000000
86099.692408 0.000000
29301.651531 0.000000
36082.852681 0.000000
41753.207608 0.000000
45564.877443 0.000000
67446.062883 0.000000
88292.575441 0.000000
111843.939338 0.000000
137569.430953 0.000000
170762.175175 0.000000
203489.747879 0.000000
241377.691328 0.000000
268899.145717 0.000000
283947.246197 0.000000
284529.517711 0.000000
266809.242470 0.000000
209406.197980 0.000000
160030.476413 0.000000
117883.166159 0.000000
112792.401447 0.000000
133356.534305 0.000000
169136.698582 0.000000
190178.409402 0.000000
206754.163784 0.000000
207714.362283 0.000000
184657.009082 0.000000
173054.785553 0.000000
154713.225356 0.000000
112166.659681 0.000000
96760.797240 0.000000
49549.100516 0.000000
43247.740048 0.000000
26752.529827 0.000000
23385.632100 0.000000
27445.456879 0.000000
34128.283392 0.000000
40279.374003 0.000000
46199.894058 0.000000
50695.382375 0.000000
51410.338834 0.000000
46793.074769 0.000000
44414.620540 0.000000
45815.401048 0.000000
46197.418146 0.000000
46487.961886 0.000000
47025.794397 0.000000
45451.622506 0.000000
36018.078964 0.000000
19997.838309 0.000000
13668.087442 0.000000
5667.586032 0.000000
7467.005113 0.000000
8716.585177 0.000000
9635.151827 0.000000
10298.722329 0.000000
10418.665757 0.000000
9191.267625 0.000000
5941.786310 0.000000
3544.191216 0.000000
1655.518879 0.000000
2534.434430 0.000000
2855.283055 0.000000
3616.325139 0.000000
4269.043053 0.000000
5707.268144 0.000000
7000.755372 0.000000
8429.778571 0.000000
9858.489397 0.000000
11092.861085 0.000000
11176.311050 0.000000
11952.185380 0.000000
12760.959814 0.000000
10883.702439 0.000000
10283.993026 0.000000
9585.256441 0.000000
10835.414598 0.000000
12351.820164 0.000000
12928.621011 0.000000
12938.144853 0.000000
12377.337122 0.000000
12275.848830 0.000000
10406.998492 0.000000
6825.188879 0.000000
6026.419094 0.000000
6361.377669 0.000000
6348.965481 0.000000
5654.128331 0.000000
4422.148317 0.000000
2873.941162 0.000000
977.835086 0.000000
232.895452 0.000000
276.740781 0.000000
417.056234 0.000000
617.789775 0.000000
813.326934 0.000000
1052.600488 0.000000
1236.293896 0.000000
1737.075165 0.000000
2394.680788 0.000000
2755.184957 0.000000
3225.672041 0.000000
3856.579567 0.000000
4204.658015 0.000000
4292.538524 0.000000
3707.160884 0.000000
2100.155083 0.000000
654.386877 0.000000
474.177001 0.000000
615.006838 0.000000
684.522842 0.000000
889.475200 0.000000
1121.544745 0.000000
1346.123344 0.000000
1774.006343 0.000000
2464.521973 0.000000
3170.016780 0.000000
3665.071360 0.000000
4089.950976 0.000000
4574.313807 0.000000
4795.070073 0.000000
4444.200246 0.000000
2787.329051 0.000000
1433.273451 0.000000
97.797960 0.000000
118.270195 0.000000
138.574748 0.000000
168.692429 0.000000
218.024736 0.000000
256.789344 0.000000
322.904892 0.000000
395.731471 0.000000
478.756955 0.000000
624.266344 0.000000
754.495152 0.000000
930.553353 0.000000
1136.098641 0.000000
1293.236360 0.000000
1438.127586 0.000000
1527.787651 0.000000
1514.258208 0.000000
801.909230 0.000000
527.747901 0.000000
230.946264 0.000000
0.000000 0.000000
0.000000 0.000000
0.000000 0.000000
0.000000 0.000000
0.000000 0.000000
0.000000 0.000000
0.000000 0.000000
0.000000 0.000000
0.000000 0.000000
0.000000 0.000000
0.000000 0.000000
0.000000 0.000000
0.000000 0.000000
0.000000 0.000000
0.000000 0.000000
0.000000 0.000000
141.564468 0.000000
281.991872 0.000000
490.358850 0.000000
627.943594 0.000000
764.391274 0.000000
999.621389 0.000000
1265.125833 0.000000
1906.998461 0.000000
2756.953801 0.000000
3293.221610 0.000000
3985.409320 0.000000
4854.691598 0.000000
6175.653049 0.000000
7344.323830 0.000000
8228.816111 0.000000
10634.680460 0.000000
11835.189190 0.000000
11346.725013 0.000000
13120.013456 0.000000
16940.755841 0.000000
23147.336292 0.000000
30223.021193 0.000000
38466.381713 0.000000
47181.556935 0.000000
53775.307400 0.000000
63265.780319 0.000000
72703.017144 0.000000
88917.374073 0.000000
100621.077063 0.000000
110963.330938 0.000000
123663.248730 0.000000
129447.523754 0.000000
126908.002808 0.000000
98067.627041 0.000000
59290.310879 0.000000
43565.273979 0.000000
50068.938959 0.000000
57299.223109 0.000000
60411.382381 0.000000
56507.895272 0.000000
42940.057421 0.000000
44109.694861 0.000000
40974.720331 0.000000
36114.840133 0.000000
42460.441878 0.000000
48401.468707 0.000000
56343.112372 0.000000
64022.373965 0.000000
70700.397377 0.000000
75956.054510 0.000000
64357.180813 0.000000
45720.396220 0.000000
42393.471877 0.000000
38910.681633 0.000000
24325.661591 0.000000
6916.078008 0.000000
9377.371195 0.000000
12378.349132 0.000000
15288.946767 0.000000
17684.670645 0.000000
15603.353660 0.000000
19551.582206 0.000000
20709.527476 0.000000
23376.726028 0.000000
28771.128609 0.000000
38269.905535 0.000000
45008.512540 0.000000
49336.734347 0.000000
59909.085169 0.000000
67558.307286 0.000000
73095.702366 0.000000
80490.937674 0.000000
84044.256798 0.000000
79417.772247 0.000000
59073.144611 0.000000
41543.816455 0.000000
44383.347200 0.000000
44321.945450 0.000000
38156.747454 0.000000
21702.556412 0.000000
13216.229557 0.000000
15765.814620 0.000000
17833.929673 0.000000
19473.447375 0.000000
16159.883841 0.000000
15329.497522 0.000000
17486.598710 0.000000
20377.129622 0.000000
22146.963572 0.000000
22524.807943 0.000000
20904.547141 0.000000
18536.296279 0.000000
19535.723557 0.000000
19753.630129 0.000000
20532.601898 0.000000
21500.995897 0.000000
21452.845609 0.000000
18329.949244 0.000000
9912.362508 0.000000
8075.614424 0.000000
8949.801434 0.000000
9647.339621 0.000000
8237.504526 0.000000
4909.954846 0.000000
5020.986551 0.000000
6341.533933 0.000000
7754.202768 0.000000
8731.907326 0.000000
9679.404084 0.000000
11213.142198 0.000000
12090.564397 0.000000
14887.827559 0.000000
16116.344421 0.000000
17822.356360 0.000000
20397.527715 0.000000
27401.711477 0.000000
35564.534885 0.000000
44344.639105 0.000000
53587.769771 0.000000
63404.537186 0.000000
78454.784083 0.000000
99631.451011 0.000000
121949.117705 0.000000
149191.641911 0.000000
166505.360383 0.000000
180951.023750 0.000000
173627.326603 0.000000
136399.508660 0.000000
60648.366986 0.000000
11307.897741 0.000000
865.329184 0.000000
1241.072100 0.000000
1672.321270 0.000000
3376.064456 0.000000
3996.829222 0.000000
5379.412345 0.000000
6621.120241 0.000000
8407.100589 0.000000
11280.189797 0.000000
14645.206851 0.000000
18791.586874 0.000000
20832.277843 0.000000
24618.307351 0.000000
27254.044694 0.000000
31016.766911 0.000000
31319.698309 0.000000
19917.936997 0.000000
18474.862871 0.000000
7278.813017 0.000000
10357.765257 0.000000
14213.218023 0.000000
17126.421276 0.000000
22070.440311 0.000000
26591.315402 0.000000
30843.577120 0.000000
35701.523420 0.000000
29622.999712 0.000000
24788.504922 0.000000
26181.372353 0.000000
22810.282520 0.000000
22834.823632 0.000000
25392.272339 0.000000
24592.676281 0.000000
18922.874826 0.000000
16530.908585 0.000000
17484.025568 0.000000
13689.008303 0.000000
13678.013048 0.000000
13224.270590 0.000000
11388.406531 0.000000
10489.615263 0.000000
11578.135527 0.000000
11592.911372 0.000000
10101.729472 0.000000
7681.723248 0.000000
5051.592315 0.000000
5433.042939 0.000000
6355.001015 0.000000
7086.188583 0.000000
7530.200941 0.000000
7310.905696 0.000000
7339.318024 0.000000
8186.918139 0.000000
9065.922532 0.000000
11212.775979 0.000000
13130.022157 0.000000
15986.048684 0.000000
19935.439774 0.000000
19780.158193 0.000000
24195.761134 0.000000
25614.007674 0.000000
32429.848887 0.000000
36270.493720 0.000000
44483.343331 0.000000
58966.471197 0.000000
67697.234787 0.000000
77752.474343 0.000000
87609.212354 0.000000
94741.098512 0.000000
93062.734222 0.000000
69423.118761 0.000000
56907.375207 0.000000
57755.289711 0.000000
54173.922424 0.000000
39276.277764 0.000000
11813.835686 0.000000
11569.281502 0.000000
5827.410531 0.000000
446.247326 0.000000
663.432469 0.000000
884.835277 0.000000
1505.098009 0.000000
2114.104022 0.000000
2910.344489 0.000000
3780.804119 0.000000
4513.141627 0.000000
5475.944287 0.000000
6738.490973 0.000000
8093.737857 0.000000
9467.167056 0.000000
11182.924571 0.000000
12674.863742 0.000000
13031.612395 0.000000
12385.711678 0.000000
9534.548803 0.000000
6660.321408 0.000000
7441.561499 0.000000
7415.338248 0.000000
6499.693395 0.000000
6331.607392 0.000000
6866.592612 0.000000
7809.148898 0.000000
8208.599217 0.000000
7860.501665 0.000000
8597.015277 0.000000
8094.468858 0.000000
1707.334339 0.000000
0.000000 0.000000
0.000000 0.000000
0.000000 0.000000
251.032836 0.000000
500.049344 0.000000
747.049524 0.000000
1235.000900 0.000000
1845.419937 0.000000
2209.554086 0.000000
2556.673817 0.000000
3229.649163 0.000000
4544.637410 0.000000
5905.971226 0.000000
7097.623312 0.000000
8818.883910 0.000000
10490.278088 0.000000
12202.921988 0.000000
13642.442084 0.000000
13799.059160 0.000000
11847.949246 0.000000
9553.072049 0.000000
6477.681377 0.000000
2171.857589 0.000000
0.000000 0.000000
0.000000 0.000000
0.000000 0.000000
0.000000 0.000000
0.000000 0.000000
0.000000 0.000000
0.000000 0.000000
0.000000 0.000000
0.000000 0.000000
0.000000 0.000000
0.000000 0.000000
0.000000 0.000000
0.000000 0.000000
0.000000 0.000000
0.000000 0.000000
0.000000 0.000000
0.000000 0.000000
22.609698 0.000000
45.037792 0.000000
89.349168 0.000000
132.934128 0.000000
154.454202 0.000000
207.437169 0.000000
259.239710 0.000000
279.670160 0.000000
398.439176 0.000000
510.398042 0.000000
662.298374 0.000000
796.770601 0.000000
994.124028 0.000000
1129.248270 0.000000
1291.378909 0.000000
1421.897247 0.000000
1481.942939 0.000000
1289.144398 0.000000
863.847914 0.000000
481.044842 0.000000
280.913486 0.000000
409.476224 0.000000
472.239025 0.000000
613.304748 0.000000
826.901071 0.000000
1012.965180 0.000000
1230.297683 0.000000
1537.952786 0.000000
1730.244854 0.000000
1940.891259 0.000000
2107.282494 0.000000
2102.921028 0.000000
1746.621891 0.000000
1028.034442 0.000000
723.646638 0.000000
151.429431 0.000000
32.577099 0.000000
49.462217 0.000000
69.203814 0.000000
96.054108 0.000000
130.214552 0.000000
168.357067 0.000000
239.545500 0.000000
299.069260 0.000000
339.548914 0.000000
419.504723 0.000000
476.450781 0.000000
515.236872 0.000000
528.540096 0.000000
510.250630 0.000000
413.997656 0.000000
343.630021 0.000000
222.292188 0.000000
261.933922 0.000000
421.302437 0.000000
561.408076 0.000000
737.894603 0.000000
917.745127 0.000000
1220.148912 0.000000
1427.258292 0.000000
1850.583392 0.000000
2113.237488 0.000000
2410.354164 0.000000
2732.161536 0.000000
2971.835695 0.000000
2982.617159 0.000000
2477.828600 0.000000
1458.867570 0.000000
140.278642 0.000000
0.000000 0.000000
0.000000 0.000000
0.000000 0.000000
69.644553 0.000000
138.729712 0.000000
138.729712 0.000000
275.221848 0.000000
342.628825 0.000000
541.213461 0.000000
638.408056 0.000000
976.263362 0.000000
1120.740677 0.000000
1450.741099 0.000000
1789.338588 0.000000
2086.626660 0.000000
2333.822623 0.000000
2716.383680 0.000000
3346.677174 0.000000
3791.349073 0.000000
4133.399354 0.000000
4171.937053 0.000000
3807.553339 0.000000
3494.360490 0.000000
3321.479954 0.000000
2543.311043 0.000000
2235.653595 0.000000
2133.013854 0.000000
2273.664363 0.000000
2209.770440 0.000000
1764.414225 0.000000
501.747548 0.000000
0.000000 0.000000
0.000000 0.000000
0.000000 0.000000
0.000000 0.000000
0.000000 0.000000
0.000000 0.000000
0.000000 0.000000
0.000000 0.000000
0.000000 0.000000
0.000000 0.000000
0.000000 0.000000
0.000000 0.000000
0.000000 0.000000
0.000000 0.000000
0.000000 0.000000
0.000000 0.000000
0.000000 0.000000
0.000000 0.000000
0.000000 0.000000
0.000000 0.000000
0.000000 0.000000
0.000000 0.000000
0.000000 0.000000
0.000000 0.000000
0.000000 0.000000
0.000000 0.000000
0.000000 0.000000
0.000000 0.000000
0.000000 0.000000
0.000000 0.000000
0.000000 0.000000
0.000000 0.000000
0.000000 0.000000
0.000000 0.000000
0.000000 0.000000
0.000000 0.000000
0.000000 0.000000
0.000000 0.000000
0.000000 0.000000
0.000000 0.000000
0.000000 0.000000
0.000000 0.000000
53.920452 0.000000
107.407808 0.000000
186.772650 0.000000
265.054752 0.000000
368.131600 0.000000
494.270810 0.000000
763.883193 0.000000
916.827485 0.000000
1069.579538 0.000000
1230.483517 0.000000
1608.603881 0.000000
1832.496067 0.000000
2133.995206 0.000000
2461.153332 0.000000
2814.309815 0.000000
2954.160051 0.000000
2762.424305 0.000000
2146.274817 0.000000
1811.346822 0.000000
1701.586016 0.000000
1729.558346 0.000000
2016.807473 0.000000
2313.707528 0.000000
2512.386072 0.000000
2416.386561 0.000000
2419.540933 0.000000
2832.531498 0.000000
3433.425749 0.000000
3948.305268 0.000000
4238.578010 0.000000
4636.915205 0.000000
4642.219346 0.000000
5017.629999 0.000000
5654.821962 0.000000
5948.786479 0.000000
6261.845415 0.000000
5924.175344 0.000000
4418.739214 0.000000
4027.667697 0.000000
3719.651006 0.000000
2610.627646 0.000000
3900.151383 0.000000
5179.148395 0.000000
6447.618682 0.000000
10189.869199 0.000000
11416.232590 0.000000
15032.162414 0.000000
20864.735525 0.000000
26705.213350 0.000000
33480.300533 0.000000
37936.053354 0.000000
45468.886817 0.000000
54631.325938 0.000000
61781.235811 0.000000
72879.755898 0.000000
79065.498430 0.000000
76317.076804 0.000000
54916.018674 0.000000
30482.049052 0.000000
7951.328546 0.000000
5691.340522 0.000000
7492.397457 0.000000
8743.104075 0.000000
11074.889322 0.000000
12696.521470 0.000000
14688.682700 0.000000
16658.675130 0.000000
18295.716070 0.000000
19135.736071 0.000000
17962.188432 0.000000
13928.816917 0.000000
13200.733865 0.000000
12432.149965 0.000000
9747.094074 0.000000
10378.734506 0.000000
12083.095405 0.000000
13703.633798 0.000000
14914.576094 0.000000
15691.506912 0.000000
14659.575382 0.000000
11029.556531 0.000000
9080.072135 0.000000
7256.516648 0.000000
4525.195067 0.000000
485.136436 0.000000
563.672867 0.000000
718.757466 0.000000
946.413703 0.000000
1168.105148 0.000000
1524.335796 0.000000
2091.819560 0.000000
2948.264449 0.000000
3548.720337 0.000000
4021.015973 0.000000
4675.237662 0.000000
4975.051243 0.000000
5083.162770 0.000000
4675.153699 0.000000
3212.866800 0.000000
2161.480723 0.000000
2356.510091 0.000000
2544.274895 0.000000
2679.223293 0.000000
2554.270315 0.000000
1741.855223 0.000000
1155.254156 0.000000
632.171886 0.000000
729.198916 0.000000
885.531051 0.000000
982.542159 0.000000
1232.129273 0.000000
1585.454400 0.000000
1882.390119 0.000000
2149.207049 0.000000
2497.466200 0.000000
2844.088915 0.000000
3001.858732 0.000000
2905.965347 0.000000
2750.986224 0.000000
2738.618014 0.000000
2526.167334 0.000000
1888.081261 0.000000
1174.303665 0.000000
1304.919694 0.000000
1397.980919 0.000000
1388.750068 0.000000
1235.958130 0.000000
1291.361855 0.000000
1349.938013 0.000000
1334.508837 0.000000
1166.929789 0.000000
995.903326 0.000000
754.157778 0.000000
651.023833 0.000000
435.909917 0.000000
456.848141 0.000000
534.317132 0.000000
620.872787 0.000000
716.579717 0.000000
761.614475 0.000000
769.595938 0.000000
901.009514 0.000000
1070.623810 0.000000
1171.180231 0.000000
1230.005717 0.000000
1201.954361 0.000000
979.063513 0.000000
574.898428 0.000000
55.359659 0.000000
0.000000 0.000000
0.000000 0.000000
0.000000 0.000000
0.000000 0.000000
0.000000 0.000000
0.000000 0.000000
0.000000 0.000000
0.000000 0.000000
0.000000 0.000000
0.000000 0.000000
0.000000 0.000000
0.000000 0.000000
0.000000 0.000000
0.000000 0.000000
0.000000 0.000000
0.000000 0.000000
0.000000 0.000000
0.000000 0.000000
0.000000 0.000000
0.000000 0.000000
0.000000 0.000000
0.000000 0.000000
0.000000 0.000000
0.000000 0.000000
0.000000 0.000000
0.000000 0.000000
0.000000 0.000000
0.000000 0.000000
0.000000 0.000000
0.000000 0.000000
0.000000 0.000000
0.000000 0.000000
0.000000 0.000000
0.000000 0.000000
0.000000 0.000000
0.000000 0.000000
0.000000 0.000000
0.000000 0.000000
23.553657 0.000000
46.918128 0.000000
70.093413 0.000000
93.079512 0.000000
160.902693 0.000000
172.017488 0.000000
205.077856 0.000000
237.665256 0.000000
291.063109 0.000000
378.774616 0.000000
515.225385 0.000000
704.911388 0.000000
840.557195 0.000000
1066.448736 0.000000
1375.467602 0.000000
1640.058316 0.000000
1937.732644 0.000000
2736.795043 0.000000
3387.511070 0.000000
3733.356780 0.000000
5093.654423 0.000000
6214.160975 0.000000
8336.224834 0.000000
11090.083860 0.000000
13447.572246 0.000000
18313.673498 0.000000
21200.130625 0.000000
23416.833206 0.000000
27121.803511 0.000000
29977.866147 0.000000
33749.779844 0.000000
35754.024027 0.000000
36061.898131 0.000000
28823.202480 0.000000
15123.935257 0.000000
14018.248085 0.000000
15492.545473 0.000000
17333.389124 0.000000
18648.859901 0.000000
18962.208559 0.000000
17728.917326 0.000000
13311.355920 0.000000
13048.196854 0.000000
14659.451832 0.000000
16285.670667 0.000000
16559.834961 0.000000
14321.188606 0.000000
12566.262444 0.000000
11785.636105 0.000000
11010.084003 0.000000
7998.321230 0.000000
9236.069247 0.000000
10335.650320 0.000000
11325.548437 0.000000
11864.573772 0.000000
10765.858516 0.000000
11229.071055 0.000000
11752.569354 0.000000
11021.789115 0.000000
10787.375404 0.000000
10104.444319 0.000000
8678.358372 0.000000
5272.351236 0.000000
4823.778904 0.000000
4608.251260 0.000000
3421.450596 0.000000
2979.793359 0.000000
3573.103124 0.000000
4113.133653 0.000000
4949.882744 0.000000
5842.547740 0.000000
6245.730486 0.000000
6616.457129 0.000000
4323.970555 0.000000
5213.471192 0.000000
6067.486610 0.000000
7084.803724 0.000000
8064.331846 0.000000
8574.648913 0.000000
8218.903727 0.000000
6631.782308 0.000000
5881.616901 0.000000
4542.202238 0.000000
4404.245423 0.000000
4164.622113 0.000000
3382.075626 0.000000
2382.852434 0.000000
1973.355548 0.000000
1569.411511 0.000000
1588.754689 0.000000
1917.733272 0.000000
2401.745430 0.000000
2859.468870 0.000000
3435.686446 0.000000
3896.088041 0.000000
4238.122328 0.000000
4284.895372 0.000000
3972.046587 0.000000
3341.060184 0.000000
2559.313639 0.000000
1266.677911 0.000000
978.041463 0.000000
1240.273345 0.000000
1357.358705 0.000000
1633.493172 0.000000
1953.547273 0.000000
2340.536567 0.000000
2711.451609 0.000000
2951.925563 0.000000
3110.523641 0.000000
3008.685769 0.000000
2239.069652 0.000000
1351.762320 0.000000
1008.840197 0.000000
1391.722196 0.000000
1801.427230 0.000000
2150.621039 0.000000
2503.320513 0.000000
2958.725842 0.000000
3269.780422 0.000000
3570.654231 0.000000
3548.789721 0.000000
2984.608475 0.000000
2059.899503 0.000000
486.248557 0.000000
33.887412 0.000000
66.951648 0.000000
99.192708 0.000000
140.854560 0.000000
173.632971 0.000000
237.469230 0.000000
306.696039 0.000000
381.336460 0.000000
474.012336 0.000000
552.137007 0.000000
634.123020 0.000000
689.395776 0.000000
691.950887 0.000000
598.834599 0.000000
336.029640 0.000000
224.159384 0.000000
80.117742 0.000000
210.770998 0.000000
416.878992 0.000000
493.587094 0.000000
493.587094 0.000000
645.072750 0.000000
986.905232 0.000000
1207.036392 0.000000
1321.331638 0.000000
1592.535902 0.000000
1957.351843 0.000000
2367.298765 0.000000
2888.190170 0.000000
3325.599551 0.000000
3637.353867 0.000000
4144.010074 0.000000
4570.428902 0.000000
4869.122857 0.000000
4572.499749 0.000000
3461.317988 0.000000
1818.995468 0.000000
937.973990 0.000000
21.020920 0.000000
0.000000 0.000000
0.000000 0.000000
0.000000 0.000000
0.000000 0.000000
0.000000 0.000000
0.000000 0.000000
0.000000 0.000000
0.000000 0.000000
0.000000 0.000000
0.000000 0.000000
0.000000 0.000000
0.000000 0.000000
0.000000 0.000000
0.000000 0.000000
0.000000 0.000000
0.000000 0.000000
1403.970679 0.000000
2796.664485 0.000000
4178.081418 0.000000
5548.221479 0.000000
6907.084666 0.000000
8254.670981 0.000000
9590.980422 0.000000
12881.008139 0.000000
16097.736180 0.000000
18623.755714 0.000000
21710.799714 0.000000
27664.988686 0.000000
34958.306342 0.000000
38693.770522 0.000000
45674.154963 0.000000
57501.865719 0.000000
68982.078890 0.000000
81395.877806 0.000000
85445.122831 0.000000
75480.077408 0.000000
47222.600818 0.000000
25007.106892 0.000000
4037.961522 0.000000
6100.046938 0.000000
7253.650656 0.000000
8514.996848 0.000000
10541.699934 0.000000
13272.546176 0.000000
15819.640161 0.000000
18796.238985 0.000000
21418.660917 0.000000
24529.486059 0.000000
26545.874410 0.000000
27086.543743 0.000000
26862.369220 0.000000
26576.981256 0.000000
29840.990138 0.000000
33051.620839 0.000000
33132.868773 0.000000
30701.182412 0.000000
23186.444035 0.000000
17663.786602 0.000000
14145.346891 0.000000
7243.837504 0.000000
6037.422544 0.000000
6962.273912 0.000000
8457.712915 0.000000
9565.616018 0.000000
11416.087991 0.000000
13328.985452 0.000000
14765.927190 0.000000
15015.051882 0.000000
13706.550130 0.000000
12369.676026 0.000000
10870.392824 0.000000
8974.784283 0.000000
9556.955329 0.000000
8983.502495 0.000000
8344.458909 0.000000
6628.917813 0.000000
3249.024582 0.000000
3990.877414 0.000000
4589.783966 0.000000
5612.016773 0.000000
6436.019433 0.000000
7031.018617 0.000000
7136.877176 0.000000
6252.434928 0.000000
6815.924929 0.000000
6917.939084 0.000000
6781.251882 0.000000
7181.205335 0.000000
7713.337400 0.000000
8751.102689 0.000000
9099.907898 0.000000
8573.372478 0.000000
8649.715906 0.000000
8118.553969 0.000000
7741.967407 0.000000
7369.256801 0.000000
5429.241673 0.000000
1292.397365 0.000000
0.000000 0.000000
0.000000 0.000000
0.000000 0.000000
0.000000 0.000000
0.000000 0.000000
0.000000 0.000000
0.000000 0.000000
0.000000 0.000000
0.000000 0.000000
0.000000 0.000000
0.000000 0.000000
0.000000 0.000000
0.000000 0.000000
0.000000 0.000000
0.000000 0.000000
0.000000 0.000000
0.000000 0.000000
0.000000 0.000000
0.000000 0.000000
0.000000 0.000000
0.000000 0.000000
0.000000 0.000000
0.000000 0.000000
0.000000 0.000000
0.000000 0.000000
0.000000 0.000000
0.000000 0.000000
0.000000 0.000000
0.000000 0.000000
0.000000 0.000000
0.000000 0.000000
0.000000 0.000000
0.000000 0.000000
0.000000 0.000000
0.000000 0.000000
0.000000 0.000000
0.000000 0.000000
0.000000 0.000000
0.000000 0.000000
0.000000 0.000000
0.000000 0.000000
0.000000 0.000000
0.000000 0.000000
0.000000 0.000000
0.000000 0.000000
0.000000 0.000000
0.000000 0.000000
0.000000 0.000000
36.659523 0.000000
73.024592 0.000000
144.871368 0.000000
215.540328 0.000000
319.335363 0.000000
403.770161 0.000000
566.897889 0.000000
737.166207 0.000000
884.025305 0.000000
1100.835643 0.000000
1419.361271 0.000000
1539.149059 0.000000
1843.817800 0.000000
2059.140247 0.000000
2265.071846 0.000000
2301.133760 0.000000
1951.224143 0.000000
1260.474316 0.000000
1470.870793 0.000000
1620.531986 0.000000
1740.449672 0.000000
1765.262378 0.000000
1441.342083 0.000000
1355.131750 0.000000
1533.814926 0.000000
1791.648645 0.000000
1977.969732 0.000000
2059.789474 0.000000
1977.361034 0.000000
1610.111964 0.000000
706.226066 0.000000
151.878700 0.000000
0.000000 0.000000
0.000000 0.000000
0.000000 0.000000
0.000000 0.000000
0.000000 0.000000
0.000000 0.000000
0.000000 0.000000
0.000000 0.000000
0.000000 0.000000
0.000000 0.000000
0.000000 0.000000
0.000000 0.000000
0.000000 0.000000
0.000000 0.000000
0.000000 0.000000
0.000000 0.000000
0.000000 0.000000
0.000000 0.000000
0.000000 0.000000
0.000000 0.000000
0.000000 0.000000
0.000000 0.000000
0.000000 0.000000
0.000000 0.000000
0.000000 0.000000
0.000000 0.000000
0.000000 0.000000
0.000000 0.000000
0.000000 0.000000
0.000000 0.000000
0.000000 0.000000
0.000000 0.000000
0.000000 0.000000
0.000000 0.000000
0.000000 0.000000
0.000000 0.000000
0.000000 0.000000
0.000000 0.000000
0.000000 0.000000
0.000000 0.000000
0.000000 0.000000
0.000000 0.000000
0.000000 0.000000
0.000000 0.000000
0.000000 0.000000
0.000000 0.000000
0.000000 0.000000
0.000000 0.000000
0.000000 0.000000
0.000000 0.000000
0.000000 0.000000
0.000000 0.000000
0.000000 0.000000
0.000000 0.000000
0.000000 0.000000
2.271129 0.000000
4.524016 0.000000
6.758661 0.000000
10.074024 0.000000
16.586421 0.000000
22.934640 0.000000
31.143544 0.000000
40.022736 0.000000
56.686821 0.000000
73.441944 0.000000
89.686185 0.000000
108.616521 0.000000
126.548464 0.000000
138.650184 0.000000
139.088664 0.000000
117.847864 0.000000
119.596781 0.000000
127.372648 0.000000
188.734131 0.000000
215.102208 0.000000
345.848462 0.000000
371.341250 0.000000
421.670360 0.000000
569.812990 0.000000
737.977843 0.000000
794.160452 0.000000
953.244183 0.000000
1173.022517 0.000000
1278.200326 0.000000
1557.986946 0.000000
1846.461772 0.000000
2082.409602 0.000000
2338.089653 0.000000
2515.126167 0.000000
2611.955704 0.000000
2493.970949 0.000000
1702.818654 0.000000
1055.810898 0.000000
185.034643 0.000000
42.965403 0.000000
57.055272 0.000000
84.887112 0.000000
112.255088 0.000000
139.159200 0.000000
204.390075 0.000000
290.842728 0.000000
360.364539 0.000000
475.704950 0.000000
583.356056 0.000000
665.077614 0.000000
811.859052 0.000000
889.238984 0.000000
978.980216 0.000000
1009.126332 0.000000
1016.243004 0.000000
893.788645 0.000000
428.445482 0.000000
236.023443 0.000000
333.311270 0.000000
427.810447 0.000000
508.391164 0.000000
604.697348 0.000000
731.477727 0.000000
906.044910 0.000000
1136.505801 0.000000
1335.833448 0.000000
1440.161248 0.000000
1433.422264 0.000000
1208.614962 0.000000
697.581185 0.000000
792.153627 0.000000
836.587355 0.000000
815.514119 0.000000
582.897772 0.000000
543.157862 0.000000
726.808732 0.000000
839.385233 0.000000
980.316650 0.000000
1205.577802 0.000000
1348.203241 0.000000
1350.857118 0.000000
1519.442510 0.000000
1957.656890 0.000000
2213.441640 0.000000
2579.324180 0.000000
2921.088681 0.000000
3058.073145 0.000000
2807.519032 0.000000
1831.546392 0.000000
130.183777 0.000000
0.000000 0.000000
0.000000 0.000000
0.000000 0.000000
0.000000 0.000000
0.000000 0.000000
0.000000 0.000000
0.000000 0.000000
0.000000 0.000000
3.609504 0.000000
7.190016 0.000000
10.741536 0.000000
17.757600 0.000000
24.657696 0.000000
38.109984 0.000000
43.031376 0.000000
54.258528 0.000000
62.050128 0.000000
74.831976 0.000000
91.208832 0.000000
115.471512 0.000000
137.344164 0.000000
159.907188 0.000000
184.869300 0.000000
205.047732 0.000000
208.382718 0.000000
181.252548 0.000000
138.294558 0.000000
133.564332 0.000000
103.403592 0.000000
53.039052 0.000000
10.814922 0.000000
1.326384 0.000000
1.754016 0.000000
1.965114 0.000000
2.381874 0.000000
2.993424 0.000000
4.167600 0.000000
4.544496 0.000000
5.455026 0.000000
6.319350 0.000000
7.527501 0.000000
9.051846 0.000000
10.796066 0.000000
12.131709 0.000000
51.477697 0.000000
89.406856 0.000000
188.356457 0.000000
257.702969 0.000000
287.619390 0.000000
460.756424 0.000000
653.691569 0.000000
782.360598 0.000000
1028.539902 0.000000
1299.299145 0.000000
1641.564302 0.000000
1984.024578 0.000000
2349.612794 0.000000
2541.115500 0.000000
2662.865105 0.000000
2412.269391 0.000000
1571.907103 0.000000
740.475130 0.000000
489.238589 0.000000
599.488975 0.000000
707.176325 0.000000
838.125394 0.000000
1003.051009 0.000000
1250.287688 0.000000
1428.416169 0.000000
1696.020003 0.000000
1901.886535 0.000000
2100.348835 0.000000
2128.215221 0.000000
1961.431817 0.000000
1414.941336 0.000000
1164.513100 0.000000
851.300119 0.000000
552.803511 0.000000
343.625265 0.000000
71.433395 0.000000
106.628600 0.000000
125.663753 0.000000
163.606424 0.000000
190.727629 0.000000
226.461869 0.000000
260.341569 0.000000
290.343263 0.000000
312.687834 0.000000
329.595022 0.000000
330.657337 0.000000
277.105181 0.000000
203.338491 0.000000
195.870256 0.000000
150.968262 0.000000
64.409233 0.000000
9.574913 0.000000
11.478883 0.000000
13.936367 0.000000
15.424394 0.000000
19.114738 0.000000
22.812433 0.000000
30.377387 0.000000
35.936360 0.000000
39.951596 0.000000
43.079480 0.000000
44.511563 0.000000
41.229379 0.000000
28.466234 0.000000
17.403498 0.000000
19.637118 0.000000
21.082807 0.000000
21.984949 0.000000
20.693059 0.000000
16.287217 0.000000
10.403018 0.000000
11.290084 0.000000
11.387317 0.000000
10.170329 0.000000
6.021997 0.000000
2.474569 0.000000
0.000000 0.000000
0.000000 0.000000
0.000000 0.000000
0.000000 0.000000
0.000000 0.000000
0.000000 0.000000
0.000000 0.000000
0.000000 0.000000
0.000000 0.000000
0.000000 0.000000
0.000000 0.000000
0.000000 0.000000
0.000000 0.000000
0.000000 0.000000
0.000000 0.000000
0.000000 0.000000
0.000000 0.000000
0.000000 0.000000
0.000000 0.000000
0.000000 0.000000
0.000000 0.000000
0.000000 0.000000
0.000000 0.000000
0.000000 0.000000
0.000000 0.000000
0.000000 0.000000
0.000000 0.000000
0.000000 0.000000
0.000000 0.000000
0.000000 0.000000
0.000000 0.000000
0.000000 0.000000
0.000000 0.000000
0.000000 0.000000
0.000000 0.000000
0.000000 0.000000
0.000000 0.000000
0.000000 0.000000
0.000000 0.000000
0.000000 0.000000
0.000000 0.000000
0.000000 0.000000
0.000000 0.000000
0.000000 0.000000
0.000000 0.000000
0.000000 0.000000
0.000000 0.000000
0.000000 0.000000
0.000000 0.000000
0.000000 0.000000
0.000000 0.000000
0.000000 0.000000
0.000000 0.000000
0.000000 0.000000
0.000000 0.000000
0.000000 0.000000
0.000000 0.000000
21.770070 0.000000
43.365280 0.000000
64.785630 0.000000
107.101750 0.000000
169.264480 0.000000
209.832000 0.000000
288.868720 0.000000
374.418975 0.000000
447.510455 0.000000
617.998955 0.000000
806.192030 0.000000
905.993375 0.000000
1023.499295 0.000000
1169.000164 0.000000
1302.822050 0.000000
1355.200663 0.000000
1134.484920 0.000000
636.863840 0.000000
43.015560 0.000000
0.000000 0.000000
0.000000 0.000000
0.000000 0.000000
0.000000 0.000000
0.000000 0.000000
0.000000 0.000000
0.000000 0.000000
0.000000 0.000000
0.000000 0.000000
0.000000 0.000000
0.000000 0.000000
0.000000 0.000000
0.000000 0.000000
0.000000 0.000000
14.279652 0.000000
67.692332 0.000000
106.624054 0.000000
145.239775 0.000000
235.337157 0.000000
300.146892 0.000000
387.578813 0.000000
515.745738 0.000000
761.565317 0.000000
1020.154037 0.000000
1161.293981 0.000000
1433.546771 0.000000
1741.509123 0.000000
2072.730680 0.000000
2376.638745 0.000000
2598.982986 0.000000
2646.297600 0.000000
2336.423180 0.000000
1652.565367 0.000000
1105.291396 0.000000
1229.321394 0.000000
1252.112583 0.000000
1204.221016 0.000000
944.913152 0.000000
395.411363 0.000000
459.276023 0.000000
533.173286 0.000000
597.580836 0.000000
626.870924 0.000000
594.740889 0.000000
447.629809 0.000000
305.955258 0.000000
308.636653 0.000000
307.342575 0.000000
261.444845 0.000000
150.980410 0.000000
50.131770 0.000000
67.077714 0.000000
78.868850 0.000000
88.884998 0.000000
101.495715 0.000000
115.913619 0.000000
127.064643 0.000000
133.701852 0.000000
128.018688 0.000000
93.051345 0.000000
75.984303 0.000000
60.527542 0.000000
21.162857 0.000000
20.098635 0.000000
25.035216 0.000000
27.684885 0.000000
29.924537 0.000000
34.203285 0.000000
37.530846 0.000000
36.664631 0.000000
27.045613 0.000000
18.749331 0.000000
21.072714 0.000000
22.475594 0.000000
36.386196 0.000000
47.667141 0.000000
52.377518 0.000000
61.074843 0.000000
69.830435 0.000000
90.219222 0.000000
142.351175 0.000000
215.899035 0.000000
284.244960 0.000000
345.012177 0.000000
380.827437 0.000000
432.464168 0.000000
560.656028 0.000000
763.667189 0.000000
947.961807 0.000000
1115.300835 0.000000
1264.861054 0.000000
1431.598294 0.000000
1655.906259 0.000000
1759.923092 0.000000
1903.933283 0.000000
2029.188493 0.000000
2047.448760 0.000000
1871.490638 0.000000
1304.425697 0.000000
688.947724 0.000000
295.045761 0.000000
244.430574 0.000000
312.714437 0.000000
366.792836 0.000000
488.270313 0.000000
570.312214 0.000000
719.083076 0.000000
911.272180 0.000000
1062.246334 0.000000
1268.519378 0.000000
1406.238254 0.000000
1467.228153 0.000000
1672.946250 0.000000
1865.464288 0.000000
1954.398571 0.000000
1837.884688 0.000000
1444.147257 0.000000
726.535672 0.000000
193.644797 0.000000
0.000000 0.000000
0.000000 0.000000
0.000000 0.000000
0.000000 0.000000
0.000000 0.000000
0.000000 0.000000
0.000000 0.000000
0.000000 0.000000
0.000000 0.000000
0.000000 0.000000
0.000000 0.000000
0.000000 0.000000
0.000000 0.000000
0.000000 0.000000
0.000000 0.000000
0.000000 0.000000
0.000000 0.000000
0.000000 0.000000
0.000000 0.000000
0.000000 0.000000
0.000000 0.000000
0.000000 0.000000
0.000000 0.000000
0.000000 0.000000
0.000000 0.000000
0.000000 0.000000
0.000000 0.000000
0.000000 0.000000
0.000000 0.000000
0.000000 0.000000
0.000000 0.000000
0.000000 0.000000
0.000000 0.000000
0.000000 0.000000
0.000000 0.000000
0.000000 0.000000
0.000000 0.000000
0.000000 0.000000
0.000000 0.000000
0.000000 0.000000
0.000000 0.000000
0.000000 0.000000
0.000000 0.000000
0.000000 0.000000
0.000000 0.000000
0.000000 0.000000
0.000000 0.000000
554.307750 0.000000
1104.163228 0.000000
1649.566435 0.000000
2190.517372 0.000000
3786.656554 0.000000
4569.143103 0.000000
5340.498977 0.000000
7602.751648 0.000000
9293.398214 0.000000
10808.926529 0.000000
14540.355209 0.000000
15868.492684 0.000000
19083.178529 0.000000
21694.635599 0.000000
25754.235791 0.000000
30164.756801 0.000000
32057.471653 0.000000
31122.331390 0.000000
23698.084790 0.000000
19855.201757 0.000000
18052.799294 0.000000
12050.056567 0.000000
4717.340046 0.000000
539.960243 0.000000
718.997981 0.000000
896.054881 0.000000
965.129688 0.000000
1077.037127 0.000000
1411.818487 0.000000
1839.591034 0.000000
2527.282692 0.000000
2785.253971 0.000000
3429.745523 0.000000
3795.318697 0.000000
4238.678221 0.000000
4508.203741 0.000000
4188.571736 0.000000
2876.669685 0.000000
2563.246564 0.000000
2678.946270 0.000000
2855.351184 0.000000
2878.969941 0.000000
2443.971422 0.000000
1563.984374 0.000000
1210.926794 0.000000
491.306618 0.000000
301.145112 0.000000
356.453451 0.000000
463.712127 0.000000
575.591415 0.000000
711.179787 0.000000
838.251243 0.000000
1002.329367 0.000000
1127.875419 0.000000
1275.957112 0.000000
1346.974322 0.000000
1362.932424 0.000000
1325.882868 0.000000
1199.264154 0.000000
761.471318 0.000000
657.170159 0.000000
688.864004 0.000000
655.893259 0.000000
533.608917 0.000000
311.734977 0.000000
75.182424 0.000000
0.000000 0.000000
0.000000 0.000000
0.000000 0.000000
0.000000 0.000000
0.000000 0.000000
0.000000 0.000000
0.000000 0.000000
0.000000 0.000000
0.000000 0.000000
0.000000 0.000000
0.000000 0.000000
0.000000 0.000000
0.000000 0.000000
0.000000 0.000000
0.000000 0.000000
0.000000 0.000000
0.000000 0.000000
0.000000 0.000000
0.000000 0.000000
0.000000 0.000000
0.000000 0.000000
0.000000 0.000000
0.000000 0.000000
0.000000 0.000000
0.000000 0.000000
0.000000 0.000000
0.000000 0.000000
0.000000 0.000000
0.000000 0.000000
0.000000 0.000000
0.000000 0.000000
0.000000 0.000000
0.000000 0.000000
0.000000 0.000000
0.000000 0.000000
0.000000 0.000000
0.000000 0.000000
0.000000 0.000000
0.000000 0.000000
0.000000 0.000000
0.000000 0.000000
0.000000 0.000000
0.000000 0.000000
0.000000 0.000000
0.000000 0.000000
0.000000 0.000000
0.000000 0.000000
0.000000 0.000000
0.000000 0.000000
0.000000 0.000000
0.000000 0.000000
0.000000 0.000000
0.000000 0.000000
0.000000 0.000000
0.000000 0.000000
0.000000 0.000000
0.000000 0.000000
0.000000 0.000000
0.000000 0.000000
0.000000 0.000000
0.000000 0.000000
0.000000 0.000000
0.000000 0.000000
0.000000 0.000000
0.000000 0.000000
0.000000 0.000000
0.000000 0.000000
0.000000 0.000000
0.000000 0.000000
0.000000 0.000000
0.000000 0.000000
0.000000 0.000000
0.000000 0.000000
0.000000 0.000000
0.000000 0.000000
0.000000 0.000000
0.000000 0.000000
0.000000 0.000000
0.000000 0.000000
0.000000 0.000000
0.000000 0.000000
0.000000 0.000000
0.000000 0.000000
0.000000 0.000000
0.000000 0.000000
0.000000 0.000000
0.000000 0.000000
0.000000 0.000000
0.000000 0.000000
0.000000 0.000000
0.000000 0.000000
0.000000 0.000000
0.000000 0.000000
0.000000 0.000000
0.000000 0.000000
0.000000 0.000000
0.000000 0.000000
0.000000 0.000000
0.000000 0.000000
0.000000 0.000000
0.000000 0.000000
0.000000 0.000000
0.000000 0.000000
0.000000 0.000000
0.000000 0.000000
0.000000 0.000000
0.000000 0.000000
0.000000 0.000000
0.000000 0.000000
0.000000 0.000000
0.000000 0.000000
0.000000 0.000000
0.000000 0.000000
0.000000 0.000000
0.000000 0.000000
0.000000 0.000000
0.000000 0.000000
0.000000 0.000000
0.000000 0.000000
0.000000 0.000000
0.000000 0.000000
0.000000 0.000000
0.000000 0.000000
0.000000 0.000000
0.000000 0.000000
0.000000 0.000000
0.000000 0.000000
0.000000 0.000000
0.000000 0.000000
0.000000 0.000000
0.000000 0.000000
0.000000 0.000000
0.000000 0.000000
0.000000 0.000000
0.000000 0.000000
0.000000 0.000000
0.000000 0.000000
0.000000 0.000000
0.000000 0.000000
0.000000 0.000000
0.000000 0.000000
0.000000 0.000000
0.000000 0.000000
0.000000 0.000000
0.000000 0.000000
0.000000 0.000000
0.000000 0.000000
0.000000 0.000000
0.000000 0.000000
10.654461 0.000000
21.223344 0.000000
31.706649 0.000000
42.104376 0.000000
52.416525 0.000000
72.784089 0.000000
122.205384 0.000000
155.516730 0.000000
218.930226 0.000000
270.020274 0.000000
314.071624 0.000000
364.530570 0.000000
425.633229 0.000000
502.471745 0.000000
590.916536 0.000000
647.419263 0.000000
650.745601 0.000000
516.691514 0.000000
199.017685 0.000000
57.351854 0.000000
0.000000 0.000000
0.000000 0.000000
0.000000 0.000000
0.000000 0.000000
0.000000 0.000000
0.000000 0.000000
0.000000 0.000000
0.000000 0.000000
0.000000 0.000000
0.000000 0.000000
0.000000 0.000000
0.000000 0.000000
0.000000 0.000000
0.000000 0.000000
0.000000 0.000000
0.000000 0.000000
0.000000 0.000000
0.000000 0.000000
0.000000 0.000000
0.000000 0.000000
0.000000 0.000000
0.000000 0.000000
0.000000 0.000000
0.000000 0.000000
0.000000 0.000000
0.000000 0.000000
0.000000 0.000000
0.000000 0.000000
0.000000 0.000000
0.000000 0.000000
0.000000 0.000000
0.000000 0.000000
0.000000 0.000000
0.000000 0.000000
0.000000 0.000000
0.000000 0.000000
0.000000 0.000000
0.000000 0.000000
0.000000 0.000000
0.000000 0.000000
0.000000 0.000000
0.000000 0.000000
0.000000 0.000000
0.000000 0.000000
0.000000 0.000000
0.000000 0.000000
0.000000 0.000000
0.000000 0.000000
0.000000 0.000000
0.000000 0.000000
0.000000 0.000000
0.000000 0.000000
0.000000 0.000000
0.000000 0.000000
0.000000 0.000000
0.000000 0.000000
0.000000 0.000000
0.000000 0.000000
0.000000 0.000000
0.000000 0.000000
0.000000 0.000000
0.000000 0.000000
0.000000 0.000000
0.000000 0.000000
0.000000 0.000000
0.000000 0.000000
0.000000 0.000000
0.000000 0.000000
0.000000 0.000000
0.000000 0.000000
0.000000 0.000000
1946.147350 0.000000
3876.662994 0.000000
5791.546932 0.000000
10508.414060 0.000000
13286.949692 0.000000
20516.613463 0.000000
23154.463748 0.000000
30016.782444 0.000000
38922.946550 0.000000
47258.553421 0.000000
60041.380754 0.000000
66188.548955 0.000000
77699.346055 0.000000
93532.309800 0.000000
102184.458796 0.000000
105337.178395 0.000000
95924.937771 0.000000
70827.431897 0.000000
60897.509977 0.000000
30339.491723 0.000000
7649.680180 0.000000
225.766147 0.000000
329.059603 0.000000
431.514538 0.000000
533.130951 0.000000
753.245976 0.000000
1387.219275 0.000000
1790.722972 0.000000
2411.006994 0.000000
2888.742922 0.000000
3917.725415 0.000000
4796.042667 0.000000
5762.792997 0.000000
6810.197740 0.000000
7974.932838 0.000000
8897.831995 0.000000
9891.801839 0.000000
10475.566893 0.000000
9105.317552 0.000000
4763.939071 0.000000
2542.771663 0.000000
3179.146922 0.000000
3816.460851 0.000000
4624.600671 0.000000
5102.256239 0.000000
5253.446415 0.000000
4881.039440 0.000000
5438.842343 0.000000
5622.092338 0.000000
6120.749111 0.000000
6384.842181 0.000000
6738.845693 0.000000
6243.535231 0.000000
7182.647142 0.000000
8250.784586 0.000000
9092.663758 0.000000
8934.176577 0.000000
8926.625381 0.000000
8891.475484 0.000000
8224.788317 0.000000
6748.852390 0.000000
7256.252605 0.000000
6877.659336 0.000000
5525.954392 0.000000
6603.261483 0.000000
7104.227071 0.000000
7140.959596 0.000000
7648.707088 0.000000
8877.023849 0.000000
9874.332777 0.000000
10479.819561 0.000000
9910.954874 0.000000
7255.799796 0.000000
3505.638543 0.000000
797.036576 0.000000
395.325545 0.000000
561.548181 0.000000
721.938444 0.000000
987.309279 0.000000
1238.263721 0.000000
1491.014494 0.000000
1774.317550 0.000000
2192.134704 0.000000
2603.135220 0.000000
2997.662547 0.000000
3298.025644 0.000000
3470.881151 0.000000
3452.004427 0.000000
3472.696688 0.000000
3754.313874 0.000000
3916.854494 0.000000
3759.964493 0.000000
4031.784058 0.000000
4226.227790 0.000000
4058.029610 0.000000
4100.810350 0.000000
3998.973501 0.000000
3317.541808 0.000000
2042.934921 0.000000
2052.511945 0.000000
2388.772669 0.000000
2765.603962 0.000000
3288.245884 0.000000
3901.928867 0.000000
4114.239234 0.000000
4368.467199 0.000000
4635.172995 0.000000
4792.561782 0.000000
4675.489979 0.000000
3781.085398 0.000000
3124.610060 0.000000
2787.857052 0.000000
1775.840634 0.000000
902.696639 0.000000
115.973713 0.000000
45.334928 0.000000
61.149939 0.000000
72.028674 0.000000
85.458416 0.000000
109.101448 0.000000
127.387240 0.000000
161.889915 0.000000
204.672299 0.000000
233.385912 0.000000
255.750463 0.000000
269.968292 0.000000
260.197633 0.000000
220.839735 0.000000
108.207034 0.000000
71.659992 0.000000
0.906858 0.000000
0.000000 0.000000
0.000000 0.000000
17.618493 0.000000
35.095472 0.000000
52.430937 0.000000
86.677325 0.000000
86.677325 0.000000
141.009874 0.000000
210.682970 0.000000
246.931867 0.000000
337.024591 0.000000
420.702813 0.000000
531.914636 0.000000
613.054434 0.000000
748.021005 0.000000
870.324366 0.000000
1024.414829 0.000000
1214.459663 0.000000
1361.006526 0.000000
1434.145539 0.000000
1478.940472 0.000000
1406.859575 0.000000
1533.564392 0.000000
1533.055515 0.000000
1698.380110 0.000000
1757.509162 0.000000
1711.868460 0.000000
1351.951527 0.000000
886.380376 0.000000
1190.778736 0.000000
1632.330571 0.000000
1997.433205 0.000000
2301.972266 0.000000
2786.553544 0.000000
3453.135019 0.000000
4050.219327 0.000000
4361.554987 0.000000
4177.710836 0.000000
3315.746209 0.000000
2173.762695 0.000000
2396.000340 0.000000
2450.677085 0.000000
2144.763499 0.000000
1289.594133 0.000000
407.040391 0.000000
67.293570 0.000000
103.552694 0.000000
162.064921 0.000000
225.142529 0.000000
341.478996 0.000000
411.493825 0.000000
490.261506 0.000000
587.371198 0.000000
743.505243 0.000000
882.770941 0.000000
1064.072576 0.000000
1193.547974 0.000000
1279.435923 0.000000
1300.871493 0.000000
1306.268645 0.000000
1234.600724 0.000000
914.136981 0.000000
656.415290 0.000000
405.698116 0.000000
75.833315 0.000000
85.949147 0.000000
103.557351 0.000000
125.091626 0.000000
161.468150 0.000000
177.298651 0.000000
206.071351 0.000000
228.165215 0.000000
283.121496 0.000000
329.959771 0.000000
363.832791 0.000000
387.328143 0.000000
376.578846 0.000000
316.775382 0.000000
293.004525 0.000000
239.310216 0.000000
210.815979 0.000000
153.871716 0.000000
137.457395 0.000000
174.479582 0.000000
222.313558 0.000000
268.400174 0.000000
350.071039 0.000000
396.031642 0.000000
476.689763 0.000000
557.471345 0.000000
658.542668 0.000000
737.849919 0.000000
815.811208 0.000000
837.490749 0.000000
737.381289 0.000000
350.187988 0.000000
124.036288 0.000000
0.000000 0.000000
0.000000 0.000000
0.000000 0.000000
0.000000 0.000000
0.000000 0.000000
0.000000 0.000000
0.000000 0.000000
0.000000 0.000000
11.107143 0.000000
22.125072 0.000000
38.473659 0.000000
49.268552 0.000000
86.314779 0.000000
101.815824 0.000000
127.219616 0.000000
157.061687 0.000000
216.489600 0.000000
272.371227 0.000000
314.747832 0.000000
369.971408 0.000000
431.372928 0.000000
485.771271 0.000000
593.965563 0.000000
653.225608 0.000000
688.592691 0.000000
648.517832 0.000000
493.589992 0.000000
189.937376 0.000000
5.530896 0.000000
0.000000 0.000000
0.000000 0.000000
0.000000 0.000000
0.000000 0.000000
0.000000 0.000000
0.000000 0.000000
0.000000 0.000000
0.000000 0.000000
0.000000 0.000000
0.000000 0.000000
0.000000 0.000000
0.000000 0.000000
0.000000 0.000000
0.000000 0.000000
0.000000 0.000000
0.000000 0.000000
0.000000 0.000000
0.000000 0.000000
0.000000 0.000000
0.000000 0.000000
0.000000 0.000000
0.000000 0.000000
0.000000 0.000000
0.000000 0.000000
0.000000 0.000000
0.000000 0.000000
0.000000 0.000000
0.000000 0.000000
0.000000 0.000000
0.000000 0.000000
0.000000 0.000000
0.000000 0.000000
0.000000 0.000000
926.395696 0.000000
1845.350462 0.000000
3660.937208 0.000000
4557.569186 0.000000
6328.510356 0.000000
7202.819547 0.000000
8069.687808 0.000000
9355.108398 0.000000
11044.199344 0.000000
14733.040087 0.000000
18658.130279 0.000000
22741.340360 0.000000
29601.877221 0.000000
35455.617180 0.000000
40476.224545 0.000000
48195.567376 0.000000
52583.702057 0.000000
56677.002426 0.000000
56281.283150 0.000000
46312.111180 0.000000
21909.654457 0.000000
6019.313416 0.000000
0.000000 0.000000
0.000000 0.000000
0.000000 0.000000
0.000000 0.000000
0.000000 0.000000
0.000000 0.000000
0.000000 0.000000
0.000000 0.000000
0.000000 0.000000
0.000000 0.000000
0.000000 0.000000
0.000000 0.000000
0.471357 0.000000
0.938928 0.000000
1.402713 0.000000
1.862712 0.000000
2.771352 0.000000
4.324443 0.000000
5.191439 0.000000
8.102667 0.000000
12.212732 0.000000
14.389960 0.000000
16.945240 0.000000
19.304153 0.000000
22.456326 0.000000
25.035969 0.000000
28.104549 0.000000
28.603818 0.000000
26.313478 0.000000
17.828990 0.000000
8.832549 0.000000
0.693936 0.000000
0.000000 0.000000
0.000000 0.000000
0.000000 0.000000
0.000000 0.000000
0.000000 0.000000
0.000000 0.000000
0.000000 0.000000
0.000000 0.000000
0.000000 0.000000
0.000000 0.000000
0.000000 0.000000
0.000000 0.000000
0.000000 0.000000
0.000000 0.000000
0.000000 0.000000
0.000000 0.000000
0.000000 0.000000
0.000000 0.000000
0.000000 0.000000
0.000000 0.000000
0.000000 0.000000
9.130332 0.000000
18.187328 0.000000
27.170988 0.000000
36.081312 0.000000
53.681952 0.000000
62.335600 0.000000
87.966532 0.000000
100.488654 0.000000
116.989254 0.000000
148.963750 0.000000
225.315693 0.000000
274.588318 0.000000
333.238784 0.000000
411.561632 0.000000
458.808350 0.000000
512.389465 0.000000
543.016412 0.000000
540.930877 0.000000
446.982845 0.000000
258.326457 0.000000
153.471174 0.000000
1.383504 0.000000
1.722350 0.000000
2.722016 0.000000
3.212007 0.000000
3.694968 0.000000
4.170899 0.000000
6.165310 0.000000
7.689864 0.000000
9.596392 0.000000
12.066879 0.000000
14.338936 0.000000
36.098457 0.000000
57.665508 0.000000
78.134351 0.000000
96.937639 0.000000
131.720932 0.000000
207.006672 0.000000
244.085797 0.000000
307.220789 0.000000
380.938342 0.000000
489.167784 0.000000
588.871140 0.000000
725.784728 0.000000
845.546205 0.000000
942.328189 0.000000
1072.732651 0.000000
1149.870275 0.000000
1164.744383 0.000000
982.011179 0.000000
550.573844 0.000000
579.243198 0.000000
603.344312 0.000000
597.600989 0.000000
532.908209 0.000000
328.960303 0.000000
125.217035 0.000000
152.536617 0.000000
191.157036 0.000000
227.016473 0.000000
260.151985 0.000000
290.613506 0.000000
299.441473 0.000000
280.634620 0.000000
222.772801 0.000000
95.456440 0.000000
7.248474 0.000000
0.000000 0.000000
0.000000 0.000000
0.000000 0.000000
0.000000 0.000000
0.000000 0.000000
0.000000 0.000000
0.000000 0.000000
0.000000 0.000000
0.000000 0.000000
0.000000 0.000000
0.000000 0.000000
0.000000 0.000000
0.000000 0.000000
0.000000 0.000000
0.000000 0.000000
0.000000 0.000000
0.000000 0.000000
0.000000 0.000000
0.000000 0.000000
0.000000 0.000000
0.000000 0.000000
0.000000 0.000000
0.000000 0.000000
0.000000 0.000000
0.000000 0.000000
0.000000 0.000000
0.000000 0.000000
0.000000 0.000000
0.000000 0.000000
0.000000 0.000000
0.000000 0.000000
0.000000 0.000000
0.000000 0.000000
0.000000 0.000000
0.000000 0.000000
0.000000 0.000000
0.000000 0.000000
0.000000 0.000000
0.000000 0.000000
0.000000 0.000000
0.000000 0.000000
0.000000 0.000000
0.000000 0.000000
0.000000 0.000000
0.000000 0.000000
0.000000 0.000000
0.000000 0.000000
0.000000 0.000000
0.000000 0.000000
0.000000 0.000000
0.000000 0.000000
0.000000 0.000000
0.000000 0.000000
0.000000 0.000000
0.000000 0.000000
0.000000 0.000000
0.000000 0.000000
0.000000 0.000000
0.000000 0.000000
0.000000 0.000000
0.000000 0.000000
0.000000 0.000000
0.000000 0.000000
0.000000 0.000000
0.000000 0.000000
0.000000 0.000000
0.000000 0.000000
0.000000 0.000000
0.000000 0.000000
0.000000 0.000000
0.000000 0.000000
0.000000 0.000000
0.000000 0.000000
0.000000 0.000000
0.000000 0.000000
0.000000 0.000000
0.000000 0.000000
0.000000 0.000000
0.000000 0.000000
0.000000 0.000000
0.000000 0.000000
0.000000 0.000000
0.000000 0.000000
0.000000 0.000000
0.000000 0.000000
0.000000 0.000000
0.000000 0.000000
0.000000 0.000000
0.000000 0.000000
0.000000 0.000000
0.000000 0.000000
0.000000 0.000000
0.000000 0.000000
0.000000 0.000000
0.000000 0.000000
0.000000 0.000000
0.000000 0.000000
0.000000 0.000000
0.000000 0.000000
0.000000 0.000000
0.000000 0.000000
0.000000 0.000000
0.000000 0.000000
0.000000 0.000000
0.000000 0.000000
0.000000 0.000000
0.000000 0.000000
0.000000 0.000000
0.000000 0.000000
0.000000 0.000000
0.000000 0.000000
0.000000 0.000000
0.000000 0.000000
0.000000 0.000000
0.000000 0.000000
0.000000 0.000000
0.000000 0.000000
0.000000 0.000000
0.000000 0.000000
0.000000 0.000000
0.000000 0.000000
0.000000 0.000000
0.000000 0.000000
0.000000 0.000000
0.000000 0.000000
0.000000 0.000000
9.246117 0.000000
18.417968 0.000000
27.515553 0.000000
45.487925 0.000000
63.163233 0.000000
80.541477 0.000000
110.229423 0.000000
147.046896 0.000000
178.535672 0.000000
227.124287 0.000000
272.556584 0.000000
314.832563 0.000000
392.422112 0.000000
450.581787 0.000000
535.996790 0.000000
606.980981 0.000000
626.822984 0.000000
587.169528 0.000000
441.367991 0.000000
326.857332 0.000000
293.016830 0.000000
389.255048 0.000000
490.678652 0.000000
598.612071 0.000000
673.173885 0.000000
777.124738 0.000000
879.364340 0.000000
1027.944325 0.000000
1199.808521 0.000000
1342.980900 0.000000
1406.183829 0.000000
1372.626870 0.000000
975.015524 0.000000
729.984121 0.000000
785.609309 0.000000
756.750257 0.000000
582.763275 0.000000
180.246975 0.000000
291.229877 0.000000
337.564819 0.000000
366.044343 0.000000
410.204856 0.000000
470.086500 0.000000
608.948663 0.000000
810.180098 0.000000
891.658654 0.000000
842.665672 0.000000
764.267430 0.000000
831.504754 0.000000
5.830099 0.000000
8.709886 0.000000
8.709886 0.000000
14.398935 0.000000
24.125717 0.000000
104.321503 0.000000
177.122744 0.000000
245.455088 0.000000
321.470573 0.000000
402.048560 0.000000
541.696622 0.000000
754.932247 0.000000
971.444277 0.000000
1238.411413 0.000000
1409.917004 0.000000
1682.663091 0.000000
2069.535322 0.000000
2233.301319 0.000000
2706.060310 0.000000
3172.284483 0.000000
3690.795510 0.000000
4129.924089 0.000000
4313.502438 0.000000
4127.564784 0.000000
2760.103487 0.000000
2191.860669 0.000000
2151.771919 0.000000
1805.571391 0.000000
836.616198 0.000000
833.067140 0.000000
982.057764 0.000000
1150.281550 0.000000
1240.274736 0.000000
1249.475739 0.000000
1128.867992 0.000000
744.129330 0.000000
821.561342 0.000000
538.591721 0.000000
541.678038 0.000000
276.305062 0.000000
87.218687 0.000000
65.299146 0.000000
87.770042 0.000000
114.521710 0.000000
139.520502 0.000000
174.856841 0.000000
203.449349 0.000000
242.526577 0.000000
259.224039 0.000000
259.971144 0.000000
219.137440 0.000000
194.686216 0.000000
208.973507 0.000000
213.356592 0.000000
226.394264 0.000000
214.814254 0.000000
152.589170 0.000000
45.085868 0.000000
23.651785 0.000000
0.000000 0.000000
0.000000 0.000000
0.000000 0.000000
0.000000 0.000000
0.000000 0.000000
0.000000 0.000000
0.000000 0.000000
0.000000 0.000000
0.000000 0.000000
0.000000 0.000000
0.000000 0.000000
0.000000 0.000000
0.000000 0.000000
0.000000 0.000000
0.000000 0.000000
0.000000 0.000000
0.000000 0.000000
0.000000 0.000000
0.000000 0.000000
0.000000 0.000000
0.000000 0.000000
0.000000 0.000000
0.000000 0.000000
0.000000 0.000000
0.000000 0.000000
0.000000 0.000000
0.000000 0.000000
0.000000 0.000000
0.000000 0.000000
0.000000 0.000000
0.000000 0.000000
0.000000 0.000000
0.000000 0.000000
0.000000 0.000000
0.000000 0.000000
0.000000 0.000000
0.000000 0.000000
