1160080.085641 0.000000
1113117.731639 0.000000
1028658.851541 0.000000
927960.270393 0.000000
887603.352623 0.000000
823329.655764 0.000000
751497.082347 0.000000
664188.461117 0.000000
568581.049503 0.000000
581077.806200 0.000000
526756.283943 0.000000
571773.662866 0.000000
503371.158110 0.000000
379951.763585 0.000000
381830.724646 0.000000
439916.161581 0.000000
420446.151488 0.000000
404741.388384 0.000000
394787.283770 0.000000
354785.495866 0.000000
306824.473140 0.000000
277036.098460 0.000000
267613.788169 0.000000
218753.959271 0.000000
176218.829237 0.000000
160417.180487 0.000000
184271.490359 0.000000
190879.032222 0.000000
192209.285187 0.000000
202312.081292 0.000000
210942.144675 0.000000
208667.665682 0.000000
163536.164083 0.000000
116758.579035 0.000000
97046.110009 0.000000
113954.783844 0.000000
125215.767582 0.000000
124683.765270 0.000000
117515.471256 0.000000
104202.153093 0.000000
86254.138459 0.000000
86412.140894 0.000000
66891.032887 0.000000
47773.192682 0.000000
52179.902474 0.000000
59627.125962 0.000000
62080.067596 0.000000
59478.073210 0.000000
58068.128554 0.000000
72577.771158 0.000000
85250.631758 0.000000
84546.278412 0.000000
89708.406286 0.000000
86118.566825 0.000000
90020.695254 0.000000
48225.024603 0.000000
19263.986136 0.000000
26241.482095 0.000000
34215.550562 0.000000
62639.450884 0.000000
80537.498210 0.000000
94821.206588 0.000000
114179.632562 0.000000
122363.686434 0.000000
125889.475149 0.000000
141878.469619 0.000000
156370.744454 0.000000
164694.758686 0.000000
167112.801935 0.000000
164545.583525 0.000000
161412.935715 0.000000
138981.771138 0.000000
105061.686199 0.000000
96063.467266 0.000000
104031.237934 0.000000
113372.395390 0.000000
114918.974921 0.000000
104931.115524 0.000000
111493.085830 0.000000
105801.796362 0.000000
91044.395005 0.000000
83363.918801 0.000000
82786.349397 0.000000
85236.844525 0.000000
81459.604298 0.000000
87888.086131 0.000000
90289.327865 0.000000
74256.169884 0.000000
80102.929219 0.000000
75902.219627 0.000000
71259.882062 0.000000
60041.424195 0.000000
57104.912000 0.000000
56152.667658 0.000000
60903.548187 0.000000
67967.809758 0.000000
72031.392138 0.000000
61037.904946 0.000000
35940.266280 0.000000
46215.101430 0.000000
54494.709181 0.000000
59359.475811 0.000000
62404.895573 0.000000
58667.726933 0.000000
53747.297256 0.000000
48282.260195 0.000000
54739.235864 0.000000
67524.058390 0.000000
73412.425844 0.000000
73902.628445 0.000000
66399.493178 0.000000
47436.723740 0.000000
38741.589759 0.000000
39911.119371 0.000000
34876.793706 0.000000
19119.149508 0.000000
11226.417606 0.000000
6468.990517 0.000000
5350.827848 0.000000
7356.995346 0.000000
9527.445376 0.000000
12032.669683 0.000000
13779.815504 0.000000
14610.076651 0.000000
17350.146785 0.000000
18662.470548 0.000000
21557.329681 0.000000
21993.070036 0.000000
19458.269334 0.000000
16515.528569 0.000000
16391.912251 0.000000
19464.031640 0.000000
20285.228010 0.000000
20309.645173 0.000000
18250.543827 0.000000
19001.519616 0.000000
17232.051554 0.000000
11784.573185 0.000000
9223.006971 0.000000
9694.461403 0.000000
9484.170281 0.000000
8009.859334 0.000000
7801.437102 0.000000
7083.159120 0.000000
6511.713695 0.000000
7113.656774 0.000000
6897.832434 0.000000
5682.209944 0.000000
2232.914750 0.000000
62.054487 0.000000
122.228439 0.000000
179.895143 0.000000
8251.629084 0.000000
16182.363336 0.000000
16206.496811 0.000000
31472.271055 0.000000
53106.642232 0.000000
63352.253797 0.000000
80846.592081 0.000000
97799.997170 0.000000
110446.687867 0.000000
138881.321140 0.000000
157464.460812 0.000000
171825.566901 0.000000
169976.051450 0.000000
141957.843391 0.000000
101728.604873 0.000000
49034.844135 0.000000
35194.341408 0.000000
12429.362751 0.000000
11409.015348 0.000000
14874.373362 0.000000
16636.132768 0.000000
17492.348012 0.000000
14191.008296 0.000000
5532.360660 0.000000
1538.447400 0.000000
1805.111616 0.000000
2338.836837 0.000000
2620.885252 0.000000
2728.149086 0.000000
3399.915528 0.000000
3962.514295 0.000000
4303.086165 0.000000
4062.059158 0.000000
2425.861214 0.000000
889.763683 0.000000
33.687380 0.000000
48.303929 0.000000
1825.579247 0.000000
3564.268285 0.000000
5272.414808 0.000000
8578.514056 0.000000
11739.351890 0.000000
17600.351510 0.000000
22247.059118 0.000000
25877.316286 0.000000
32607.046195 0.000000
38864.360938 0.000000
43633.925929 0.000000
44173.208697 0.000000
39101.177579 0.000000
24854.779637 0.000000
3521.648017 0.000000
565.139496 0.000000
592.499577 0.000000
624.757106 0.000000
896.810347 0.000000
1026.637125 0.000000
1076.667684 0.000000
1187.746956 0.000000
1504.000876 0.000000
1569.701301 0.000000
1585.045532 0.000000
1514.325032 0.000000
879.220277 0.000000
1080.408574 0.000000
1376.801322 0.000000
1827.734462 0.000000
2091.271936 0.000000
2267.121111 0.000000
2398.325427 0.000000
2382.646151 0.000000
1535.217103 0.000000
1423.812616 0.000000
959.619871 0.000000
935.279551 0.000000
1081.405976 0.000000
1244.446065 0.000000
1526.032701 0.000000
1951.749906 0.000000
2311.142809 0.000000
2483.764220 0.000000
2350.458048 0.000000
2145.179904 0.000000
1551.003898 0.000000
469.635324 0.000000
0.000000 0.000000
0.000000 0.000000
0.000000 0.000000
0.000000 0.000000
0.000000 0.000000
0.000000 0.000000
0.000000 0.000000
0.000000 0.000000
0.000000 0.000000
0.000000 0.000000
1.453023 0.000000
2.876692 0.000000
4.271007 0.000000
5.635968 0.000000
6.971575 0.000000
70.979353 0.000000
73.738965 0.000000
76.300277 0.000000
141.138174 0.000000
142.929190 0.000000
205.125744 0.000000
209.370174 0.000000
213.513065 0.000000
273.170267 0.000000
383.706913 0.000000
374.664257 0.000000
422.904095 0.000000
13.356876 0.000000
0.000000 0.000000
0.000000 0.000000
0.000000 0.000000
0.000000 0.000000
0.000000 0.000000
0.000000 0.000000
0.000000 0.000000
0.000000 0.000000
0.000000 0.000000
0.000000 0.000000
0.000000 0.000000
0.000000 0.000000
0.000000 0.000000
0.000000 0.000000
0.000000 0.000000
94.706469 0.000000
187.499676 0.000000
278.379621 0.000000
367.346304 0.000000
454.399725 0.000000
622.766781 0.000000
860.967900 0.000000
1010.202336 0.000000
1250.795136 0.000000
1372.287329 0.000000
1559.069526 0.000000
1838.166617 0.000000
2148.354214 0.000000
2226.797702 0.000000
1855.700518 0.000000
1275.078054 0.000000
1273.240706 0.000000
902.540806 0.000000
434.070111 0.000000
181.161801 0.000000
107.621100 0.000000
135.243849 0.000000
180.265311 0.000000
214.943226 0.000000
257.991674 0.000000
286.870001 0.000000
298.708344 0.000000
247.947159 0.000000
101.343486 0.000000
2.959605 0.000000
5.859420 0.000000
8.699445 0.000000
11.479680 0.000000
18.161256 0.000000
26.875685 0.000000
34.723225 0.000000
41.912988 0.000000
48.355369 0.000000
59.521165 0.000000
66.867819 0.000000
71.658381 0.000000
69.595392 0.000000
50.910509 0.000000
36.171804 0.000000
36.534150 0.000000
31.601430 0.000000
14.849122 0.000000
15.091819 0.000000
16.840559 0.000000
99.435785 0.000000
178.389877 0.000000
253.976010 0.000000
397.866792 0.000000
462.446224 0.000000
708.556501 0.000000
957.148980 0.000000
1084.097756 0.000000
1195.169520 0.000000
1510.702375 0.000000
1631.324244 0.000000
1785.349021 0.000000
1919.111659 0.000000
1769.140981 0.000000
1557.468662 0.000000
1381.033448 0.000000
948.436192 0.000000
342.714724 0.000000
101.339218 0.000000
0.000000 0.000000
0.000000 0.000000
0.000000 0.000000
0.000000 0.000000
0.000000 0.000000
0.000000 0.000000
0.000000 0.000000
0.000000 0.000000
0.000000 0.000000
0.000000 0.000000
0.000000 0.000000
0.000000 0.000000
0.000000 0.000000
0.000000 0.000000
0.000000 0.000000
0.000000 0.000000
0.000000 0.000000
0.000000 0.000000
0.000000 0.000000
0.000000 0.000000
0.000000 0.000000
0.000000 0.000000
0.000000 0.000000
0.000000 0.000000
0.000000 0.000000
0.000000 0.000000
117.443601 0.000000
232.514604 0.000000
345.213009 0.000000
455.538816 0.000000
563.492025 0.000000
873.116064 0.000000
1067.669100 0.000000
1207.059271 0.000000
1551.086046 0.000000
1963.324961 0.000000
2213.634084 0.000000
2381.495479 0.000000
2713.659150 0.000000
2791.954839 0.000000
2756.069056 0.000000
2411.448829 0.000000
1517.462580 0.000000
1557.946603 0.000000
1456.387395 0.000000
835.868962 0.000000
318.488482 0.000000
426.313846 0.000000
477.951001 0.000000
601.203935 0.000000
737.673493 0.000000
1033.665040 0.000000
1191.520173 0.000000
1368.944969 0.000000
1500.524231 0.000000
1448.479405 0.000000
1089.797162 0.000000
616.880451 0.000000
141.080051 0.000000
0.000000 0.000000
0.000000 0.000000
0.000000 0.000000
0.000000 0.000000
0.000000 0.000000
0.000000 0.000000
0.000000 0.000000
0.000000 0.000000
0.000000 0.000000
0.000000 0.000000
0.000000 0.000000
0.000000 0.000000
0.000000 0.000000
0.000000 0.000000
0.000000 0.000000
0.000000 0.000000
0.000000 0.000000
0.000000 0.000000
0.000000 0.000000
0.000000 0.000000
0.000000 0.000000
0.000000 0.000000
0.000000 0.000000
0.000000 0.000000
0.000000 0.000000
0.000000 0.000000
0.000000 0.000000
0.000000 0.000000
0.000000 0.000000
0.000000 0.000000
0.000000 0.000000
0.000000 0.000000
0.000000 0.000000
0.000000 0.000000
0.000000 0.000000
0.000000 0.000000
0.000000 0.000000
0.000000 0.000000
10.785753 0.000000
21.353612 0.000000
31.703577 0.000000
41.835648 0.000000
80.075961 0.000000
92.986062 0.000000
101.048066 0.000000
104.915649 0.000000
123.926811 0.000000
141.085889 0.000000
180.116142 0.000000
220.208670 0.000000
234.916706 0.000000
218.582708 0.000000
158.484349 0.000000
113.578310 0.000000
49.653103 0.000000
58.232744 0.000000
67.207314 0.000000
65.123607 0.000000
53.248151 0.000000
10.022848 0.000000
0.000000 0.000000
0.000000 0.000000
0.000000 0.000000
0.000000 0.000000
0.000000 0.000000
0.000000 0.000000
0.000000 0.000000
0.000000 0.000000
0.000000 0.000000
0.000000 0.000000
0.000000 0.000000
0.000000 0.000000
0.000000 0.000000
0.000000 0.000000
0.000000 0.000000
0.000000 0.000000
0.000000 0.000000
0.000000 0.000000
0.000000 0.000000
0.000000 0.000000
0.000000 0.000000
0.000000 0.000000
0.000000 0.000000
0.000000 0.000000
0.000000 0.000000
0.000000 0.000000
0.000000 0.000000
0.000000 0.000000
0.000000 0.000000
0.000000 0.000000
0.000000 0.000000
0.000000 0.000000
0.000000 0.000000
0.000000 0.000000
0.000000 0.000000
0.000000 0.000000
0.000000 0.000000
0.000000 0.000000
0.000000 0.000000
0.000000 0.000000
0.000000 0.000000
0.000000 0.000000
0.000000 0.000000
0.000000 0.000000
0.000000 0.000000
0.000000 0.000000
0.000000 0.000000
0.000000 0.000000
0.000000 0.000000
0.000000 0.000000
0.000000 0.000000
10.744569 0.000000
21.272076 0.000000
36.629166 0.000000
51.443604 0.000000
75.049059 0.000000
152.599440 0.000000
180.546075 0.000000
191.670477 0.000000
234.323168 0.000000
263.382324 0.000000
342.862923 0.000000
410.273274 0.000000
417.588458 0.000000
364.320309 0.000000
344.807979 0.000000
26.179461 0.000000
26.179461 0.000000
51.830044 0.000000
76.951749 0.000000
125.608525 0.000000
172.149789 0.000000
194.627104 0.000000
237.730741 0.000000
288.635281 0.000000
427.730289 0.000000
492.471396 0.000000
569.209958 0.000000
626.073204 0.000000
614.182178 0.000000
531.188123 0.000000
395.467168 0.000000
391.483043 0.000000
247.661529 0.000000
81.942880 0.000000
81.752046 0.000000
108.772031 0.000000
142.535030 0.000000
175.249085 0.000000
225.945977 0.000000
282.436616 0.000000
323.787058 0.000000
359.704461 0.000000
371.838793 0.000000
353.592431 0.000000
220.478759 0.000000
96.683877 0.000000
109.120433 0.000000
144.721054 0.000000
170.953261 0.000000
188.481596 0.000000
204.465247 0.000000
220.942763 0.000000
209.952190 0.000000
129.669084 0.000000
38.145600 0.000000
0.000000 0.000000
0.000000 0.000000
0.000000 0.000000
0.000000 0.000000
0.000000 0.000000
0.000000 0.000000
0.000000 0.000000
0.000000 0.000000
4.468959 0.000000
8.847636 0.000000
13.136031 0.000000
21.441975 0.000000
29.386791 0.000000
33.223776 0.000000
45.930929 0.000000
67.271296 0.000000
94.197911 0.000000
103.801674 0.000000
110.922684 0.000000
110.223091 0.000000
84.301089 0.000000
32.061960 0.000000
0.000000 0.000000
0.000000 0.000000
0.000000 0.000000
0.000000 0.000000
0.000000 0.000000
0.000000 0.000000
0.000000 0.000000
0.000000 0.000000
0.000000 0.000000
0.000000 0.000000
0.000000 0.000000
61.204671 0.000000
121.172884 0.000000
179.904639 0.000000
293.658775 0.000000
455.016544 0.000000
676.033374 0.000000
871.702824 0.000000
1039.551921 0.000000
1214.356120 0.000000
1304.019934 0.000000
1496.957408 0.000000
1524.040589 0.000000
1344.045824 0.000000
956.887398 0.000000
1007.260746 0.000000
973.436747 0.000000
763.598778 0.000000
642.570774 0.000000
762.992165 0.000000
889.881578 0.000000
1068.661714 0.000000
1179.166558 0.000000
1265.640879 0.000000
1240.088481 0.000000
1119.966336 0.000000
922.979436 0.000000
376.033914 0.000000
16.671303 0.000000
41.004622 0.000000
48.835036 0.000000
56.497054 0.000000
79.314807 0.000000
108.110616 0.000000
138.295690 0.000000
158.713705 0.000000
194.413833 0.000000
235.249948 0.000000
260.425233 0.000000
290.189386 0.000000
299.114526 0.000000
276.128685 0.000000
225.778537 0.000000
151.347676 0.000000
47.403949 0.000000
12.250809 0.000000
21.870475 0.000000
30.942849 0.000000
39.467931 0.000000
50.518944 0.000000
60.507094 0.000000
80.104636 0.000000
151.065583 0.000000
192.727031 0.000000
206.435888 0.000000
215.606024 0.000000
238.015731 0.000000
316.733138 0.000000
395.195183 0.000000
496.787067 0.000000
573.948756 0.000000
590.804417 0.000000
703.637821 0.000000
773.415199 0.000000
388.536845 0.000000
374.521257 0.000000
50.685226 0.000000
12.800606 0.000000
25.342613 0.000000
37.626022 0.000000
49.650834 0.000000
72.924662 0.000000
84.173679 0.000000
121.476492 0.000000
160.007673 0.000000
224.657226 0.000000
265.063167 0.000000
300.426443 0.000000
316.718061 0.000000
316.200772 0.000000
271.721673 0.000000
77.837437 0.000000
0.000000 0.000000
0.000000 0.000000
0.000000 0.000000
0.000000 0.000000
0.000000 0.000000
0.000000 0.000000
0.000000 0.000000
0.000000 0.000000
0.000000 0.000000
0.000000 0.000000
0.000000 0.000000
0.000000 0.000000
0.000000 0.000000
0.000000 0.000000
0.000000 0.000000
0.000000 0.000000
0.000000 0.000000
0.000000 0.000000
0.000000 0.000000
0.000000 0.000000
0.000000 0.000000
0.000000 0.000000
0.000000 0.000000
0.000000 0.000000
0.000000 0.000000
0.000000 0.000000
6.973560 0.000000
13.806240 0.000000
27.048960 0.000000
39.728160 0.000000
51.843840 0.000000
68.890320 0.000000
79.385880 0.000000
91.818540 0.000000
107.280120 0.000000
136.301400 0.000000
156.819588 0.000000
161.258466 0.000000
151.912148 0.000000
106.055880 0.000000
86.283343 0.000000
85.589165 0.000000
60.884947 0.000000
21.848994 0.000000
30.208136 0.000000
36.728363 0.000000
42.044796 0.000000
43.447003 0.000000
42.418519 0.000000
30.131184 0.000000
14.766400 0.000000
3.663847 0.000000
10.926631 0.000000
35.415798 0.000000
52.672864 0.000000
69.456633 0.000000
109.033885 0.000000
151.704437 0.000000
162.572464 0.000000
168.601481 0.000000
257.579204 0.000000
327.656854 0.000000
370.791785 0.000000
415.636655 0.000000
445.877434 0.000000
442.583037 0.000000
365.617898 0.000000
232.459093 0.000000
230.033067 0.000000
192.340296 0.000000
130.241856 0.000000
141.970823 0.000000
144.548828 0.000000
140.637205 0.000000
137.884919 0.000000
122.230306 0.000000
87.015712 0.000000
43.561616 0.000000
2.018446 0.000000
0.000000 0.000000
0.000000 0.000000
0.000000 0.000000
0.000000 0.000000
0.000000 0.000000
0.000000 0.000000
0.000000 0.000000
0.000000 0.000000
11.223036 0.000000
36.920824 0.000000
47.615056 0.000000
63.194290 0.000000
73.321701 0.000000
92.896339 0.000000
115.995613 0.000000
154.021600 0.000000
180.333081 0.000000
232.210860 0.000000
261.350160 0.000000
285.807537 0.000000
272.021259 0.000000
211.195581 0.000000
119.032200 0.000000
41.491224 0.000000
14.723194 0.000000
15.956071 0.000000
17.160606 0.000000
23.098079 0.000000
30.821025 0.000000
33.867711 0.000000
36.964045 0.000000
40.407471 0.000000
44.414265 0.000000
52.845692 0.000000
56.774484 0.000000
61.002560 0.000000
59.011461 0.000000
42.950529 0.000000
33.749393 0.000000
28.648157 0.000000
16.206894 0.000000
17.524725 0.000000
17.485812 0.000000
16.049482 0.000000
8.302501 0.000000
6.255117 0.000000
6.988566 0.000000
7.905312 0.000000
8.689182 0.000000
8.989416 0.000000
7.919255 0.000000
3.027021 0.000000
0.652096 0.000000
0.901505 0.000000
1.128764 0.000000
1.438421 0.000000
840.106759 0.000000
1661.585940 0.000000
1661.714416 0.000000
2466.089769 0.000000
4015.159724 0.000000
5128.020474 0.000000
8214.541302 0.000000
9579.881267 0.000000
11072.053007 0.000000
13025.663873 0.000000
15699.723555 0.000000
18012.518990 0.000000
18975.971618 0.000000
17476.635137 0.000000
13698.873521 0.000000
11872.103464 0.000000
8375.349968 0.000000
3980.015214 0.000000
1036.443488 0.000000
1052.985044 0.000000
1390.760173 0.000000
1778.583561 0.000000
2088.595810 0.000000
2697.167545 0.000000
3037.195107 0.000000
3452.728345 0.000000
3961.432823 0.000000
4114.772123 0.000000
3559.047010 0.000000
2653.706769 0.000000
2064.274698 0.000000
1716.790857 0.000000
1017.446335 0.000000
920.564706 0.000000
1082.883098 0.000000
1125.548498 0.000000
1081.748400 0.000000
768.927381 0.000000
416.593094 0.000000
287.628565 0.000000
288.176549 0.000000
251.401816 0.000000
125.859268 0.000000
118.077427 0.000000
135.930140 0.000000
172.614840 0.000000
179.857118 0.000000
164.514112 0.000000
173.111163 0.000000
210.818534 0.000000
273.937428 0.000000
330.647550 0.000000
394.996012 0.000000
442.130223 0.000000
501.932890 0.000000
554.730548 0.000000
540.496895 0.000000
417.649530 0.000000
710.986689 0.000000
563.839747 0.000000
1072.575332 0.000000
2061.491538 0.000000
3225.350524 0.000000
3450.715492 0.000000
4424.149189 0.000000
5805.875444 0.000000
7998.521036 0.000000
9210.678448 0.000000
10241.053268 0.000000
11404.216905 0.000000
11273.385281 0.000000
8098.828026 0.000000
6772.340737 0.000000
3432.759456 0.000000
1504.318859 0.000000
751.505708 0.000000
892.314146 0.000000
1295.754053 0.000000
1789.374644 0.000000
2335.205106 0.000000
3043.993647 0.000000
3543.942734 0.000000
3926.419568 0.000000
3677.534174 0.000000
2526.721535 0.000000
446.443818 0.000000
0.000000 0.000000
0.000000 0.000000
0.000000 0.000000
0.000000 0.000000
0.000000 0.000000
0.000000 0.000000
0.000000 0.000000
0.000000 0.000000
0.000000 0.000000
0.000000 0.000000
0.000000 0.000000
0.000000 0.000000
0.000000 0.000000
330.911757 0.000000
655.138428 0.000000
1413.051692 0.000000
2012.531290 0.000000
2767.088800 0.000000
3647.636540 0.000000
4349.992966 0.000000
5588.662841 0.000000
6646.452968 0.000000
7470.938078 0.000000
7836.629693 0.000000
8133.224990 0.000000
7577.313511 0.000000
5428.678703 0.000000
4618.092057 0.000000
3653.049017 0.000000
1908.153141 0.000000
1422.881037 0.000000
1570.579960 0.000000
1546.290892 0.000000
1431.804816 0.000000
1011.224091 0.000000
232.283231 0.000000
46.378053 0.000000
75.401661 0.000000
89.440254 0.000000
117.037976 0.000000
142.906844 0.000000
179.572756 0.000000
208.181361 0.000000
254.289136 0.000000
307.618069 0.000000
342.103843 0.000000
368.335284 0.000000
387.727780 0.000000
352.439844 0.000000
319.542864 0.000000
371.779482 0.000000
485.466475 0.000000
629.343187 0.000000
883.198546 0.000000
999.613644 0.000000
1200.607899 0.000000
1492.104927 0.000000
1773.276649 0.000000
2174.689539 0.000000
2456.077660 0.000000
2547.094319 0.000000
2336.724258 0.000000
1640.853380 0.000000
844.132164 0.000000
0.000000 0.000000
47.506338 0.000000
116.846397 0.000000
1347.446988 0.000000
2540.975142 0.000000
3698.988699 0.000000
4863.147368 0.000000
8082.173203 0.000000
11127.393227 0.000000
15266.498806 0.000000
18743.776423 0.000000
23091.484833 0.000000
25501.787036 0.000000
27822.171858 0.000000
28213.452395 0.000000
26986.634798 0.000000
20265.785876 0.000000
19527.347539 0.000000
18109.981105 0.000000
10190.813693 0.000000
787.123805 0.000000
0.000000 0.000000
0.000000 0.000000
0.000000 0.000000
0.000000 0.000000
0.000000 0.000000
0.000000 0.000000
5.315112 0.000000
