298071.279325 0.000000
279479.997961 0.000000
247227.635012 0.000000
222566.229570 0.000000
199734.870624 0.000000
174209.567123 0.000000
159688.806371 0.000000
141224.933326 0.000000
137727.008289 0.000000
105966.834767 0.000000
75149.868537 0.000000
64520.122922 0.000000
57771.527514 0.000000
57320.397174 0.000000
63908.845812 0.000000
54034.063857 0.000000
52146.031554 0.000000
58731.232864 0.000000
55878.237692 0.000000
54375.402846 0.000000
51249.719742 0.000000
52027.486247 0.000000
49384.797775 0.000000
47956.944091 0.000000
47866.777413 0.000000
49350.798041 0.000000
48815.487163 0.000000
44800.589446 0.000000
33216.069482 0.000000
19976.835336 0.000000
8095.095736 0.000000
15500.656494 0.000000
24660.475051 0.000000
31306.788926 0.000000
37290.889403 0.000000
32591.735871 0.000000
27853.821936 0.000000
21455.868583 0.000000
18255.367866 0.000000
18454.570158 0.000000
22356.958203 0.000000
24029.793257 0.000000
22864.141292 0.000000
21329.900362 0.000000
16120.478076 0.000000
5335.932640 0.000000
1727.415209 0.000000
2537.141087 0.000000
4448.296399 0.000000
6716.919821 0.000000
8535.695533 0.000000
9545.664244 0.000000
11174.707566 0.000000
11901.433917 0.000000
11018.615618 0.000000
6080.270807 0.000000
2514.709059 0.000000
4362.177155 0.000000
6912.557347 0.000000
8892.223426 0.000000
10311.877266 0.000000
11273.666883 0.000000
11250.716567 0.000000
9222.616750 0.000000
3477.225096 0.000000
0.000000 0.000000
0.000000 0.000000
0.000000 0.000000
0.000000 0.000000
1347.689532 0.000000
1347.689532 0.000000
2640.371328 0.000000
3878.045388 0.000000
5060.711712 0.000000
7261.021152 0.000000
9241.299648 0.000000
11799.159372 0.000000
14439.530700 0.000000
15429.669948 0.000000
17079.902028 0.000000
15842.227968 0.000000
8278.664268 0.000000
0.000000 0.000000
0.000000 0.000000
0.000000 0.000000
0.000000 0.000000
0.000000 0.000000
0.000000 0.000000
0.000000 0.000000
0.000000 0.000000
0.000000 0.000000
0.000000 0.000000
0.000000 0.000000
0.000000 0.000000
0.000000 0.000000
0.000000 0.000000
0.000000 0.000000
0.000000 0.000000
0.000000 0.000000
0.000000 0.000000
0.000000 0.000000
0.000000 0.000000
0.000000 0.000000
0.000000 0.000000
0.000000 0.000000
0.000000 0.000000
0.000000 0.000000
0.000000 0.000000
0.000000 0.000000
0.000000 0.000000
0.000000 0.000000
0.000000 0.000000
0.000000 0.000000
0.000000 0.000000
0.000000 0.000000
0.000000 0.000000
0.000000 0.000000
0.000000 0.000000
0.000000 0.000000
0.000000 0.000000
0.000000 0.000000
0.000000 0.000000
0.000000 0.000000
0.000000 0.000000
0.000000 0.000000
0.000000 0.000000
0.000000 0.000000
0.000000 0.000000
0.000000 0.000000
0.000000 0.000000
0.000000 0.000000
0.000000 0.000000
11.606532 0.000000
28.068858 0.000000
50.167932 0.000000
84.916338 0.000000
126.708247 0.000000
163.393042 0.000000
213.864755 0.000000
234.667708 0.000000
242.067406 0.000000
241.081403 0.000000
222.738659 0.000000
223.056711 0.000000
167.874161 0.000000
146.646463 0.000000
140.485169 0.000000
126.770887 0.000000
80.139874 0.000000
60.768207 0.000000
18.780671 0.000000
15.644452 0.000000
20.568685 0.000000
24.456237 0.000000
26.541378 0.000000
26.211525 0.000000
22.312193 0.000000
14.607771 0.000000
13.129327 0.000000
9.176988 0.000000
5.698811 0.000000
6.785556 0.000000
7.218476 0.000000
6.292214 0.000000
3.796187 0.000000
3.526685 0.000000
3.454527 0.000000
2.335399 0.000000
1.519620 0.000000
0.942369 0.000000
0.543301 0.000000
0.757530 0.000000
0.799492 0.000000
0.898877 0.000000
0.907711 0.000000
0.873110 0.000000
0.535940 0.000000
0.400482 0.000000
0.448334 0.000000
0.453487 0.000000
0.418514 0.000000
0.118116 0.000000
0.000000 0.000000
0.000000 0.000000
37.539194 0.000000
74.607443 0.000000
142.951970 0.000000
174.317849 0.000000
204.151515 0.000000
284.459243 0.000000
370.811677 0.000000
404.386938 0.000000
443.258241 0.000000
480.459447 0.000000
452.867556 0.000000
350.232470 0.000000
0.000000 0.000000
0.000000 0.000000
0.000000 0.000000
0.000000 0.000000
0.000000 0.000000
0.000000 0.000000
0.000000 0.000000
0.000000 0.000000
0.000000 0.000000
0.000000 0.000000
0.000000 0.000000
0.000000 0.000000
0.000000 0.000000
0.000000 0.000000
0.000000 0.000000
0.000000 0.000000
0.000000 0.000000
0.000000 0.000000
0.000000 0.000000
0.000000 0.000000
0.000000 0.000000
0.000000 0.000000
0.000000 0.000000
0.000000 0.000000
0.000000 0.000000
0.000000 0.000000
0.000000 0.000000
0.000000 0.000000
0.000000 0.000000
0.000000 0.000000
0.000000 0.000000
0.000000 0.000000
0.000000 0.000000
0.000000 0.000000
0.000000 0.000000
0.000000 0.000000
0.000000 0.000000
0.000000 0.000000
0.000000 0.000000
0.000000 0.000000
0.000000 0.000000
0.000000 0.000000
0.000000 0.000000
0.000000 0.000000
0.000000 0.000000
0.000000 0.000000
0.000000 0.000000
0.000000 0.000000
0.000000 0.000000
0.000000 0.000000
0.000000 0.000000
0.000000 0.000000
0.000000 0.000000
0.000000 0.000000
0.000000 0.000000
0.000000 0.000000
0.000000 0.000000
0.000000 0.000000
0.000000 0.000000
0.000000 0.000000
0.000000 0.000000
13.116467 0.000000
25.697568 0.000000
37.743303 0.000000
49.253672 0.000000
65.448474 0.000000
80.304864 0.000000
106.805487 0.000000
124.874082 0.000000
147.760968 0.000000
162.349722 0.000000
161.948231 0.000000
147.493403 0.000000
112.427016 0.000000
53.536800 0.000000
0.000000 0.000000
0.000000 0.000000
0.000000 0.000000
0.000000 0.000000
0.000000 0.000000
0.000000 0.000000
0.000000 0.000000
0.000000 0.000000
0.000000 0.000000
0.000000 0.000000
0.000000 0.000000
0.000000 0.000000
0.000000 0.000000
0.000000 0.000000
0.000000 0.000000
0.000000 0.000000
0.000000 0.000000
0.000000 0.000000
0.000000 0.000000
0.000000 0.000000
0.000000 0.000000
0.000000 0.000000
0.000000 0.000000
0.000000 0.000000
0.000000 0.000000
0.000000 0.000000
0.000000 0.000000
0.000000 0.000000
0.000000 0.000000
0.000000 0.000000
0.000000 0.000000
0.000000 0.000000
0.000000 0.000000
0.000000 0.000000
0.000000 0.000000
0.000000 0.000000
0.000000 0.000000
0.000000 0.000000
0.000000 0.000000
0.000000 0.000000
0.000000 0.000000
0.000000 0.000000
0.000000 0.000000
0.000000 0.000000
0.000000 0.000000
0.000000 0.000000
0.000000 0.000000
0.000000 0.000000
0.000000 0.000000
4.116245 0.000000
8.064480 0.000000
11.844705 0.000000
18.901125 0.000000
28.225680 0.000000
38.222301 0.000000
44.732691 0.000000
49.436970 0.000000
51.789075 0.000000
45.782661 0.000000
16.800800 0.000000
0.000000 0.000000
0.000000 0.000000
0.000000 0.000000
0.000000 0.000000
0.000000 0.000000
0.000000 0.000000
0.000000 0.000000
0.000000 0.000000
0.000000 0.000000
0.000000 0.000000
0.000000 0.000000
0.000000 0.000000
0.000000 0.000000
0.000000 0.000000
0.000000 0.000000
0.000000 0.000000
0.000000 0.000000
0.000000 0.000000
0.000000 0.000000
0.601377 0.000000
1.178208 0.000000
1.178208 0.000000
1.730493 0.000000
2.258232 0.000000
2.761425 0.000000
4.123728 0.000000
5.596488 0.000000
6.185592 0.000000
7.069248 0.000000
7.621533 0.000000
6.885153 0.000000
4.123728 0.000000
0.000000 0.000000
0.000000 0.000000
0.000000 0.000000
0.000000 0.000000
0.000000 0.000000
0.000000 0.000000
0.000000 0.000000
0.000000 0.000000
0.000000 0.000000
0.000000 0.000000
0.000000 0.000000
0.000000 0.000000
0.000000 0.000000
0.000000 0.000000
0.000000 0.000000
0.000000 0.000000
0.000000 0.000000
0.000000 0.000000
0.000000 0.000000
0.000000 0.000000
0.000000 0.000000
0.000000 0.000000
0.000000 0.000000
0.000000 0.000000
0.000000 0.000000
0.000000 0.000000
0.000000 0.000000
0.000000 0.000000
0.000000 0.000000
0.000000 0.000000
0.000000 0.000000
0.000000 0.000000
0.000000 0.000000
0.000000 0.000000
0.000000 0.000000
0.000000 0.000000
0.000000 0.000000
0.000000 0.000000
0.000000 0.000000
0.000000 0.000000
0.000000 0.000000
0.000000 0.000000
0.000000 0.000000
0.000000 0.000000
0.000000 0.000000
0.000000 0.000000
0.000000 0.000000
0.000000 0.000000
0.000000 0.000000
0.000000 0.000000
0.000000 0.000000
0.000000 0.000000
0.000000 0.000000
0.000000 0.000000
0.000000 0.000000
0.000000 0.000000
0.000000 0.000000
0.000000 0.000000
0.000000 0.000000
0.000000 0.000000
0.000000 0.000000
0.000000 0.000000
0.000000 0.000000
0.000000 0.000000
0.000000 0.000000
0.000000 0.000000
999.031208 0.000000
1957.285632 0.000000
2874.763272 0.000000
3751.464128 0.000000
4587.388200 0.000000
6850.499712 0.000000
8746.620168 0.000000
9806.816552 0.000000
11437.887912 0.000000
12559.249472 0.000000
12559.249472 0.000000
12008.762888 0.000000
9806.816552 0.000000
0.000000 0.000000
0.000000 0.000000
0.000000 0.000000
0.000000 0.000000
0.000000 0.000000
0.000000 0.000000
0.000000 0.000000
0.000000 0.000000
0.000000 0.000000
0.000000 0.000000
0.000000 0.000000
0.000000 0.000000
0.000000 0.000000
0.000000 0.000000
0.000000 0.000000
0.000000 0.000000
0.000000 0.000000
0.000000 0.000000
0.000000 0.000000
0.000000 0.000000
0.000000 0.000000
26.689859 0.000000
52.290336 0.000000
76.801431 0.000000
100.223144 0.000000
153.875189 0.000000
173.484066 0.000000
208.344261 0.000000
264.992114 0.000000
305.026904 0.000000
326.814600 0.000000
294.133224 0.000000
154.828701 0.000000
169.671558 0.000000
158.096853 0.000000
107.849016 0.000000
37.311402 0.000000
0.000000 0.000000
0.000000 0.000000
0.000000 0.000000
0.000000 0.000000
0.000000 0.000000
0.000000 0.000000
0.000000 0.000000
0.000000 0.000000
0.000000 0.000000
0.000000 0.000000
0.000000 0.000000
0.000000 0.000000
0.000000 0.000000
0.000000 0.000000
0.000000 0.000000
0.000000 0.000000
0.000000 0.000000
0.000000 0.000000
0.000000 0.000000
0.000000 0.000000
0.000000 0.000000
0.000000 0.000000
0.000000 0.000000
0.000000 0.000000
0.000000 0.000000
0.000000 0.000000
0.000000 0.000000
0.000000 0.000000
0.000000 0.000000
0.000000 0.000000
0.000000 0.000000
0.000000 0.000000
0.000000 0.000000
0.000000 0.000000
0.000000 0.000000
0.000000 0.000000
0.000000 0.000000
0.000000 0.000000
0.000000 0.000000
0.000000 0.000000
0.000000 0.000000
0.000000 0.000000
0.000000 0.000000
0.000000 0.000000
0.000000 0.000000
0.000000 0.000000
0.000000 0.000000
0.000000 0.000000
0.000000 0.000000
0.000000 0.000000
0.000000 0.000000
0.000000 0.000000
0.000000 0.000000
0.000000 0.000000
0.000000 0.000000
0.000000 0.000000
0.000000 0.000000
0.000000 0.000000
0.000000 0.000000
0.000000 0.000000
0.000000 0.000000
0.000000 0.000000
0.000000 0.000000
0.000000 0.000000
0.000000 0.000000
0.000000 0.000000
0.000000 0.000000
0.000000 0.000000
0.000000 0.000000
0.000000 0.000000
0.000000 0.000000
0.000000 0.000000
0.000000 0.000000
0.000000 0.000000
0.000000 0.000000
0.000000 0.000000
0.000000 0.000000
0.000000 0.000000
0.000000 0.000000
0.000000 0.000000
0.000000 0.000000
0.000000 0.000000
0.000000 0.000000
0.000000 0.000000
0.000000 0.000000
0.000000 0.000000
0.000000 0.000000
0.000000 0.000000
0.000000 0.000000
0.000000 0.000000
0.000000 0.000000
0.000000 0.000000
0.000000 0.000000
0.000000 0.000000
0.000000 0.000000
0.000000 0.000000
0.000000 0.000000
0.000000 0.000000
0.000000 0.000000
0.000000 0.000000
0.000000 0.000000
0.000000 0.000000
0.000000 0.000000
0.000000 0.000000
0.000000 0.000000
0.000000 0.000000
0.000000 0.000000
0.000000 0.000000
0.000000 0.000000
0.000000 0.000000
0.000000 0.000000
0.000000 0.000000
0.000000 0.000000
0.000000 0.000000
0.000000 0.000000
0.000000 0.000000
0.000000 0.000000
0.000000 0.000000
0.000000 0.000000
0.000000 0.000000
0.000000 0.000000
0.000000 0.000000
0.000000 0.000000
0.000000 0.000000
0.000000 0.000000
0.000000 0.000000
0.000000 0.000000
0.000000 0.000000
0.000000 0.000000
0.000000 0.000000
0.000000 0.000000
6.102509 0.000000
11.955936 0.000000
22.915544 0.000000
28.021725 0.000000
32.878824 0.000000
37.486841 0.000000
49.816400 0.000000
53.428089 0.000000
62.768664 0.000000
73.354649 0.000000
77.339961 0.000000
70.117069 0.000000
45.244533 0.000000
31.144352 0.000000
48.482468 0.000000
67.694733 0.000000
77.544284 0.000000
85.190214 0.000000
94.788205 0.000000
99.296441 0.000000
96.172838 0.000000
89.715023 0.000000
73.643706 0.000000
2.831740 0.000000
0.000000 0.000000
0.000000 0.000000
0.000000 0.000000
0.000000 0.000000
0.000000 0.000000
0.000000 0.000000
0.000000 0.000000
0.000000 0.000000
0.000000 0.000000
0.000000 0.000000
0.000000 0.000000
0.000000 0.000000
22.908872 0.000000
22.908872 0.000000
44.882688 0.000000
65.921448 0.000000
105.193800 0.000000
123.427392 0.000000
140.725928 0.000000
187.011200 0.000000
213.192768 0.000000
262.283208 0.000000
289.166068 0.000000
291.036180 0.000000
213.426532 0.000000
86.258916 0.000000
100.284756 0.000000
122.726100 0.000000
134.648064 0.000000
146.102500 0.000000
137.330229 0.000000
105.536086 0.000000
8.793736 0.000000
0.000000 0.000000
0.000000 0.000000
0.000000 0.000000
0.000000 0.000000
0.000000 0.000000
0.000000 0.000000
0.000000 0.000000
0.000000 0.000000
0.000000 0.000000
0.000000 0.000000
0.000000 0.000000
0.000000 0.000000
0.000000 0.000000
0.000000 0.000000
0.000000 0.000000
0.000000 0.000000
0.000000 0.000000
0.000000 0.000000
0.000000 0.000000
0.000000 0.000000
0.000000 0.000000
0.000000 0.000000
0.000000 0.000000
0.000000 0.000000
0.000000 0.000000
0.000000 0.000000
0.000000 0.000000
0.000000 0.000000
0.000000 0.000000
0.000000 0.000000
0.000000 0.000000
0.000000 0.000000
0.000000 0.000000
0.000000 0.000000
0.000000 0.000000
0.000000 0.000000
0.000000 0.000000
0.000000 0.000000
0.000000 0.000000
0.000000 0.000000
0.000000 0.000000
0.000000 0.000000
0.000000 0.000000
0.000000 0.000000
0.000000 0.000000
0.000000 0.000000
0.000000 0.000000
0.000000 0.000000
0.000000 0.000000
0.000000 0.000000
0.000000 0.000000
0.000000 0.000000
0.000000 0.000000
0.000000 0.000000
0.000000 0.000000
0.000000 0.000000
0.000000 0.000000
0.000000 0.000000
0.000000 0.000000
0.000000 0.000000
0.000000 0.000000
0.000000 0.000000
0.000000 0.000000
0.000000 0.000000
0.000000 0.000000
0.000000 0.000000
0.000000 0.000000
0.000000 0.000000
0.000000 0.000000
0.000000 0.000000
0.000000 0.000000
0.000000 0.000000
0.000000 0.000000
0.000000 0.000000
0.000000 0.000000
0.000000 0.000000
0.000000 0.000000
0.000000 0.000000
8.623216 0.000000
16.894464 0.000000
32.381056 0.000000
39.596400 0.000000
52.971184 0.000000
64.938096 0.000000
77.872920 0.000000
90.543768 0.000000
106.382328 0.000000
109.550040 0.000000
90.543768 0.000000
0.000000 0.000000
0.000000 0.000000
0.000000 0.000000
0.000000 0.000000
0.000000 0.000000
0.000000 0.000000
0.000000 0.000000
0.000000 0.000000
0.000000 0.000000
0.000000 0.000000
0.000000 0.000000
0.000000 0.000000
0.000000 0.000000
0.000000 0.000000
0.000000 0.000000
0.000000 0.000000
0.000000 0.000000
0.000000 0.000000
0.000000 0.000000
0.000000 0.000000
0.000000 0.000000
0.000000 0.000000
0.000000 0.000000
0.000000 0.000000
0.000000 0.000000
0.000000 0.000000
0.000000 0.000000
0.000000 0.000000
0.000000 0.000000
0.000000 0.000000
0.000000 0.000000
0.000000 0.000000
0.000000 0.000000
0.000000 0.000000
0.000000 0.000000
0.000000 0.000000
0.000000 0.000000
0.000000 0.000000
0.000000 0.000000
0.000000 0.000000
0.000000 0.000000
0.000000 0.000000
0.000000 0.000000
0.000000 0.000000
0.000000 0.000000
0.000000 0.000000
0.000000 0.000000
0.000000 0.000000
0.000000 0.000000
0.000000 0.000000
0.000000 0.000000
0.000000 0.000000
0.000000 0.000000
0.000000 0.000000
0.000000 0.000000
0.000000 0.000000
0.000000 0.000000
0.000000 0.000000
0.000000 0.000000
0.000000 0.000000
0.000000 0.000000
0.000000 0.000000
0.000000 0.000000
0.000000 0.000000
0.000000 0.000000
0.000000 0.000000
0.000000 0.000000
0.000000 0.000000
0.000000 0.000000
0.000000 0.000000
0.000000 0.000000
0.000000 0.000000
0.000000 0.000000
0.000000 0.000000
0.000000 0.000000
0.000000 0.000000
0.000000 0.000000
0.000000 0.000000
0.000000 0.000000
0.000000 0.000000
0.000000 0.000000
0.000000 0.000000
0.000000 0.000000
0.000000 0.000000
0.000000 0.000000
0.000000 0.000000
0.000000 0.000000
0.258867 0.000000
0.507168 0.000000
0.744903 0.000000
1.188675 0.000000
1.394712 0.000000
1.949427 0.000000
2.601866 0.000000
5.512582 0.000000
8.283022 0.000000
10.747343 0.000000
17.803851 0.000000
40.949884 0.000000
45.674997 0.000000
64.719561 0.000000
82.395125 0.000000
95.830074 0.000000
97.167625 0.000000
86.470585 0.000000
81.283564 0.000000
92.485601 0.000000
98.349582 0.000000
97.367417 0.000000
67.023381 0.000000
67.333778 0.000000
76.306632 0.000000
84.111956 0.000000
82.922925 0.000000
70.204163 0.000000
37.545812 0.000000
9.708049 0.000000
0.353731 0.000000
0.000000 0.000000
0.000000 0.000000
0.000000 0.000000
0.000000 0.000000
0.000000 0.000000
0.000000 0.000000
0.000000 0.000000
0.000000 0.000000
0.000000 0.000000
0.000000 0.000000
0.000000 0.000000
0.000000 0.000000
0.000000 0.000000
0.000000 0.000000
0.000000 0.000000
0.000000 0.000000
0.000000 0.000000
0.000000 0.000000
0.000000 0.000000
0.000000 0.000000
0.000000 0.000000
0.000000 0.000000
0.000000 0.000000
0.000000 0.000000
0.000000 0.000000
0.000000 0.000000
0.000000 0.000000
0.000000 0.000000
0.000000 0.000000
0.000000 0.000000
0.000000 0.000000
0.000000 0.000000
0.000000 0.000000
0.000000 0.000000
0.000000 0.000000
0.000000 0.000000
0.000000 0.000000
0.000000 0.000000
0.000000 0.000000
0.000000 0.000000
0.000000 0.000000
0.000000 0.000000
0.000000 0.000000
0.000000 0.000000
0.000000 0.000000
0.000000 0.000000
0.000000 0.000000
0.000000 0.000000
0.000000 0.000000
0.000000 0.000000
0.000000 0.000000
0.000000 0.000000
0.000000 0.000000
0.000000 0.000000
0.000000 0.000000
0.000000 0.000000
0.000000 0.000000
0.000000 0.000000
0.000000 0.000000
0.000000 0.000000
2.478028 0.000000
4.854912 0.000000
16.608663 0.000000
23.607057 0.000000
31.267542 0.000000
39.485944 0.000000
47.213368 0.000000
58.971507 0.000000
82.367644 0.000000
94.160248 0.000000
102.307165 0.000000
106.088807 0.000000
100.941109 0.000000
70.749898 0.000000
20.897860 0.000000
28.196260 0.000000
33.353433 0.000000
39.888847 0.000000
44.195712 0.000000
49.874095 0.000000
51.115728 0.000000
40.937351 0.000000
23.621728 0.000000
12.744144 0.000000
1.239014 0.000000
0.000000 0.000000
0.000000 0.000000
0.000000 0.000000
0.000000 0.000000
0.000000 0.000000
0.000000 0.000000
0.000000 0.000000
0.000000 0.000000
0.000000 0.000000
0.000000 0.000000
0.000000 0.000000
0.000000 0.000000
0.000000 0.000000
0.000000 0.000000
0.000000 0.000000
0.000000 0.000000
0.000000 0.000000
0.000000 0.000000
0.000000 0.000000
0.000000 0.000000
0.000000 0.000000
0.000000 0.000000
0.000000 0.000000
0.000000 0.000000
0.000000 0.000000
0.000000 0.000000
0.000000 0.000000
0.000000 0.000000
0.000000 0.000000
0.000000 0.000000
0.000000 0.000000
0.000000 0.000000
0.000000 0.000000
0.000000 0.000000
0.000000 0.000000
0.000000 0.000000
0.000000 0.000000
0.000000 0.000000
0.000000 0.000000
0.000000 0.000000
0.000000 0.000000
