170312.680790 0.000000
162481.158663 0.000000
152657.717788 0.000000
144147.269102 0.000000
125463.763041 0.000000
120963.445898 0.000000
112312.606763 0.000000
112701.484587 0.000000
101040.065128 0.000000
95582.396721 0.000000
79306.886413 0.000000
57513.592604 0.000000
65456.083971 0.000000
72964.784075 0.000000
66696.552608 0.000000
59318.251826 0.000000
57587.961727 0.000000
54240.109191 0.000000
48090.886126 0.000000
46389.071897 0.000000
45115.315052 0.000000
39352.455549 0.000000
30831.136526 0.000000
21121.357190 0.000000
23377.664867 0.000000
26470.596164 0.000000
25330.104792 0.000000
26885.216071 0.000000
26023.487779 0.000000
25642.855030 0.000000
25970.420402 0.000000
22474.977310 0.000000
19662.737389 0.000000
16087.315160 0.000000
17195.129695 0.000000
14339.851594 0.000000
16718.304367 0.000000
17630.555056 0.000000
16657.587749 0.000000
12910.438046 0.000000
5918.987152 0.000000
5796.451012 0.000000
6816.758065 0.000000
7819.409850 0.000000
7929.739175 0.000000
4975.053538 0.000000
1354.569553 0.000000
2091.945583 0.000000
2236.110403 0.000000
2685.635913 0.000000
3792.221938 0.000000
4197.104659 0.000000
4584.894476 0.000000
4602.873780 0.000000
4030.390131 0.000000
3233.446366 0.000000
2457.700202 0.000000
2459.445393 0.000000
1946.726503 0.000000
1168.649457 0.000000
740.707213 0.000000
1098.397067 0.000000
1530.231684 0.000000
1690.794379 0.000000
1536.144993 0.000000
1283.651068 0.000000
1683.304261 0.000000
2293.178993 0.000000
2561.436639 0.000000
2665.733304 0.000000
2417.902984 0.000000
2797.238383 0.000000
3148.367212 0.000000
3194.384422 0.000000
3463.048581 0.000000
3325.752207 0.000000
2555.903281 0.000000
1308.593561 0.000000
552.646686 0.000000
552.856411 0.000000
944.453950 0.000000
1278.065803 0.000000
1556.820879 0.000000
2108.243332 0.000000
2254.199183 0.000000
1746.534544 0.000000
1910.043104 0.000000
1994.696494 0.000000
1917.990617 0.000000
1292.351433 0.000000
1044.788248 0.000000
921.447914 0.000000
722.811107 0.000000
877.102140 0.000000
928.502492 0.000000
1110.228212 0.000000
1415.718603 0.000000
1671.347318 0.000000
1710.177247 0.000000
1629.006705 0.000000
1294.522641 0.000000
813.199929 0.000000
477.388716 0.000000
551.072631 0.000000
614.378528 0.000000
667.306407 0.000000
884.274966 0.000000
1049.534364 0.000000
1076.777499 0.000000
1093.168830 0.000000
1224.771834 0.000000
1224.624182 0.000000
1413.595477 0.000000
1554.534022 0.000000
1530.911357 0.000000
1149.363692 0.000000
674.879084 0.000000
353.798054 0.000000
0.000000 0.000000
185.427290 0.000000
359.390998 0.000000
396.705951 0.000000
464.612330 0.000000
549.663077 0.000000
786.131159 0.000000
886.521525 0.000000
1054.202360 0.000000
1210.793942 0.000000
653.441042 0.000000
422.597828 0.000000
585.548648 0.000000
697.735133 0.000000
700.314127 0.000000
646.473295 0.000000
392.454306 0.000000
0.000000 0.000000
0.000000 0.000000
0.000000 0.000000
0.000000 0.000000
0.000000 0.000000
0.000000 0.000000
90.184731 0.000000
175.744604 0.000000
332.989776 0.000000
471.735516 0.000000
591.981824 0.000000
693.728700 0.000000
841.724156 0.000000
915.721884 0.000000
909.940814 0.000000
774.663731 0.000000
462.485856 0.000000
166.494960 0.000000
11.231922 0.000000
26.927813 0.000000
45.527471 0.000000
69.434793 0.000000
82.447671 0.000000
103.368124 0.000000
112.924241 0.000000
103.734458 0.000000
57.012305 0.000000
15.871690 0.000000
3.451230 0.000000
19.336785 0.000000
37.681940 0.000000
55.035465 0.000000
86.767625 0.000000
114.533265 0.000000
138.332385 0.000000
166.593840 0.000000
190.392960 0.000000
197.830185 0.000000
237.847770 0.000000
262.514365 0.000000
211.682910 0.000000
191.644425 0.000000
243.358000 0.000000
257.351085 0.000000
378.421690 0.000000
425.572302 0.000000
403.365865 0.000000
262.522402 0.000000
233.015221 0.000000
139.626567 0.000000
0.000000 0.000000
18.715944 0.000000
18.715944 0.000000
36.472096 0.000000
53.268456 0.000000
69.105024 0.000000
97.898784 0.000000
122.853376 0.000000
153.086824 0.000000
174.682144 0.000000
197.555804 0.000000
212.523121 0.000000
208.942613 0.000000
183.093589 0.000000
148.258468 0.000000
146.022867 0.000000
180.083914 0.000000
231.992185 0.000000
272.170768 0.000000
334.938912 0.000000
351.599943 0.000000
334.467186 0.000000
336.698940 0.000000
284.743230 0.000000
141.212935 0.000000
122.695417 0.000000
147.139056 0.000000
163.735543 0.000000
172.662723 0.000000
153.250664 0.000000
60.090207 0.000000
41.745159 0.000000
39.985199 0.000000
61.153839 0.000000
86.812775 0.000000
98.359296 0.000000
117.603519 0.000000
133.747287 0.000000
172.789449 0.000000
189.941156 0.000000
201.473176 0.000000
196.247807 0.000000
160.510573 0.000000
161.875981 0.000000
171.422329 0.000000
235.036084 0.000000
259.477157 0.000000
264.499295 0.000000
258.137929 0.000000
175.105268 0.000000
85.711246 0.000000
100.442867 0.000000
117.518154 0.000000
133.086800 0.000000
125.218768 0.000000
102.953920 0.000000
18.581895 0.000000
29.295780 0.000000
34.150510 0.000000
46.705844 0.000000
58.758965 0.000000
65.455143 0.000000
66.292166 0.000000
50.221338 0.000000
12.722739 0.000000
0.000000 0.000000
0.000000 0.000000
0.000000 0.000000
0.000000 0.000000
0.000000 0.000000
0.000000 0.000000
0.000000 0.000000
0.000000 0.000000
0.000000 0.000000
0.000000 0.000000
0.000000 0.000000
0.000000 0.000000
0.000000 0.000000
0.000000 0.000000
0.000000 0.000000
0.000000 0.000000
0.000000 0.000000
0.000000 0.000000
0.000000 0.000000
23.692929 0.000000
46.170836 0.000000
87.481584 0.000000
106.314425 0.000000
140.335041 0.000000
182.253300 0.000000
227.816625 0.000000
242.396889 0.000000
193.796009 0.000000
34.931864 0.000000
0.000000 0.000000
0.000000 0.000000
0.000000 0.000000
0.000000 0.000000
0.000000 0.000000
0.000000 0.000000
0.000000 0.000000
0.000000 0.000000
0.000000 0.000000
7.211451 0.000000
14.053084 0.000000
20.524899 0.000000
26.626896 0.000000
26.626896 0.000000
35.040270 0.000000
47.151819 0.000000
56.859546 0.000000
63.654943 0.000000
70.589028 0.000000
71.975830 0.000000
59.078385 0.000000
18.860616 0.000000
0.000000 0.000000
0.000000 0.000000
0.000000 0.000000
18.780138 0.000000
18.780138 0.000000
36.597192 0.000000
53.451162 0.000000
84.269850 0.000000
123.274752 0.000000
161.316570 0.000000
184.430586 0.000000
191.653716 0.000000
180.096708 0.000000
116.292393 0.000000
22.512071 0.000000
0.000000 0.000000
0.000000 0.000000
0.000000 0.000000
0.000000 0.000000
0.000000 0.000000
0.000000 0.000000
23.587512 0.000000
45.965408 0.000000
67.133688 0.000000
87.092352 0.000000
105.841400 0.000000
131.545740 0.000000
147.270748 0.000000
161.786140 0.000000
198.074620 0.000000
229.524636 0.000000
240.562382 0.000000
203.669094 0.000000
52.920700 0.000000
0.000000 0.000000
0.000000 0.000000
0.000000 0.000000
0.000000 0.000000
0.000000 0.000000
0.000000 0.000000
0.000000 0.000000
0.000000 0.000000
6.529536 0.000000
12.724224 0.000000
18.584064 0.000000
24.109056 0.000000
34.154496 0.000000
40.767744 0.000000
51.817728 0.000000
59.854080 0.000000
63.537408 0.000000
66.885888 0.000000
63.537408 0.000000
31.726848 0.000000
0.000000 0.000000
0.000000 0.000000
0.000000 0.000000
0.000000 0.000000
0.000000 0.000000
0.000000 0.000000
0.000000 0.000000
0.000000 0.000000
10.357464 0.000000
20.183776 0.000000
29.478936 0.000000
38.242944 0.000000
50.326652 0.000000
67.721880 0.000000
76.353100 0.000000
86.444988 0.000000
97.599180 0.000000
104.105792 0.000000
101.450032 0.000000
71.572732 0.000000
27.088752 0.000000
0.000000 0.000000
0.000000 0.000000
0.000000 0.000000
0.000000 0.000000
0.000000 0.000000
0.000000 0.000000
0.000000 0.000000
0.000000 0.000000
0.000000 0.000000
0.000000 0.000000
0.000000 0.000000
0.000000 0.000000
0.000000 0.000000
0.000000 0.000000
0.000000 0.000000
0.000000 0.000000
0.000000 0.000000
0.000000 0.000000
0.000000 0.000000
0.000000 0.000000
0.000000 0.000000
0.000000 0.000000
0.000000 0.000000
0.000000 0.000000
0.000000 0.000000
0.000000 0.000000
0.000000 0.000000
0.000000 0.000000
0.000000 0.000000
0.000000 0.000000
0.000000 0.000000
0.000000 0.000000
0.000000 0.000000
0.000000 0.000000
0.000000 0.000000
0.000000 0.000000
0.000000 0.000000
0.000000 0.000000
0.000000 0.000000
0.000000 0.000000
0.000000 0.000000
0.000000 0.000000
0.000000 0.000000
0.000000 0.000000
0.000000 0.000000
0.000000 0.000000
0.000000 0.000000
0.000000 0.000000
0.000000 0.000000
6.575166 0.000000
12.813144 0.000000
18.713934 0.000000
29.503950 0.000000
38.945214 0.000000
47.037726 0.000000
59.176494 0.000000
65.920254 0.000000
64.740096 0.000000
47.037726 0.000000
6.575166 0.000000
0.000000 0.000000
0.000000 0.000000
0.000000 0.000000
0.000000 0.000000
1.501734 0.000000
2.926456 0.000000
4.274166 0.000000
6.738550 0.000000
9.857536 0.000000
11.917607 0.000000
13.977678 0.000000
15.325388 0.000000
14.632280 0.000000
9.212545 0.000000
3.648429 0.000000
0.000000 0.000000
0.000000 0.000000
0.000000 0.000000
0.000000 0.000000
0.000000 0.000000
0.000000 0.000000
0.000000 0.000000
0.000000 0.000000
0.000000 0.000000
0.000000 0.000000
0.000000 0.000000
0.000000 0.000000
0.000000 0.000000
0.000000 0.000000
0.000000 0.000000
0.000000 0.000000
0.000000 0.000000
0.000000 0.000000
0.000000 0.000000
4.799457 0.000000
9.352788 0.000000
13.659993 0.000000
25.104852 0.000000
31.504128 0.000000
38.087989 0.000000
40.056981 0.000000
46.610090 0.000000
46.302466 0.000000
36.580543 0.000000
23.566717 0.000000
14.244658 0.000000
8.583714 0.000000
9.814354 0.000000
10.798866 0.000000
11.198824 0.000000
11.814144 0.000000
7.106946 0.000000
0.000000 0.000000
0.000000 0.000000
0.000000 0.000000
0.000000 0.000000
0.000000 0.000000
0.000000 0.000000
0.000000 0.000000
0.000000 0.000000
0.000000 0.000000
0.000000 0.000000
0.000000 0.000000
0.000000 0.000000
0.000000 0.000000
0.000000 0.000000
0.000000 0.000000
0.000000 0.000000
0.000000 0.000000
0.000000 0.000000
0.000000 0.000000
0.000000 0.000000
0.000000 0.000000
0.000000 0.000000
0.000000 0.000000
0.000000 0.000000
0.000000 0.000000
0.000000 0.000000
0.000000 0.000000
0.000000 0.000000
0.000000 0.000000
0.000000 0.000000
0.000000 0.000000
0.000000 0.000000
0.000000 0.000000
0.000000 0.000000
0.000000 0.000000
0.000000 0.000000
0.000000 0.000000
0.000000 0.000000
0.000000 0.000000
0.000000 0.000000
0.000000 0.000000
0.000000 0.000000
0.000000 0.000000
0.000000 0.000000
0.000000 0.000000
0.000000 0.000000
0.000000 0.000000
0.000000 0.000000
0.000000 0.000000
0.000000 0.000000
0.000000 0.000000
0.000000 0.000000
0.000000 0.000000
0.000000 0.000000
0.000000 0.000000
0.000000 0.000000
0.000000 0.000000
0.000000 0.000000
0.000000 0.000000
0.000000 0.000000
0.000000 0.000000
0.000000 0.000000
0.000000 0.000000
0.000000 0.000000
0.000000 0.000000
0.000000 0.000000
0.000000 0.000000
0.000000 0.000000
0.000000 0.000000
0.000000 0.000000
0.000000 0.000000
0.000000 0.000000
0.000000 0.000000
0.000000 0.000000
0.000000 0.000000
0.000000 0.000000
0.000000 0.000000
0.000000 0.000000
0.000000 0.000000
0.000000 0.000000
0.000000 0.000000
0.000000 0.000000
0.000000 0.000000
0.000000 0.000000
0.000000 0.000000
0.000000 0.000000
0.000000 0.000000
0.000000 0.000000
0.000000 0.000000
0.000000 0.000000
0.000000 0.000000
0.000000 0.000000
0.000000 0.000000
0.000000 0.000000
0.000000 0.000000
0.000000 0.000000
0.000000 0.000000
0.000000 0.000000
0.000000 0.000000
0.000000 0.000000
0.000000 0.000000
0.000000 0.000000
0.000000 0.000000
0.000000 0.000000
0.000000 0.000000
0.000000 0.000000
0.000000 0.000000
0.000000 0.000000
0.000000 0.000000
0.000000 0.000000
0.000000 0.000000
0.000000 0.000000
0.000000 0.000000
0.000000 0.000000
0.000000 0.000000
0.000000 0.000000
0.000000 0.000000
0.000000 0.000000
0.000000 0.000000
0.000000 0.000000
0.000000 0.000000
0.000000 0.000000
0.000000 0.000000
0.000000 0.000000
0.000000 0.000000
25.819209 0.000000
50.314356 0.000000
73.485441 0.000000
115.855425 0.000000
152.929161 0.000000
184.706649 0.000000
211.187889 0.000000
245.843541 0.000000
270.182812 0.000000
242.726119 0.000000
89.462402 0.000000
85.891158 0.000000
102.409979 0.000000
132.121506 0.000000
149.446665 0.000000
160.396388 0.000000
144.397571 0.000000
92.955627 0.000000
0.000000 0.000000
0.000000 0.000000
0.000000 0.000000
0.000000 0.000000
0.000000 0.000000
0.000000 0.000000
0.000000 0.000000
0.000000 0.000000
0.000000 0.000000
0.000000 0.000000
0.000000 0.000000
0.000000 0.000000
0.000000 0.000000
0.000000 0.000000
0.000000 0.000000
0.000000 0.000000
0.000000 0.000000
0.000000 0.000000
0.000000 0.000000
0.000000 0.000000
0.000000 0.000000
0.000000 0.000000
0.000000 0.000000
0.000000 0.000000
0.000000 0.000000
0.000000 0.000000
0.000000 0.000000
0.000000 0.000000
0.000000 0.000000
0.000000 0.000000
0.000000 0.000000
0.000000 0.000000
0.000000 0.000000
0.000000 0.000000
0.000000 0.000000
0.000000 0.000000
0.000000 0.000000
0.000000 0.000000
0.000000 0.000000
0.000000 0.000000
0.000000 0.000000
0.000000 0.000000
0.000000 0.000000
0.000000 0.000000
0.000000 0.000000
0.000000 0.000000
0.000000 0.000000
0.000000 0.000000
0.000000 0.000000
0.000000 0.000000
0.000000 0.000000
0.000000 0.000000
0.000000 0.000000
0.000000 0.000000
0.000000 0.000000
0.000000 0.000000
0.000000 0.000000
0.000000 0.000000
0.000000 0.000000
0.000000 0.000000
0.000000 0.000000
0.000000 0.000000
0.000000 0.000000
0.000000 0.000000
0.000000 0.000000
0.000000 0.000000
0.000000 0.000000
0.000000 0.000000
0.000000 0.000000
0.000000 0.000000
0.000000 0.000000
0.000000 0.000000
0.000000 0.000000
0.000000 0.000000
0.000000 0.000000
0.000000 0.000000
0.000000 0.000000
0.000000 0.000000
0.000000 0.000000
0.000000 0.000000
0.000000 0.000000
12.491193 0.000000
24.341812 0.000000
35.551857 0.000000
46.121328 0.000000
69.662436 0.000000
81.673209 0.000000
100.890441 0.000000
109.538196 0.000000
117.865648 0.000000
118.826497 0.000000
109.538112 0.000000
63.016268 0.000000
47.882737 0.000000
11.530224 0.000000
16.334484 0.000000
20.498176 0.000000
24.781984 0.000000
28.024864 0.000000
31.567995 0.000000
29.726331 0.000000
17.495381 0.000000
15.863881 0.000000
17.415264 0.000000
13.737116 0.000000
5.524948 0.000000
1.100956 0.000000
0.000000 0.000000
0.000000 0.000000
0.000000 0.000000
0.000000 0.000000
0.000000 0.000000
0.000000 0.000000
0.000000 0.000000
0.000000 0.000000
0.000000 0.000000
0.000000 0.000000
0.000000 0.000000
0.000000 0.000000
0.000000 0.000000
0.000000 0.000000
0.000000 0.000000
0.000000 0.000000
0.000000 0.000000
0.000000 0.000000
0.000000 0.000000
0.000000 0.000000
0.000000 0.000000
0.000000 0.000000
0.000000 0.000000
0.000000 0.000000
0.000000 0.000000
0.000000 0.000000
0.000000 0.000000
0.000000 0.000000
0.000000 0.000000
0.000000 0.000000
0.000000 0.000000
0.000000 0.000000
0.000000 0.000000
0.000000 0.000000
0.000000 0.000000
0.000000 0.000000
0.000000 0.000000
0.000000 0.000000
0.000000 0.000000
0.000000 0.000000
0.399789 0.000000
0.779076 0.000000
1.137861 0.000000
1.793925 0.000000
2.091204 0.000000
2.624256 0.000000
3.270069 0.000000
3.731364 0.000000
4.008141 0.000000
4.033771 0.000000
3.357211 0.000000
1.635050 0.000000
0.000000 0.000000
0.000000 0.000000
0.000000 0.000000
0.000000 0.000000
0.000000 0.000000
0.000000 0.000000
0.000000 0.000000
0.000000 0.000000
0.000000 0.000000
0.000000 0.000000
0.000000 0.000000
0.000000 0.000000
0.000000 0.000000
0.000000 0.000000
0.000000 0.000000
0.000000 0.000000
0.000000 0.000000
0.000000 0.000000
0.000000 0.000000
0.000000 0.000000
0.000000 0.000000
0.000000 0.000000
0.000000 0.000000
0.000000 0.000000
0.000000 0.000000
0.000000 0.000000
0.000000 0.000000
0.000000 0.000000
0.000000 0.000000
0.000000 0.000000
0.000000 0.000000
0.000000 0.000000
0.000000 0.000000
0.000000 0.000000
0.000000 0.000000
0.000000 0.000000
0.000000 0.000000
0.000000 0.000000
0.000000 0.000000
0.000000 0.000000
0.000000 0.000000
0.000000 0.000000
0.000000 0.000000
0.000000 0.000000
0.000000 0.000000
0.000000 0.000000
0.000000 0.000000
0.000000 0.000000
0.000000 0.000000
0.000000 0.000000
0.000000 0.000000
0.000000 0.000000
0.000000 0.000000
0.000000 0.000000
0.000000 0.000000
0.000000 0.000000
0.000000 0.000000
14.702844 0.000000
28.651696 0.000000
41.846556 0.000000
60.130862 0.000000
81.242638 0.000000
106.878366 0.000000
126.293660 0.000000
137.038046 0.000000
130.629114 0.000000
107.490985 0.000000
77.755429 0.000000
66.445533 0.000000
29.735500 0.000000
14.584878 0.000000
15.338862 0.000000
16.458057 0.000000
18.319455 0.000000
17.494785 0.000000
9.931383 0.000000
9.330552 0.000000
9.130275 0.000000
4.099788 0.000000
2.061675 0.000000
2.403324 0.000000
3.015936 0.000000
3.758139 0.000000
4.211714 0.000000
4.470894 0.000000
4.603419 0.000000
3.437071 0.000000
1.116155 0.000000
0.000000 0.000000
0.000000 0.000000
0.000000 0.000000
0.000000 0.000000
0.000000 0.000000
0.000000 0.000000
0.000000 0.000000
0.000000 0.000000
0.000000 0.000000
0.000000 0.000000
0.000000 0.000000
0.000000 0.000000
0.000000 0.000000
0.000000 0.000000
0.000000 0.000000
0.000000 0.000000
0.000000 0.000000
0.000000 0.000000
0.000000 0.000000
0.000000 0.000000
0.000000 0.000000
0.000000 0.000000
0.000000 0.000000
0.000000 0.000000
0.000000 0.000000
0.000000 0.000000
0.000000 0.000000
0.000000 0.000000
0.000000 0.000000
0.000000 0.000000
0.000000 0.000000
0.000000 0.000000
0.000000 0.000000
0.000000 0.000000
0.000000 0.000000
0.000000 0.000000
0.000000 0.000000
0.000000 0.000000
0.000000 0.000000
0.000000 0.000000
0.000000 0.000000
0.000000 0.000000
0.000000 0.000000
0.000000 0.000000
0.000000 0.000000
0.000000 0.000000
0.000000 0.000000
0.000000 0.000000
0.000000 0.000000
0.000000 0.000000
0.000000 0.000000
0.000000 0.000000
0.000000 0.000000
0.000000 0.000000
0.000000 0.000000
0.000000 0.000000
0.000000 0.000000
0.000000 0.000000
0.000000 0.000000
0.000000 0.000000
0.000000 0.000000
0.000000 0.000000
0.000000 0.000000
0.000000 0.000000
0.000000 0.000000
0.000000 0.000000
0.000000 0.000000
0.000000 0.000000
0.000000 0.000000
0.000000 0.000000
6.695832 0.000000
13.048288 0.000000
19.057368 0.000000
24.723072 0.000000
39.659928 0.000000
51.506400 0.000000
62.494432 0.000000
67.559228 0.000000
67.816760 0.000000
60.090800 0.000000
48.544782 0.000000
4.936030 0.000000
0.000000 0.000000
0.000000 0.000000
0.000000 0.000000
0.000000 0.000000
0.000000 0.000000
0.000000 0.000000
0.000000 0.000000
0.000000 0.000000
0.000000 0.000000
0.000000 0.000000
0.000000 0.000000
0.000000 0.000000
0.000000 0.000000
0.000000 0.000000
0.000000 0.000000
0.000000 0.000000
0.000000 0.000000
0.000000 0.000000
0.000000 0.000000
0.000000 0.000000
0.000000 0.000000
0.000000 0.000000
0.000000 0.000000
0.000000 0.000000
0.000000 0.000000
0.000000 0.000000
0.000000 0.000000
0.000000 0.000000
0.000000 0.000000
0.000000 0.000000
0.000000 0.000000
0.000000 0.000000
0.000000 0.000000
0.000000 0.000000
0.000000 0.000000
0.000000 0.000000
0.000000 0.000000
0.000000 0.000000
0.000000 0.000000
0.000000 0.000000
