4679200.457286 0.000000
4519128.502235 0.000000
4347359.070495 0.000000
4218221.473804 0.000000
4004801.737495 0.000000
3966621.353131 0.000000
3783485.572152 0.000000
3661968.352605 0.000000
3628282.403348 0.000000
3675086.579060 0.000000
3483271.802119 0.000000
3418925.346053 0.000000
3350539.555358 0.000000
3101004.231202 0.000000
2848297.499266 0.000000
2736423.666267 0.000000
2585882.234152 0.000000
2285219.788799 0.000000
2232957.188837 0.000000
2063047.961347 0.000000
1758809.055044 0.000000
1781181.343063 0.000000
1721295.757384 0.000000
1672777.397884 0.000000
1600118.676164 0.000000
1460499.323912 0.000000
1264577.682308 0.000000
1141371.442519 0.000000
955659.798166 0.000000
1019548.663195 0.000000
1172768.163368 0.000000
1228754.642783 0.000000
1177909.692567 0.000000
953867.566618 0.000000
867975.038412 0.000000
754365.639935 0.000000
581851.917226 0.000000
585306.327936 0.000000
697322.587008 0.000000
797254.183504 0.000000
810371.419009 0.000000
685296.754286 0.000000
541715.097657 0.000000
324286.164652 0.000000
126190.749761 0.000000
17004.147547 0.000000
21788.408279 0.000000
27621.936857 0.000000
36104.064498 0.000000
45043.460908 0.000000
52435.851340 0.000000
62996.012755 0.000000
68558.972726 0.000000
75373.275092 0.000000
86454.781895 0.000000
96704.080941 0.000000
105623.651917 0.000000
111974.122460 0.000000
108396.193724 0.000000
103023.841258 0.000000
105487.447743 0.000000
102382.006502 0.000000
96916.661347 0.000000
85547.515067 0.000000
71416.701024 0.000000
82631.220740 0.000000
92535.125088 0.000000
100152.679470 0.000000
101632.436783 0.000000
107837.719108 0.000000
101600.029721 0.000000
93333.619520 0.000000
91190.985830 0.000000
78415.152919 0.000000
78997.180491 0.000000
73776.077309 0.000000
68015.172933 0.000000
59706.013362 0.000000
57659.277088 0.000000
58846.709570 0.000000
61823.637163 0.000000
56391.773796 0.000000
57311.336602 0.000000
61518.936398 0.000000
62154.330147 0.000000
59892.585213 0.000000
61428.925790 0.000000
60772.921713 0.000000
61546.341306 0.000000
56537.212079 0.000000
43816.908804 0.000000
34933.462646 0.000000
23601.384367 0.000000
22990.900201 0.000000
26918.901943 0.000000
29539.880166 0.000000
29803.447883 0.000000
27508.117256 0.000000
21531.703410 0.000000
22867.470288 0.000000
23498.830213 0.000000
23496.043464 0.000000
23263.414151 0.000000
18655.739938 0.000000
22202.533090 0.000000
24394.645330 0.000000
24544.630639 0.000000
22853.371355 0.000000
19165.435996 0.000000
20521.786055 0.000000
19933.303116 0.000000
16466.681512 0.000000
16091.099083 0.000000
16800.751969 0.000000
16510.910453 0.000000
16244.051687 0.000000
16031.087208 0.000000
18091.660611 0.000000
21597.282716 0.000000
24005.078459 0.000000
26622.248414 0.000000
29264.353618 0.000000
33258.725830 0.000000
35453.715591 0.000000
38830.578550 0.000000
37661.529681 0.000000
35012.432106 0.000000
31680.212841 0.000000
27261.780946 0.000000
30595.912711 0.000000
31730.252696 0.000000
29398.415757 0.000000
30200.906198 0.000000
27587.276142 0.000000
22155.041684 0.000000
17386.163010 0.000000
15711.501972 0.000000
18367.592684 0.000000
20809.021883 0.000000
22095.129289 0.000000
21170.613629 0.000000
19657.050208 0.000000
17660.276108 0.000000
12787.211596 0.000000
11856.735007 0.000000
13199.396686 0.000000
16417.023573 0.000000
18193.820202 0.000000
19934.126499 0.000000
21108.341276 0.000000
22010.245070 0.000000
22234.515029 0.000000
21713.643485 0.000000
24055.089755 0.000000
24541.409493 0.000000
25295.481954 0.000000
26850.195140 0.000000
29787.049737 0.000000
30386.050129 0.000000
32084.222530 0.000000
33792.724088 0.000000
32408.315275 0.000000
30218.064364 0.000000
28775.963367 0.000000
19851.115863 0.000000
17238.297217 0.000000
15897.904177 0.000000
13000.328342 0.000000
10333.077925 0.000000
9860.280927 0.000000
11017.043457 0.000000
9242.541612 0.000000
9123.509140 0.000000
10464.241220 0.000000
12618.801422 0.000000
14272.937204 0.000000
16054.847249 0.000000
17336.121561 0.000000
18779.005035 0.000000
17271.932198 0.000000
15458.858277 0.000000
18840.406259 0.000000
23019.765631 0.000000
25704.464198 0.000000
27952.100131 0.000000
25152.269561 0.000000
22943.772136 0.000000
21437.645838 0.000000
16538.409606 0.000000
15425.857939 0.000000
13396.463829 0.000000
13832.839289 0.000000
13927.280607 0.000000
11469.738365 0.000000
10864.150493 0.000000
9824.385151 0.000000
7962.388768 0.000000
7615.324208 0.000000
5550.668403 0.000000
1466.261832 0.000000
603.066924 0.000000
754.135328 0.000000
968.533739 0.000000
1211.575829 0.000000
1432.981079 0.000000
1768.739958 0.000000
1988.234551 0.000000
2781.968911 0.000000
2969.502901 0.000000
3811.865266 0.000000
2743.757949 0.000000
3086.920280 0.000000
3942.877566 0.000000
5228.021740 0.000000
5834.909396 0.000000
7151.852670 0.000000
8800.638826 0.000000
9959.972693 0.000000
10806.104026 0.000000
10957.835029 0.000000
10820.047573 0.000000
8737.440920 0.000000
5153.654587 0.000000
3846.391107 0.000000
3435.708145 0.000000
3334.144573 0.000000
4419.622270 0.000000
5667.157212 0.000000
6827.046711 0.000000
8236.241690 0.000000
9505.748069 0.000000
10782.567420 0.000000
11998.785314 0.000000
12746.150176 0.000000
13159.303361 0.000000
13494.755447 0.000000
14527.973058 0.000000
15317.526668 0.000000
14029.988629 0.000000
10239.967516 0.000000
8634.783879 0.000000
7614.801438 0.000000
5839.447346 0.000000
4631.991524 0.000000
4917.413954 0.000000
4675.458818 0.000000
5075.062977 0.000000
5102.108462 0.000000
4342.296282 0.000000
3385.133265 0.000000
2307.428529 0.000000
1323.140380 0.000000
71.252768 0.000000
0.000000 0.000000
0.000000 0.000000
0.000000 0.000000
0.000000 0.000000
0.000000 0.000000
0.000000 0.000000
0.000000 0.000000
0.000000 0.000000
0.000000 0.000000
0.000000 0.000000
0.000000 0.000000
0.000000 0.000000
0.000000 0.000000
18.838932 0.000000
37.488528 0.000000
55.948788 0.000000
74.219712 0.000000
111.068355 0.000000
156.042848 0.000000
190.539960 0.000000
232.505969 0.000000
298.480507 0.000000
413.894832 0.000000
511.759611 0.000000
676.289341 0.000000
854.663078 0.000000
1021.660243 0.000000
1158.788700 0.000000
1276.563975 0.000000
1323.252264 0.000000
1275.313853 0.000000
1249.348504 0.000000
1054.502503 0.000000
1478.145314 0.000000
1894.587846 0.000000
2354.777144 0.000000
2665.580303 0.000000
2816.659071 0.000000
2823.342300 0.000000
2589.514830 0.000000
2895.832983 0.000000
3268.328296 0.000000
3509.099374 0.000000
4169.405886 0.000000
5090.756028 0.000000
6084.975022 0.000000
6805.256305 0.000000
7444.789692 0.000000
7895.443272 0.000000
7573.707670 0.000000
6445.203311 0.000000
4200.655568 0.000000
5196.245227 0.000000
5842.037797 0.000000
6561.638126 0.000000
7159.702439 0.000000
7262.527063 0.000000
6811.312129 0.000000
6652.118861 0.000000
7278.403059 0.000000
7455.626979 0.000000
6561.908250 0.000000
5704.674401 0.000000
6235.564911 0.000000
6343.151181 0.000000
5769.191258 0.000000
6261.304348 0.000000
6240.439388 0.000000
2991.178845 0.000000
2202.462857 0.000000
1791.265557 0.000000
1446.577208 0.000000
1671.602309 0.000000
2140.251979 0.000000
2503.035430 0.000000
3055.483490 0.000000
3506.648931 0.000000
4164.143671 0.000000
4614.472655 0.000000
4933.922110 0.000000
4871.974128 0.000000
4248.130600 0.000000
2668.038205 0.000000
2007.302275 0.000000
1341.036940 0.000000
497.996510 0.000000
472.101795 0.000000
579.868822 0.000000
706.260132 0.000000
830.744045 0.000000
943.508035 0.000000
1053.476268 0.000000
1055.349758 0.000000
996.125461 0.000000
771.795343 0.000000
208.848838 0.000000
171.351693 0.000000
214.117880 0.000000
254.343500 0.000000
374.477483 0.000000
453.991115 0.000000
603.817214 0.000000
692.689088 0.000000
869.384710 0.000000
1061.329426 0.000000
1222.986214 0.000000
1482.296341 0.000000
1715.268626 0.000000
1945.023404 0.000000
2102.069677 0.000000
2133.195411 0.000000
1697.526945 0.000000
831.011168 0.000000
374.985282 0.000000
484.083962 0.000000
585.645356 0.000000
712.036620 0.000000
812.138851 0.000000
1016.929171 0.000000
1162.853704 0.000000
1510.973485 0.000000
1776.520686 0.000000
2097.397418 0.000000
2384.648428 0.000000
2714.448140 0.000000
2964.853461 0.000000
2635.555360 0.000000
2514.966681 0.000000
2722.067884 0.000000
2810.523113 0.000000
2996.384254 0.000000
3118.976122 0.000000
2928.076800 0.000000
2297.733901 0.000000
1276.876902 0.000000
852.541012 0.000000
1012.111797 0.000000
1213.442761 0.000000
1337.600711 0.000000
1461.603982 0.000000
1516.484711 0.000000
1397.707207 0.000000
820.536916 0.000000
616.071717 0.000000
692.006698 0.000000
747.081011 0.000000
765.097509 0.000000
689.434006 0.000000
489.883297 0.000000
231.997654 0.000000
274.668163 0.000000
301.567008 0.000000
351.329874 0.000000
374.914565 0.000000
366.631428 0.000000
310.259003 0.000000
167.417819 0.000000
190.375702 0.000000
204.722393 0.000000
195.854713 0.000000
145.761641 0.000000
44.087572 0.000000
2.859480 0.000000
4.717416 0.000000
6.084258 0.000000
7.426907 0.000000
9.616272 0.000000
12.983781 0.000000
17.336780 0.000000
23.271075 0.000000
30.006670 0.000000
36.324651 0.000000
39.792231 0.000000
44.985954 0.000000
51.034860 0.000000
49.243763 0.000000
39.210506 0.000000
38.262357 0.000000
32.289193 0.000000
41.891536 0.000000
51.356818 0.000000
64.173105 0.000000
80.744407 0.000000
102.130335 0.000000
115.381720 0.000000
130.256125 0.000000
140.052462 0.000000
149.572921 0.000000
152.755568 0.000000
178.092112 0.000000
202.681024 0.000000
209.841555 0.000000
180.856302 0.000000
118.413579 0.000000
121.819483 0.000000
203.423207 0.000000
257.840637 0.000000
376.870926 0.000000
390.868776 0.000000
502.495960 0.000000
579.846154 0.000000
635.515837 0.000000
778.327426 0.000000
909.979611 0.000000
971.188968 0.000000
1001.653554 0.000000
968.004607 0.000000
760.483195 0.000000
332.343973 0.000000
206.203022 0.000000
249.386901 0.000000
291.611138 0.000000
373.180688 0.000000
450.911670 0.000000
603.314875 0.000000
760.216458 0.000000
922.096176 0.000000
1032.335138 0.000000
1124.580654 0.000000
1170.493382 0.000000
1150.579904 0.000000
907.878608 0.000000
461.492195 0.000000
557.125519 0.000000
593.501512 0.000000
607.161791 0.000000
521.365572 0.000000
361.828075 0.000000
83.758816 0.000000
0.000000 0.000000
0.000000 0.000000
9.833585 0.000000
19.568340 0.000000
29.204265 0.000000
52.849437 0.000000
87.217240 0.000000
96.297277 0.000000
118.297028 0.000000
160.677185 0.000000
196.340194 0.000000
240.431780 0.000000
300.686389 0.000000
404.443849 0.000000
476.040940 0.000000
513.520811 0.000000
613.477909 0.000000
676.848156 0.000000
639.580838 0.000000
507.266211 0.000000
519.056268 0.000000
529.821842 0.000000
559.288990 0.000000
623.646256 0.000000
840.129473 0.000000
1232.101475 0.000000
1594.757658 0.000000
1898.546010 0.000000
2110.315891 0.000000
2507.353928 0.000000
2893.384558 0.000000
3147.866435 0.000000
3277.626630 0.000000
3063.241145 0.000000
2354.684797 0.000000
1438.710416 0.000000
952.028253 0.000000
358.910174 0.000000
415.394392 0.000000
485.627961 0.000000
549.723267 0.000000
630.113413 0.000000
729.802545 0.000000
834.663992 0.000000
857.310018 0.000000
792.145734 0.000000
582.570958 0.000000
172.892476 0.000000
61.572704 0.000000
70.772935 0.000000
72.356865 0.000000
72.442651 0.000000
56.653302 0.000000
75.430623 0.000000
87.196100 0.000000
96.811075 0.000000
114.916186 0.000000
134.433469 0.000000
159.757033 0.000000
189.262544 0.000000
223.202129 0.000000
241.588323 0.000000
252.815135 0.000000
233.153574 0.000000
215.233388 0.000000
272.536132 0.000000
316.208504 0.000000
354.289272 0.000000
351.107653 0.000000
382.161353 0.000000
371.501706 0.000000
284.676223 0.000000
129.141848 0.000000
0.000000 0.000000
0.000000 0.000000
0.000000 0.000000
11.867564 0.000000
23.615856 0.000000
35.244876 0.000000
63.780702 0.000000
91.541260 0.000000
129.141758 0.000000
139.399150 0.000000
174.614208 0.000000
224.186633 0.000000
256.047166 0.000000
300.610167 0.000000
353.030211 0.000000
400.112775 0.000000
444.787605 0.000000
470.774036 0.000000
496.782975 0.000000
483.156411 0.000000
372.755748 0.000000
300.410111 0.000000
131.915570 0.000000
31.473291 0.000000
20.422773 0.000000
40.640292 0.000000
60.652557 0.000000
80.459568 0.000000
100.061325 0.000000
138.649077 0.000000
176.415813 0.000000
276.500274 0.000000
345.706239 0.000000
411.628140 0.000000
499.248373 0.000000
558.021751 0.000000
639.885155 0.000000
792.295704 0.000000
924.889280 0.000000
1013.224899 0.000000
1089.486489 0.000000
1002.906718 0.000000
619.935536 0.000000
165.311943 0.000000
0.000000 0.000000
0.000000 0.000000
0.000000 0.000000
0.000000 0.000000
0.000000 0.000000
0.000000 0.000000
0.000000 0.000000
0.000000 0.000000
0.000000 0.000000
0.000000 0.000000
0.000000 0.000000
0.000000 0.000000
0.000000 0.000000
0.000000 0.000000
0.000000 0.000000
0.000000 0.000000
0.000000 0.000000
0.000000 0.000000
0.000000 0.000000
0.000000 0.000000
0.000000 0.000000
0.000000 0.000000
0.000000 0.000000
4.514912 0.000000
8.984448 0.000000
13.408608 0.000000
17.787392 0.000000
26.408832 0.000000
34.848768 0.000000
43.107200 0.000000
55.154528 0.000000
74.325888 0.000000
95.834112 0.000000
110.887600 0.000000
132.441200 0.000000
156.853488 0.000000
183.670704 0.000000
205.893600 0.000000
221.468912 0.000000
224.520448 0.000000
206.177200 0.000000
134.562528 0.000000
13.204416 0.000000
0.000000 0.000000
0.000000 0.000000
0.000000 0.000000
0.000000 0.000000
0.000000 0.000000
0.000000 0.000000
0.000000 0.000000
0.000000 0.000000
0.000000 0.000000
0.000000 0.000000
0.000000 0.000000
0.000000 0.000000
0.000000 0.000000
0.000000 0.000000
0.000000 0.000000
0.000000 0.000000
0.000000 0.000000
0.000000 0.000000
0.000000 0.000000
0.000000 0.000000
0.000000 0.000000
0.000000 0.000000
0.000000 0.000000
0.000000 0.000000
0.000000 0.000000
0.000000 0.000000
0.000000 0.000000
0.000000 0.000000
0.000000 0.000000
0.000000 0.000000
0.000000 0.000000
0.000000 0.000000
0.000000 0.000000
0.000000 0.000000
0.000000 0.000000
0.000000 0.000000
0.000000 0.000000
0.000000 0.000000
0.000000 0.000000
0.000000 0.000000
0.000000 0.000000
0.000000 0.000000
0.000000 0.000000
0.000000 0.000000
3.936021 0.000000
7.832484 0.000000
15.506736 0.000000
19.284525 0.000000
30.360581 0.000000
37.500624 0.000000
40.086511 0.000000
52.947621 0.000000
65.037210 0.000000
78.545949 0.000000
101.800469 0.000000
116.800134 0.000000
142.839122 0.000000
159.194314 0.000000
165.521877 0.000000
164.673149 0.000000
138.484870 0.000000
109.471806 0.000000
93.405331 0.000000
66.118843 0.000000
15.813516 0.000000
14.081479 0.000000
18.465420 0.000000
23.249860 0.000000
29.909739 0.000000
34.108068 0.000000
40.029768 0.000000
44.043672 0.000000
46.728888 0.000000
43.200340 0.000000
27.621510 0.000000
28.673964 0.000000
27.867474 0.000000
21.458196 0.000000
9.260112 0.000000
1.767171 0.000000
2.124684 0.000000
2.930247 0.000000
3.563388 0.000000
4.392435 0.000000
4.898268 0.000000
5.491175 0.000000
5.869541 0.000000
5.995294 0.000000
5.019606 0.000000
2.626364 0.000000
2.913861 0.000000
3.209507 0.000000
3.275783 0.000000
2.931929 0.000000
1.705479 0.000000
0.841995 0.000000
0.403464 0.000000
0.464436 0.000000
0.565758 0.000000
0.658347 0.000000
0.723009 0.000000
0.755192 0.000000
0.752785 0.000000
0.599965 0.000000
0.254298 0.000000
0.020415 0.000000
0.022285 0.000000
0.034614 0.000000
0.043140 0.000000
0.056269 0.000000
0.065685 0.000000
0.084711 0.000000
0.099244 0.000000
0.113870 0.000000
0.135534 0.000000
0.152750 0.000000
0.169274 0.000000
0.160666 0.000000
0.102184 0.000000
0.081413 0.000000
0.049884 0.000000
0.013756 0.000000
0.016896 0.000000
0.020400 0.000000
0.026072 0.000000
0.031520 0.000000
0.034622 0.000000
0.038412 0.000000
0.039447 0.000000
0.036323 0.000000
0.026155 0.000000
0.014374 0.000000
0.016191 0.000000
0.018700 0.000000
0.019803 0.000000
0.019095 0.000000
0.014094 0.000000
0.007815 0.000000
7.515103 0.000000
14.947822 0.000000
29.584558 0.000000
40.354387 0.000000
47.446763 0.000000
54.462768 0.000000
68.270115 0.000000
81.775408 0.000000
101.467147 0.000000
147.698802 0.000000
173.370503 0.000000
212.773558 0.000000
258.609262 0.000000
314.912257 0.000000
355.277424 0.000000
375.468580 0.000000
360.038427 0.000000
285.096314 0.000000
106.457273 0.000000
0.000000 0.000000
0.000000 0.000000
0.000000 0.000000
0.000000 0.000000
0.000000 0.000000
0.000000 0.000000
0.000000 0.000000
0.000000 0.000000
0.000000 0.000000
0.000000 0.000000
0.000000 0.000000
0.000000 0.000000
0.000000 0.000000
0.000000 0.000000
0.000000 0.000000
0.000000 0.000000
0.000000 0.000000
0.000000 0.000000
0.000000 0.000000
0.000000 0.000000
0.000000 0.000000
0.000000 0.000000
0.000000 0.000000
0.000000 0.000000
0.000000 0.000000
0.000000 0.000000
0.000000 0.000000
0.000000 0.000000
0.000000 0.000000
0.000000 0.000000
0.000000 0.000000
0.000000 0.000000
0.000000 0.000000
0.000000 0.000000
0.000000 0.000000
0.000000 0.000000
0.000000 0.000000
0.000000 0.000000
0.000000 0.000000
0.000000 0.000000
0.000000 0.000000
0.000000 0.000000
0.000000 0.000000
0.000000 0.000000
0.000000 0.000000
0.000000 0.000000
0.000000 0.000000
0.000000 0.000000
0.000000 0.000000
0.000000 0.000000
0.000000 0.000000
0.000000 0.000000
0.000000 0.000000
0.000000 0.000000
0.000000 0.000000
0.000000 0.000000
0.000000 0.000000
0.000000 0.000000
0.000000 0.000000
0.000000 0.000000
0.000000 0.000000
0.274620 0.000000
0.274620 0.000000
0.546480 0.000000
0.815580 0.000000
1.213710 0.000000
1.863000 0.000000
2.370840 0.000000
2.988390 0.000000
4.287660 0.000000
5.715270 0.000000
7.352295 0.000000
8.206860 0.000000
9.506820 0.000000
10.962375 0.000000
12.376185 0.000000
19.373037 0.000000
25.239834 0.000000
29.847767 0.000000
26.953907 0.000000
22.300690 0.000000
27.083323 0.000000
38.723455 0.000000
58.477806 0.000000
72.104151 0.000000
104.553249 0.000000
132.198496 0.000000
158.989288 0.000000
208.405933 0.000000
235.781826 0.000000
267.060915 0.000000
289.394329 0.000000
304.013856 0.000000
284.063328 0.000000
213.298923 0.000000
95.907195 0.000000
33.971670 0.000000
41.916201 0.000000
52.008472 0.000000
57.531787 0.000000
63.505435 0.000000
72.539229 0.000000
79.390638 0.000000
80.661333 0.000000
68.802643 0.000000
34.523503 0.000000
12.268275 0.000000
0.000000 0.000000
0.000000 0.000000
0.000000 0.000000
0.000000 0.000000
0.000000 0.000000
0.000000 0.000000
0.000000 0.000000
0.000000 0.000000
0.000000 0.000000
0.000000 0.000000
0.000000 0.000000
0.000000 0.000000
0.000000 0.000000
0.000000 0.000000
0.000000 0.000000
0.000000 0.000000
0.000000 0.000000
0.000000 0.000000
0.000000 0.000000
0.000000 0.000000
0.000000 0.000000
0.000000 0.000000
0.000000 0.000000
0.000000 0.000000
0.000000 0.000000
0.000000 0.000000
0.000000 0.000000
0.000000 0.000000
0.000000 0.000000
0.000000 0.000000
0.000000 0.000000
0.000000 0.000000
0.000000 0.000000
0.000000 0.000000
0.000000 0.000000
0.000000 0.000000
0.000000 0.000000
0.000000 0.000000
0.000000 0.000000
0.000000 0.000000
0.000000 0.000000
0.000000 0.000000
0.000000 0.000000
0.000000 0.000000
0.000000 0.000000
0.000000 0.000000
0.000000 0.000000
0.000000 0.000000
0.000000 0.000000
0.000000 0.000000
0.000000 0.000000
0.000000 0.000000
0.000000 0.000000
0.000000 0.000000
0.000000 0.000000
0.000000 0.000000
0.000000 0.000000
0.000000 0.000000
0.000000 0.000000
0.000000 0.000000
0.000000 0.000000
0.000000 0.000000
0.000000 0.000000
0.000000 0.000000
0.000000 0.000000
0.000000 0.000000
0.000000 0.000000
0.000000 0.000000
0.000000 0.000000
0.000000 0.000000
0.000000 0.000000
0.000000 0.000000
0.000000 0.000000
0.000000 0.000000
0.000000 0.000000
0.000000 0.000000
0.000000 0.000000
0.000000 0.000000
0.000000 0.000000
0.000000 0.000000
0.000000 0.000000
0.000000 0.000000
0.000000 0.000000
0.000000 0.000000
0.000000 0.000000
0.000000 0.000000
0.000000 0.000000
0.000000 0.000000
0.000000 0.000000
0.000000 0.000000
0.000000 0.000000
0.000000 0.000000
0.000000 0.000000
0.000000 0.000000
