4687328.084403 0.000000
4521527.111970 0.000000
4434400.974650 0.000000
4227662.634022 0.000000
3919680.289439 0.000000
3755387.630321 0.000000
3530437.246989 0.000000
3302459.636761 0.000000
3132037.193614 0.000000
2920628.167231 0.000000
2734857.005883 0.000000
2442024.698037 0.000000
2274063.808883 0.000000
2363274.795531 0.000000
2323869.174793 0.000000
2143565.454646 0.000000
2126451.907017 0.000000
2056377.744747 0.000000
2034743.681024 0.000000
1886790.669570 0.000000
1691126.879857 0.000000
1317057.392293 0.000000
1126935.446456 0.000000
1004957.559325 0.000000
1005043.473683 0.000000
1096396.964598 0.000000
1094941.439813 0.000000
1041714.892518 0.000000
1019470.655844 0.000000
887438.336370 0.000000
805607.738244 0.000000
832803.510870 0.000000
809475.004822 0.000000
808891.160127 0.000000
749271.730399 0.000000
745481.467365 0.000000
651821.620068 0.000000
655526.906874 0.000000
700800.805217 0.000000
704737.185661 0.000000
653520.672825 0.000000
646131.330624 0.000000
635480.003517 0.000000
670279.447595 0.000000
728197.919046 0.000000
736730.876099 0.000000
633203.754123 0.000000
575921.618155 0.000000
634790.943136 0.000000
650535.934585 0.000000
649251.093037 0.000000
470512.050483 0.000000
473354.972963 0.000000
364779.216951 0.000000
330728.229674 0.000000
406935.302298 0.000000
439320.899247 0.000000
456388.579893 0.000000
514095.087498 0.000000
474471.557490 0.000000
345338.919052 0.000000
277098.155277 0.000000
196318.233533 0.000000
92472.737100 0.000000
43332.406055 0.000000
28045.512389 0.000000
35217.782061 0.000000
40745.965665 0.000000
48001.655184 0.000000
61709.671178 0.000000
70821.862721 0.000000
78212.474228 0.000000
67272.216715 0.000000
55630.685815 0.000000
55078.065505 0.000000
54020.328839 0.000000
59960.065207 0.000000
73782.921081 0.000000
83532.429435 0.000000
85025.454201 0.000000
64344.473242 0.000000
51394.201007 0.000000
44875.811218 0.000000
45696.808738 0.000000
43477.904412 0.000000
38656.381183 0.000000
32941.398627 0.000000
34001.494549 0.000000
35212.224467 0.000000
32158.779169 0.000000
28564.694461 0.000000
21331.192807 0.000000
16816.916619 0.000000
19367.378999 0.000000
21096.939224 0.000000
21811.069664 0.000000
19849.278150 0.000000
10882.818725 0.000000
3789.836565 0.000000
69.087900 0.000000
268.292894 0.000000
409.997252 0.000000
2171.593409 0.000000
3802.544709 0.000000
6631.185857 0.000000
8636.229945 0.000000
11511.187164 0.000000
12959.179308 0.000000
17013.543523 0.000000
21340.328427 0.000000
33496.743040 0.000000
44503.189980 0.000000
49488.198105 0.000000
63655.947984 0.000000
72572.222532 0.000000
80165.138711 0.000000
88335.397191 0.000000
98310.478930 0.000000
94398.050957 0.000000
84425.349763 0.000000
94678.157264 0.000000
113601.477502 0.000000
134645.625173 0.000000
158075.619032 0.000000
174995.759412 0.000000
188586.299277 0.000000
189497.905728 0.000000
176689.081576 0.000000
136309.680769 0.000000
146738.030745 0.000000
154287.692884 0.000000
137496.888707 0.000000
101515.035445 0.000000
111517.178695 0.000000
104040.686380 0.000000
68505.778827 0.000000
71792.711060 0.000000
82876.265782 0.000000
97260.679659 0.000000
106258.420194 0.000000
72937.681815 0.000000
44504.277417 0.000000
51705.694145 0.000000
49820.222826 0.000000
54289.850552 0.000000
58565.776358 0.000000
55941.167074 0.000000
52928.214901 0.000000
39489.277219 0.000000
20900.149102 0.000000
23651.939975 0.000000
26822.471296 0.000000
30300.544076 0.000000
31876.140445 0.000000
27063.312799 0.000000
12724.622270 0.000000
2676.153124 0.000000
2229.600300 0.000000
2702.886700 0.000000
3189.087352 0.000000
3740.462356 0.000000
4250.664116 0.000000
5178.145142 0.000000
6038.841083 0.000000
7537.422608 0.000000
8045.752822 0.000000
8946.254907 0.000000
8246.445483 0.000000
2125.764541 0.000000
590.248746 0.000000
1008.876319 0.000000
1688.242377 0.000000
2923.978597 0.000000
4439.113084 0.000000
5169.501405 0.000000
6620.256528 0.000000
7271.838227 0.000000
8040.762931 0.000000
10718.961281 0.000000
12655.749273 0.000000
14695.360852 0.000000
16864.377935 0.000000
19762.953825 0.000000
22279.894638 0.000000
24135.272541 0.000000
24868.394375 0.000000
23274.812353 0.000000
17974.506229 0.000000
16128.352724 0.000000
9108.526909 0.000000
6070.821854 0.000000
4851.580423 0.000000
3130.191112 0.000000
2252.061080 0.000000
3038.503749 0.000000
4163.210417 0.000000
5016.997142 0.000000
6588.399419 0.000000
8720.677685 0.000000
10830.945161 0.000000
13041.919311 0.000000
14668.259178 0.000000
15989.161705 0.000000
16562.684750 0.000000
14555.223531 0.000000
9124.055219 0.000000
2996.195240 0.000000
3943.337774 0.000000
4913.802542 0.000000
6056.366311 0.000000
7302.872837 0.000000
8539.524695 0.000000
9988.022495 0.000000
11014.227048 0.000000
11315.918167 0.000000
11080.466790 0.000000
9901.370171 0.000000
7149.653514 0.000000
1604.808455 0.000000
3446.789350 0.000000
6790.677455 0.000000
6790.677455 0.000000
6801.636136 0.000000
10222.723167 0.000000
10379.677081 0.000000
13873.697516 0.000000
20461.491682 0.000000
25452.909925 0.000000
33195.971233 0.000000
45344.593171 0.000000
61143.753596 0.000000
72422.251313 0.000000
85077.550067 0.000000
98246.369319 0.000000
116924.433197 0.000000
139936.921091 0.000000
154348.493298 0.000000
161273.586074 0.000000
150770.002981 0.000000
121009.572120 0.000000
96861.612213 0.000000
94958.056630 0.000000
76723.660987 0.000000
49684.706130 0.000000
28370.795034 0.000000
35263.291073 0.000000
44318.855865 0.000000
57036.778665 0.000000
73205.177092 0.000000
84454.577741 0.000000
96661.737939 0.000000
102240.300390 0.000000
103329.963289 0.000000
113476.954120 0.000000
124574.333081 0.000000
122514.955793 0.000000
111114.789768 0.000000
100580.752558 0.000000
88253.210771 0.000000
63593.985315 0.000000
39903.995508 0.000000
46493.898573 0.000000
53705.450863 0.000000
61133.109943 0.000000
63118.111765 0.000000
58756.125902 0.000000
60308.478956 0.000000
59480.675192 0.000000
64887.976348 0.000000
75359.624812 0.000000
81444.569997 0.000000
84783.333702 0.000000
74960.250736 0.000000
90519.377646 0.000000
110247.057048 0.000000
148264.919433 0.000000
185678.001987 0.000000
218842.720873 0.000000
251500.648189 0.000000
293281.051351 0.000000
329990.533337 0.000000
322605.737620 0.000000
281335.758693 0.000000
192318.147820 0.000000
138504.320485 0.000000
97787.320120 0.000000
62928.872655 0.000000
86490.916507 0.000000
105568.249249 0.000000
122473.233069 0.000000
152092.244718 0.000000
182259.036776 0.000000
193456.826069 0.000000
216316.891805 0.000000
236313.441771 0.000000
254336.516213 0.000000
251528.801951 0.000000
232657.818929 0.000000
203682.276562 0.000000
197078.490853 0.000000
216024.593022 0.000000
238107.563537 0.000000
241241.243676 0.000000
214594.746462 0.000000
198077.562062 0.000000
205300.469264 0.000000
198255.311585 0.000000
183936.160872 0.000000
125434.957556 0.000000
98892.712228 0.000000
59430.248883 0.000000
55892.402540 0.000000
39638.244371 0.000000
46399.607340 0.000000
51509.333309 0.000000
54001.639243 0.000000
50971.143770 0.000000
39744.588536 0.000000
46629.623483 0.000000
52399.153781 0.000000
59645.920480 0.000000
62691.678451 0.000000
61786.287243 0.000000
70816.606706 0.000000
75932.850878 0.000000
73666.079235 0.000000
57791.918473 0.000000
35375.916818 0.000000
39545.420760 0.000000
46078.849459 0.000000
55121.879140 0.000000
61057.203299 0.000000
65604.893913 0.000000
63831.092795 0.000000
52290.598020 0.000000
46982.219044 0.000000
38281.211082 0.000000
30381.186897 0.000000
35554.017118 0.000000
42303.888979 0.000000
46112.971750 0.000000
49168.601200 0.000000
46805.752260 0.000000
36860.536253 0.000000
30163.145932 0.000000
32862.864769 0.000000
33661.733795 0.000000
32759.190827 0.000000
32415.110878 0.000000
25503.156076 0.000000
22540.544694 0.000000
18468.195633 0.000000
13494.707095 0.000000
16423.023151 0.000000
18720.705874 0.000000
20381.181027 0.000000
23222.771502 0.000000
26022.639867 0.000000
26728.124480 0.000000
24192.244141 0.000000
17327.904805 0.000000
10165.057548 0.000000
11750.466886 0.000000
13252.541379 0.000000
14052.666324 0.000000
13982.569794 0.000000
11431.774168 0.000000
7702.484963 0.000000
9120.275301 0.000000
10922.786204 0.000000
11389.829149 0.000000
11802.240385 0.000000
10499.548797 0.000000
11947.780898 0.000000
14477.211012 0.000000
15988.377031 0.000000
17013.812464 0.000000
16169.829353 0.000000
14558.210979 0.000000
13149.091013 0.000000
12238.712488 0.000000
12004.571759 0.000000
12194.052966 0.000000
11565.596654 0.000000
9085.297905 0.000000
7110.423959 0.000000
6779.497711 0.000000
6854.283084 0.000000
7385.531886 0.000000
4829.553332 0.000000
5762.352657 0.000000
6866.013189 0.000000
7878.620037 0.000000
8974.315983 0.000000
9876.107916 0.000000
10288.065727 0.000000
9770.893222 0.000000
7265.093769 0.000000
1998.244749 0.000000
2404.172279 0.000000
3165.726561 0.000000
3731.024333 0.000000
4655.886057 0.000000
5562.494057 0.000000
6719.375209 0.000000
8396.585158 0.000000
10047.930613 0.000000
10923.200995 0.000000
12683.540715 0.000000
13850.300405 0.000000
14688.467318 0.000000
14246.732119 0.000000
12559.632927 0.000000
10097.666401 0.000000
7708.920352 0.000000
4146.288323 0.000000
1681.606705 0.000000
2162.346496 0.000000
2620.854994 0.000000
3307.345532 0.000000
4071.108335 0.000000
4912.451621 0.000000
5877.346100 0.000000
6582.737940 0.000000
6598.392500 0.000000
6327.933666 0.000000
5469.363909 0.000000
4353.872842 0.000000
4209.144996 0.000000
3750.111244 0.000000
4231.310379 0.000000
5277.299637 0.000000
6211.035636 0.000000
7055.703482 0.000000
8253.749178 0.000000
9356.912246 0.000000
9682.165733 0.000000
10088.064329 0.000000
9561.184766 0.000000
8268.600767 0.000000
4747.372077 0.000000
1813.260347 0.000000
2015.398261 0.000000
2191.103270 0.000000
1949.857279 0.000000
1907.273266 0.000000
2110.485612 0.000000
2391.139885 0.000000
2894.872231 0.000000
3252.030967 0.000000
3544.636568 0.000000
3840.083180 0.000000
4081.744356 0.000000
4340.979526 0.000000
4472.587836 0.000000
4624.139644 0.000000
5205.774494 0.000000
5473.330243 0.000000
5535.345048 0.000000
4759.843375 0.000000
3962.041762 0.000000
3674.282002 0.000000
2075.442173 0.000000
2332.598907 0.000000
3172.588424 0.000000
4475.101769 0.000000
5297.592119 0.000000
6523.133782 0.000000
7648.475493 0.000000
8631.384177 0.000000
9753.524032 0.000000
10177.599502 0.000000
11479.184593 0.000000
12247.043530 0.000000
11834.629785 0.000000
9611.467570 0.000000
3168.633446 0.000000
403.866162 0.000000
404.049492 0.000000
799.936368 0.000000
1187.660628 0.000000
1540.854407 0.000000
2069.949393 0.000000
2905.782736 0.000000
3752.612152 0.000000
5109.964531 0.000000
6428.423957 0.000000
7374.938153 0.000000
8916.840633 0.000000
9911.199944 0.000000
10941.589820 0.000000
11352.265616 0.000000
11253.999317 0.000000
9163.262605 0.000000
10040.189092 0.000000
10762.967051 0.000000
10658.658452 0.000000
10688.859589 0.000000
9929.812244 0.000000
10307.067518 0.000000
10505.186434 0.000000
9585.115889 0.000000
6486.673583 0.000000
4552.596333 0.000000
3087.857101 0.000000
3163.490931 0.000000
3931.186164 0.000000
4860.245022 0.000000
5842.025588 0.000000
6750.424093 0.000000
7846.413113 0.000000
9116.323593 0.000000
11210.369432 0.000000
12158.887864 0.000000
10499.408153 0.000000
11682.158620 0.000000
10609.493748 0.000000
9923.032304 0.000000
8753.137686 0.000000
10121.687963 0.000000
11502.738784 0.000000
13048.691974 0.000000
15530.998122 0.000000
17974.004426 0.000000
19713.094105 0.000000
21515.111717 0.000000
21917.238620 0.000000
19677.378819 0.000000
14934.815574 0.000000
16621.983144 0.000000
15181.630859 0.000000
13494.001435 0.000000
12626.489691 0.000000
10076.560157 0.000000
6113.143764 0.000000
6743.655317 0.000000
7711.452695 0.000000
8153.475787 0.000000
8048.187165 0.000000
6878.760425 0.000000
4647.258393 0.000000
3660.529732 0.000000
3912.261377 0.000000
3323.546075 0.000000
2053.300381 0.000000
1970.504698 0.000000
2465.255054 0.000000
3125.310853 0.000000
3819.397260 0.000000
4657.477590 0.000000
5567.743456 0.000000
6077.977482 0.000000
6413.930871 0.000000
5770.614119 0.000000
3502.129887 0.000000
2840.778123 0.000000
3276.332731 0.000000
4208.011836 0.000000
5280.105983 0.000000
6442.332535 0.000000
7602.154024 0.000000
9196.243558 0.000000
9781.075429 0.000000
10543.739409 0.000000
7037.628733 0.000000
5542.821908 0.000000
6235.852050 0.000000
6970.765382 0.000000
7916.502328 0.000000
10251.383815 0.000000
12322.303372 0.000000
14264.457973 0.000000
16624.845118 0.000000
20379.241287 0.000000
23307.872535 0.000000
29883.274381 0.000000
35713.065180 0.000000
40714.649872 0.000000
45722.033264 0.000000
48175.211203 0.000000
48883.654035 0.000000
46891.265878 0.000000
36463.504827 0.000000
24040.736203 0.000000
8712.899665 0.000000
6703.968542 0.000000
8430.175526 0.000000
11575.318236 0.000000
13368.595458 0.000000
16174.718381 0.000000
18037.820614 0.000000
20675.379693 0.000000
24776.455559 0.000000
29628.907390 0.000000
33840.373450 0.000000
38857.225784 0.000000
40360.213426 0.000000
44462.794938 0.000000
45883.144217 0.000000
42021.781097 0.000000
36870.100914 0.000000
27429.832710 0.000000
16146.998508 0.000000
7077.716197 0.000000
4678.961354 0.000000
5415.106252 0.000000
6885.280029 0.000000
8239.505462 0.000000
10472.014434 0.000000
12516.176277 0.000000
14129.986752 0.000000
17049.262071 0.000000
19008.339474 0.000000
20383.580555 0.000000
18961.912606 0.000000
20438.807496 0.000000
22325.251256 0.000000
23200.852449 0.000000
17874.934222 0.000000
14302.626735 0.000000
12547.682871 0.000000
14264.769352 0.000000
16441.584130 0.000000
18149.142442 0.000000
18794.954645 0.000000
18122.163990 0.000000
15779.119476 0.000000
14641.677016 0.000000
12994.068486 0.000000
12258.485004 0.000000
12457.402299 0.000000
14634.226948 0.000000
17163.728468 0.000000
18614.861617 0.000000
17692.184093 0.000000
17938.648364 0.000000
18365.855088 0.000000
17713.281136 0.000000
17335.178265 0.000000
17502.339046 0.000000
15236.185772 0.000000
10483.715106 0.000000
1709.468381 0.000000
0.000000 0.000000
0.000000 0.000000
0.000000 0.000000
0.000000 0.000000
0.000000 0.000000
260.364145 0.000000
398.332520 0.000000
686.338486 0.000000
871.554326 0.000000
1350.412430 0.000000
1742.739467 0.000000
1875.160925 0.000000
2108.782965 0.000000
2719.286469 0.000000
3664.074197 0.000000
4403.589775 0.000000
5437.767352 0.000000
6165.102445 0.000000
7269.048577 0.000000
8438.058026 0.000000
9624.982178 0.000000
8817.212577 0.000000
4764.012993 0.000000
5385.421365 0.000000
4813.078007 0.000000
4708.262881 0.000000
5114.950371 0.000000
5888.645770 0.000000
6836.452134 0.000000
8167.122214 0.000000
10019.795037 0.000000
12289.459085 0.000000
14204.465960 0.000000
16335.775524 0.000000
18238.788871 0.000000
19962.899717 0.000000
21571.449818 0.000000
23294.018309 0.000000
25847.123866 0.000000
28949.149887 0.000000
30721.640200 0.000000
26721.812806 0.000000
13279.573984 0.000000
4150.878717 0.000000
837.764566 0.000000
1114.586420 0.000000
1387.838746 0.000000
2246.497684 0.000000
2922.759802 0.000000
3664.335899 0.000000
4619.103560 0.000000
5708.984929 0.000000
6939.684792 0.000000
8644.791998 0.000000
10653.381136 0.000000
11863.076446 0.000000
12751.536205 0.000000
12002.824207 0.000000
9505.226337 0.000000
5287.371111 0.000000
4139.828202 0.000000
3579.058753 0.000000
4639.545359 0.000000
5732.221108 0.000000
6995.012534 0.000000
8241.663697 0.000000
8961.278629 0.000000
9330.365764 0.000000
8796.835325 0.000000
7780.137998 0.000000
5610.938804 0.000000
4794.517851 0.000000
2838.540589 0.000000
88.926901 0.000000
24.490532 0.000000
60.734058 0.000000
333.750210 0.000000
470.685602 0.000000
716.033042 0.000000
954.137580 0.000000
1385.067766 0.000000
2179.468485 0.000000
2795.592954 0.000000
3129.234781 0.000000
3861.713622 0.000000
4773.843116 0.000000
5410.563659 0.000000
6191.761009 0.000000
6524.299068 0.000000
4872.885058 0.000000
4290.509859 0.000000
2691.903365 0.000000
949.053195 0.000000
973.770060 0.000000
1382.945484 0.000000
2122.438863 0.000000
2641.544033 0.000000
3671.823923 0.000000
6201.139976 0.000000
7666.376143 0.000000
10136.173758 0.000000
12112.190915 0.000000
16076.675645 0.000000
19194.861489 0.000000
21885.532072 0.000000
23971.090713 0.000000
27275.011042 0.000000
27381.662625 0.000000
29947.828438 0.000000
30768.018385 0.000000
28964.824859 0.000000
33722.956603 0.000000
38200.932183 0.000000
42558.618701 0.000000
47948.574896 0.000000
49769.554146 0.000000
45363.410653 0.000000
29660.335115 0.000000
20527.759252 0.000000
6698.477042 0.000000
7811.537791 0.000000
9867.888351 0.000000
12363.192242 0.000000
13687.083886 0.000000
14973.831582 0.000000
14876.470946 0.000000
12793.642799 0.000000
7626.330569 0.000000
7648.486828 0.000000
7677.357452 0.000000
6656.823757 0.000000
4710.595943 0.000000
1759.060983 0.000000
2090.412542 0.000000
2687.048857 0.000000
3055.764828 0.000000
3564.934976 0.000000
4060.315680 0.000000
4268.388938 0.000000
3957.950538 0.000000
3555.382109 0.000000
3282.569746 0.000000
3646.435208 0.000000
4232.897078 0.000000
4636.896855 0.000000
4855.454663 0.000000
4563.398787 0.000000
3041.857321 0.000000
1353.756839 0.000000
1355.040846 0.000000
1553.647547 0.000000
1814.162221 0.000000
2125.491456 0.000000
2423.368482 0.000000
2707.279056 0.000000
2740.720001 0.000000
2859.830029 0.000000
2093.101463 0.000000
1144.736866 0.000000
745.419963 0.000000
931.425996 0.000000
1168.236358 0.000000
1734.120239 0.000000
2384.308911 0.000000
2773.576768 0.000000
3891.352337 0.000000
4758.370156 0.000000
5621.831732 0.000000
7149.079726 0.000000
7803.501661 0.000000
8596.096221 0.000000
6006.707272 0.000000
6401.343389 0.000000
7353.223566 0.000000
7982.934603 0.000000
8584.736089 0.000000
8590.855910 0.000000
9004.096469 0.000000
9894.441292 0.000000
10384.523923 0.000000
9361.859875 0.000000
7262.819255 0.000000
7028.292122 0.000000
7596.454193 0.000000
7279.392185 0.000000
6719.709632 0.000000
7511.748965 0.000000
8651.016411 0.000000
9251.715884 0.000000
8742.628079 0.000000
6953.746656 0.000000
3760.385284 0.000000
440.244098 0.000000
111.483581 0.000000
221.846724 0.000000
414.473949 0.000000
496.773884 0.000000
567.736710 0.000000
847.468545 0.000000
1196.901442 0.000000
1499.349771 0.000000
1819.575374 0.000000
2501.923819 0.000000
3134.982648 0.000000
3850.503486 0.000000
4582.477077 0.000000
5612.131610 0.000000
6585.735141 0.000000
7298.026658 0.000000
7710.311851 0.000000
8146.149542 0.000000
7406.822173 0.000000
6230.085299 0.000000
6074.768560 0.000000
5659.584547 0.000000
4250.057228 0.000000
4674.540060 0.000000
5684.605225 0.000000
7103.626952 0.000000
7677.911700 0.000000
7827.747313 0.000000
7197.343265 0.000000
6482.206760 0.000000
5606.266808 0.000000
3920.823111 0.000000
3131.323997 0.000000
1762.165439 0.000000
2261.596863 0.000000
2521.506117 0.000000
2797.339773 0.000000
3091.959395 0.000000
3507.090478 0.000000
4075.337653 0.000000
4344.440820 0.000000
4530.008554 0.000000
4065.704335 0.000000
4153.592514 0.000000
4980.955923 0.000000
5540.934825 0.000000
5657.167909 0.000000
5541.196694 0.000000
6196.072858 0.000000
6795.668112 0.000000
7305.294234 0.000000
7676.441694 0.000000
7009.909836 0.000000
6015.416168 0.000000
1468.537971 0.000000
2078.754144 0.000000
2595.061178 0.000000
3264.018869 0.000000
4252.576798 0.000000
4619.518063 0.000000
5628.944689 0.000000
6619.048447 0.000000
7364.911154 0.000000
7674.669542 0.000000
6413.381287 0.000000
3365.415896 0.000000
1486.346203 0.000000
1463.518094 0.000000
2249.423899 0.000000
3059.655806 0.000000
3552.930224 0.000000
4376.881606 0.000000
5196.700843 0.000000
6567.387230 0.000000
7842.348217 0.000000
9272.271887 0.000000
10403.727064 0.000000
11274.521855 0.000000
11286.975075 0.000000
10201.217203 0.000000
8837.673867 0.000000
5854.263821 0.000000
5371.683682 0.000000
5550.259747 0.000000
5040.765847 0.000000
4317.531387 0.000000
5158.668300 0.000000
6318.870726 0.000000
7004.654025 0.000000
8288.400519 0.000000
8587.736658 0.000000
9284.810842 0.000000
9889.176331 0.000000
9624.895897 0.000000
6041.569598 0.000000
5030.034884 0.000000
5432.302332 0.000000
5407.860642 0.000000
4901.628317 0.000000
4159.529673 0.000000
3267.209484 0.000000
3000.373908 0.000000
2759.417597 0.000000
2991.446902 0.000000
3130.667027 0.000000
3302.036588 0.000000
4351.330699 0.000000
5254.456562 0.000000
6512.656410 0.000000
8142.795386 0.000000
9140.568475 0.000000
10273.212639 0.000000
11386.983059 0.000000
11296.299513 0.000000
10366.130179 0.000000
11281.081364 0.000000
8446.212906 0.000000
8460.379614 0.000000
7490.374732 0.000000
5114.097739 0.000000
4392.609805 0.000000
4948.293487 0.000000
5113.894704 0.000000
5540.509442 0.000000
6290.783108 0.000000
6763.593938 0.000000
7662.958384 0.000000
8549.158689 0.000000
9158.941889 0.000000
9550.287957 0.000000
8641.237500 0.000000
7347.792976 0.000000
8305.920435 0.000000
9347.740392 0.000000
9600.981012 0.000000
9704.552738 0.000000
9539.018535 0.000000
6195.381051 0.000000
6464.634309 0.000000
4510.533350 0.000000
2914.355202 0.000000
4365.431620 0.000000
5806.966872 0.000000
8634.653865 0.000000
10538.504874 0.000000
12857.950681 0.000000
17015.696933 0.000000
22443.736623 0.000000
26532.803312 0.000000
30255.729235 0.000000
34454.315660 0.000000
38898.320908 0.000000
36599.349713 0.000000
33179.327932 0.000000
29579.939144 0.000000
26648.619879 0.000000
23877.753555 0.000000
18529.325504 0.000000
2632.114883 0.000000
1510.039095 0.000000
1838.263620 0.000000
2263.920309 0.000000
2648.308236 0.000000
3190.940704 0.000000
3599.291870 0.000000
3804.180577 0.000000
3787.215786 0.000000
3588.173069 0.000000
2458.875365 0.000000
1092.960457 0.000000
85.377875 0.000000
91.069308 0.000000
135.914043 0.000000
202.261158 0.000000
509.128952 0.000000
833.737478 0.000000
1153.894247 0.000000
1987.190242 0.000000
2829.064753 0.000000
4023.518050 0.000000
5188.169590 0.000000
6511.039444 0.000000
7780.278242 0.000000
9205.482853 0.000000
10746.784479 0.000000
11858.792924 0.000000
12705.051693 0.000000
13024.732354 0.000000
12373.315039 0.000000
9086.478674 0.000000
5794.871376 0.000000
6439.086129 0.000000
6617.116398 0.000000
5773.272845 0.000000
3002.648062 0.000000
3557.221629 0.000000
4002.012765 0.000000
5227.646678 0.000000
5995.620192 0.000000
6531.531989 0.000000
7395.749467 0.000000
7603.530370 0.000000
8058.165381 0.000000
9623.049540 0.000000
10633.167381 0.000000
11607.379271 0.000000
11031.535055 0.000000
8070.868732 0.000000
6432.159125 0.000000
7311.993703 0.000000
7678.387196 0.000000
7727.888075 0.000000
6087.434207 0.000000
5158.854646 0.000000
4989.417393 0.000000
6133.879824 0.000000
6768.929496 0.000000
7914.568255 0.000000
8767.534874 0.000000
8909.466115 0.000000
8472.692654 0.000000
7038.161413 0.000000
3064.194900 0.000000
1472.141857 0.000000
327.517607 0.000000
448.383328 0.000000
524.957927 0.000000
644.240347 0.000000
842.528901 0.000000
1087.132483 0.000000
1252.167226 0.000000
1453.740859 0.000000
1873.039487 0.000000
2227.983926 0.000000
2398.301037 0.000000
2656.451977 0.000000
2694.130644 0.000000
2409.382755 0.000000
2169.792110 0.000000
2187.797663 0.000000
1934.439859 0.000000
1796.518790 0.000000
2022.201126 0.000000
2281.518561 0.000000
2476.877623 0.000000
2620.001326 0.000000
2355.548092 0.000000
2144.259738 0.000000
2048.302669 0.000000
1630.679557 0.000000
932.138367 0.000000
661.517825 0.000000
561.074768 0.000000
711.065258 0.000000
880.240649 0.000000
1148.902664 0.000000
1317.124749 0.000000
1413.431709 0.000000
1386.071094 0.000000
1188.144642 0.000000
947.964106 0.000000
732.836944 0.000000
960.956161 0.000000
1191.640583 0.000000
1565.082076 0.000000
1835.822349 0.000000
3001.111006 0.000000
3891.538409 0.000000
4876.574548 0.000000
5456.743743 0.000000
6249.434184 0.000000
6549.976054 0.000000
7175.602789 0.000000
8720.011110 0.000000
9938.888002 0.000000
12643.812931 0.000000
15680.828388 0.000000
18985.657429 0.000000
23278.334067 0.000000
25047.219655 0.000000
27288.408753 0.000000
28243.179296 0.000000
26692.386034 0.000000
19634.137788 0.000000
15944.234012 0.000000
11832.268668 0.000000
5591.135764 0.000000
1346.581631 0.000000
1905.023899 0.000000
2503.506782 0.000000
3495.312409 0.000000
4275.014585 0.000000
5429.420450 0.000000
6381.450960 0.000000
7206.810293 0.000000
7883.620851 0.000000
7507.932140 0.000000
5996.795412 0.000000
3736.893812 0.000000
3616.649720 0.000000
2360.049443 0.000000
134.482349 0.000000
175.968070 0.000000
240.311250 0.000000
266.519335 0.000000
292.136981 0.000000
420.237992 0.000000
597.406858 0.000000
701.010213 0.000000
842.333847 0.000000
1060.698950 0.000000
1217.298696 0.000000
1442.184286 0.000000
1611.396483 0.000000
1685.248902 0.000000
920.159842 0.000000
183.001977 0.000000
0.000000 0.000000
0.000000 0.000000
0.000000 0.000000
0.000000 0.000000
0.000000 0.000000
0.000000 0.000000
0.000000 0.000000
0.000000 0.000000
0.000000 0.000000
0.000000 0.000000
0.000000 0.000000
173.459743 0.000000
458.273010 0.000000
507.811675 0.000000
544.140501 0.000000
628.140563 0.000000
927.270589 0.000000
1046.178945 0.000000
1184.231711 0.000000
1328.381757 0.000000
1982.393014 0.000000
2348.740100 0.000000
3020.009392 0.000000
3651.474060 0.000000
4632.716300 0.000000
5184.759695 0.000000
5641.762799 0.000000
6109.274430 0.000000
6465.341531 0.000000
5774.926781 0.000000
1129.373353 0.000000
61.047080 0.000000
0.000000 0.000000
0.000000 0.000000
0.000000 0.000000
0.000000 0.000000
0.000000 0.000000
0.000000 0.000000
13.653222 0.000000
22.913463 0.000000
45.339450 0.000000
67.543589 0.000000
93.437071 0.000000
114.354923 0.000000
167.103823 0.000000
220.845071 0.000000
363.925633 0.000000
527.066111 0.000000
708.800579 0.000000
1007.491520 0.000000
1262.200154 0.000000
1484.480816 0.000000
1822.982193 0.000000
1840.500679 0.000000
2221.194958 0.000000
2629.825975 0.000000
3231.614415 0.000000
3841.311699 0.000000
4551.269696 0.000000
4889.257428 0.000000
5098.263081 0.000000
3322.664404 0.000000
3509.502494 0.000000
3921.192555 0.000000
4645.075635 0.000000
5212.379883 0.000000
5682.727346 0.000000
5541.760983 0.000000
4840.791276 0.000000
2892.979568 0.000000
2991.208089 0.000000
3246.506478 0.000000
3393.686942 0.000000
3363.175280 0.000000
2983.475399 0.000000
2294.864585 0.000000
2394.108912 0.000000
2273.313202 0.000000
1966.557172 0.000000
968.308621 0.000000
958.905650 0.000000
1491.120706 0.000000
1951.381148 0.000000
2312.029793 0.000000
2926.883577 0.000000
4190.812358 0.000000
5081.553708 0.000000
6342.862403 0.000000
7675.994256 0.000000
9403.615114 0.000000
11030.632111 0.000000
13859.383243 0.000000
16600.935720 0.000000
18476.026484 0.000000
18458.908219 0.000000
18691.746018 0.000000
19037.988141 0.000000
18317.149689 0.000000
17108.609201 0.000000
15576.375224 0.000000
11220.048112 0.000000
5555.130899 0.000000
6646.401285 0.000000
7729.557203 0.000000
8592.064054 0.000000
9881.681610 0.000000
10740.252828 0.000000
11186.010510 0.000000
10112.068253 0.000000
7178.205920 0.000000
6418.143045 0.000000
5515.215313 0.000000
4619.431676 0.000000
4598.375682 0.000000
4196.008244 0.000000
3265.386855 0.000000
4068.939096 0.000000
4728.137692 0.000000
5295.602471 0.000000
6263.629492 0.000000
7413.429483 0.000000
8685.220890 0.000000
9763.805812 0.000000
10055.890806 0.000000
10484.698375 0.000000
11085.417583 0.000000
10712.764751 0.000000
6982.550546 0.000000
4364.710346 0.000000
4412.658607 0.000000
5278.669122 0.000000
6101.073810 0.000000
6434.462302 0.000000
6263.348275 0.000000
3340.199628 0.000000
1591.218155 0.000000
1246.645015 0.000000
1655.826551 0.000000
1924.372705 0.000000
2104.090981 0.000000
2280.262286 0.000000
2458.881777 0.000000
2346.979420 0.000000
1730.552904 0.000000
811.792277 0.000000
940.906335 0.000000
1257.516496 0.000000
1549.749397 0.000000
1915.668751 0.000000
2195.328250 0.000000
2420.799773 0.000000
2449.715513 0.000000
1873.639336 0.000000
710.721901 0.000000
219.101985 0.000000
337.617015 0.000000
454.936458 0.000000
901.104632 0.000000
1014.391335 0.000000
1405.619319 0.000000
1883.145571 0.000000
2705.124104 0.000000
3417.219697 0.000000
4796.684473 0.000000
5765.781041 0.000000
7004.122783 0.000000
8001.246660 0.000000
8987.220902 0.000000
9903.392021 0.000000
10089.072378 0.000000
7042.334683 0.000000
4707.431639 0.000000
4730.257171 0.000000
5666.333547 0.000000
6741.726234 0.000000
7220.258015 0.000000
7993.429739 0.000000
8532.970511 0.000000
8495.731157 0.000000
7313.522716 0.000000
7110.528157 0.000000
7134.440072 0.000000
7714.804094 0.000000
8087.123681 0.000000
7751.428039 0.000000
5961.654985 0.000000
4633.168105 0.000000
4686.339715 0.000000
4337.718159 0.000000
3898.404737 0.000000
3016.036965 0.000000
3418.914309 0.000000
3770.901777 0.000000
4896.321690 0.000000
5696.275829 0.000000
6169.168516 0.000000
6337.667762 0.000000
3637.108152 0.000000
4666.453848 0.000000
5388.717637 0.000000
6374.148627 0.000000
7479.474672 0.000000
9510.768514 0.000000
10795.813630 0.000000
10192.546157 0.000000
12476.753172 0.000000
14376.891904 0.000000
16463.965168 0.000000
18919.603262 0.000000
21264.606369 0.000000
21957.836760 0.000000
18896.650602 0.000000
12472.431436 0.000000
11220.886050 0.000000
6111.856261 0.000000
1741.920222 0.000000
2238.173667 0.000000
2473.444939 0.000000
3054.805289 0.000000
3824.618313 0.000000
4762.788125 0.000000
5239.935132 0.000000
5806.268589 0.000000
5832.502572 0.000000
5221.995109 0.000000
3534.790603 0.000000
3543.823763 0.000000
3839.215352 0.000000
4611.790833 0.000000
5383.320600 0.000000
6253.933067 0.000000
6306.374111 0.000000
5741.327957 0.000000
7892.122524 0.000000
9390.541603 0.000000
11094.108380 0.000000
12434.558050 0.000000
12819.427319 0.000000
13208.166865 0.000000
14729.317314 0.000000
16977.811531 0.000000
17556.929009 0.000000
16768.326017 0.000000
16572.604801 0.000000
13848.612721 0.000000
10265.841766 0.000000
9017.606990 0.000000
6707.058151 0.000000
5529.205840 0.000000
6540.192058 0.000000
7142.207131 0.000000
7588.169366 0.000000
7215.657436 0.000000
5259.135948 0.000000
4534.941636 0.000000
2482.036645 0.000000
2477.163663 0.000000
1617.479685 0.000000
807.729430 0.000000
865.234451 0.000000
1142.787590 0.000000
1599.503728 0.000000
2043.256320 0.000000
2352.636577 0.000000
2767.969095 0.000000
3065.881688 0.000000
3254.933732 0.000000
3194.354183 0.000000
2722.015664 0.000000
1340.441595 0.000000
597.570765 0.000000
0.000000 0.000000
0.000000 0.000000
0.000000 0.000000
0.000000 0.000000
1.255690 0.000000
2.498760 0.000000
3.729210 0.000000
4.947040 0.000000
7.344840 0.000000
9.692160 0.000000
12.553745 0.000000
13.676925 0.000000
18.570330 0.000000
22.709690 0.000000
29.448770 0.000000
34.310625 0.000000
41.078100 0.000000
48.400769 0.000000
55.704584 0.000000
60.433965 0.000000
61.316060 0.000000
53.215451 0.000000
38.648191 0.000000
25.506294 0.000000
2.157558 0.000000
0.000000 0.000000
0.000000 0.000000
0.000000 0.000000
0.000000 0.000000
0.000000 0.000000
0.000000 0.000000
0.000000 0.000000
0.000000 0.000000
46.498738 0.000000
92.530152 0.000000
138.094242 0.000000
183.191008 0.000000
304.395718 0.000000
355.651661 0.000000
441.339706 0.000000
729.752149 0.000000
882.181744 0.000000
1419.487676 0.000000
2007.405221 0.000000
2533.494283 0.000000
3012.408544 0.000000
3742.238919 0.000000
4434.810548 0.000000
5382.180262 0.000000
5699.410686 0.000000
5698.279128 0.000000
6667.483022 0.000000
8368.955671 0.000000
10044.914392 0.000000
11762.680329 0.000000
12626.042343 0.000000
13233.690368 0.000000
12963.482466 0.000000
11956.457490 0.000000
12757.242897 0.000000
12971.493360 0.000000
11133.209645 0.000000
7046.943717 0.000000
3196.199607 0.000000
2167.011249 0.000000
2558.169356 0.000000
3258.662066 0.000000
4053.585148 0.000000
4693.853355 0.000000
5413.869549 0.000000
6167.086666 0.000000
6920.589218 0.000000
7469.390219 0.000000
7653.347182 0.000000
7697.059790 0.000000
7087.842629 0.000000
6193.179338 0.000000
6314.584767 0.000000
5938.597356 0.000000
6738.370927 0.000000
7050.036035 0.000000
6945.895560 0.000000
5993.715762 0.000000
4606.158852 0.000000
4960.731884 0.000000
4885.844420 0.000000
3835.979373 0.000000
2983.725279 0.000000
3590.549830 0.000000
4186.506325 0.000000
4800.714827 0.000000
5054.480577 0.000000
5575.769861 0.000000
7139.639914 0.000000
8332.519785 0.000000
9741.922284 0.000000
11170.511233 0.000000
12191.437714 0.000000
13119.106367 0.000000
13343.558369 0.000000
12158.589916 0.000000
9454.363014 0.000000
6497.367113 0.000000
3770.969783 0.000000
4437.128314 0.000000
5262.969802 0.000000
6145.721037 0.000000
6715.315338 0.000000
6821.297416 0.000000
6370.972726 0.000000
4743.185564 0.000000
3100.084648 0.000000
3451.928224 0.000000
3735.095540 0.000000
3644.604468 0.000000
2921.611420 0.000000
1326.238512 0.000000
124.807940 0.000000
49.062164 0.000000
56.249269 0.000000
63.362405 0.000000
86.783723 0.000000
109.902396 0.000000
146.103242 0.000000
170.013084 0.000000
208.669624 0.000000
268.860681 0.000000
341.971550 0.000000
392.938940 0.000000
466.445377 0.000000
545.378732 0.000000
623.622157 0.000000
724.176238 0.000000
767.080782 0.000000
612.774587 0.000000
461.818617 0.000000
201.587753 0.000000
68.701028 0.000000
0.000000 0.000000
0.000000 0.000000
0.000000 0.000000
0.000000 0.000000
0.000000 0.000000
18.759332 0.000000
18.759332 0.000000
37.330128 0.000000
90.523408 0.000000
133.887210 0.000000
201.776364 0.000000
267.988444 0.000000
349.191744 0.000000
396.901168 0.000000
594.900197 0.000000
737.897317 0.000000
860.010346 0.000000
1061.795153 0.000000
1257.777247 0.000000
1518.661383 0.000000
1693.147709 0.000000
1821.922526 0.000000
1803.173300 0.000000
1628.518572 0.000000
1482.847501 0.000000
1390.736470 0.000000
1542.382202 0.000000
1756.037201 0.000000
1969.879728 0.000000
1971.258049 0.000000
1759.268320 0.000000
1151.899553 0.000000
370.912082 0.000000
227.942563 0.000000
303.656887 0.000000
377.770985 0.000000
572.833307 0.000000
767.762942 0.000000
863.638129 0.000000
1053.488370 0.000000
1433.205955 0.000000
1643.988788 0.000000
1796.438127 0.000000
2122.762094 0.000000
2528.120276 0.000000
2713.466681 0.000000
2665.200606 0.000000
1142.060525 0.000000
121.880292 0.000000
55.130096 0.000000
81.851316 0.000000
133.606100 0.000000
183.110676 0.000000
275.369204 0.000000
353.669481 0.000000
487.751180 0.000000
609.240059 0.000000
717.417467 0.000000
822.607764 0.000000
903.102129 0.000000
945.051310 0.000000
840.597347 0.000000
699.441591 0.000000
984.518127 0.000000
1265.190159 0.000000
1537.838094 0.000000
1687.983481 0.000000
1862.785356 0.000000
1963.208665 0.000000
2035.577122 0.000000
1755.272858 0.000000
931.071393 0.000000
1051.001502 0.000000
1464.566174 0.000000
1663.101923 0.000000
2373.897174 0.000000
2765.443393 0.000000
3738.418832 0.000000
4803.468399 0.000000
5909.742913 0.000000
7310.496611 0.000000
8344.571068 0.000000
10098.173571 0.000000
10968.648711 0.000000
11941.276492 0.000000
12617.323115 0.000000
14052.784157 0.000000
14028.671592 0.000000
8715.662739 0.000000
6527.680718 0.000000
6937.017426 0.000000
6672.709819 0.000000
5115.570533 0.000000
3999.806936 0.000000
4647.504878 0.000000
5375.242507 0.000000
6211.795821 0.000000
6921.344038 0.000000
7379.087668 0.000000
7575.719328 0.000000
6587.122729 0.000000
7136.977352 0.000000
7046.606934 0.000000
4099.103206 0.000000
3983.532412 0.000000
3398.582513 0.000000
4126.901796 0.000000
4630.854888 0.000000
5019.635100 0.000000
4073.471695 0.000000
1714.504184 0.000000
1303.139582 0.000000
1574.574635 0.000000
2136.294397 0.000000
2604.394160 0.000000
2966.935857 0.000000
3550.018532 0.000000
3879.678076 0.000000
4176.664975 0.000000
3994.451844 0.000000
3227.690181 0.000000
1292.459809 0.000000
1401.893008 0.000000
1679.611686 0.000000
1886.539325 0.000000
2033.671590 0.000000
2086.031769 0.000000
1805.799593 0.000000
879.441774 0.000000
0.000000 0.000000
0.000000 0.000000
0.000000 0.000000
0.000000 0.000000
0.000000 0.000000
0.000000 0.000000
0.000000 0.000000
7.665679 0.000000
15.254316 0.000000
22.765911 0.000000
30.200464 0.000000
44.838444 0.000000
66.217599 0.000000
86.903376 0.000000
110.150884 0.000000
132.435360 0.000000
150.809871 0.000000
196.418719 0.000000
219.858804 0.000000
250.964551 0.000000
282.802179 0.000000
304.682259 0.000000
347.276805 0.000000
372.719809 0.000000
380.751141 0.000000
342.075205 0.000000
209.571004 0.000000
55.878075 0.000000
0.000000 0.000000
0.000000 0.000000
0.000000 0.000000
0.000000 0.000000
0.000000 0.000000
0.000000 0.000000
66.154963 0.000000
131.645052 0.000000
196.470267 0.000000
260.630608 0.000000
386.956668 0.000000
449.122387 0.000000
691.136523 0.000000
1026.822229 0.000000
1353.257201 0.000000
1874.663197 0.000000
2300.743335 0.000000
3032.301740 0.000000
3330.863721 0.000000
3873.778452 0.000000
4273.573363 0.000000
5253.457129 0.000000
5757.144505 0.000000
5868.528966 0.000000
5883.326066 0.000000
6845.336372 0.000000
7567.175762 0.000000
8236.843792 0.000000
8028.989753 0.000000
7094.469735 0.000000
4659.434414 0.000000
4796.967440 0.000000
4686.038900 0.000000
3287.978349 0.000000
2610.538777 0.000000
1400.866367 0.000000
514.033955 0.000000
197.986482 0.000000
235.472622 0.000000
278.695565 0.000000
346.972614 0.000000
383.031637 0.000000
390.244718 0.000000
353.957173 0.000000
239.480169 0.000000
179.591334 0.000000
196.882028 0.000000
200.289757 0.000000
166.857720 0.000000
109.256583 0.000000
37.469903 0.000000
47.007515 0.000000
54.253933 0.000000
103.106650 0.000000
109.900687 0.000000
119.486759 0.000000
170.452729 0.000000
254.557670 0.000000
323.069667 0.000000
348.406107 0.000000
385.192643 0.000000
428.852404 0.000000
447.376314 0.000000
585.246906 0.000000
735.393608 0.000000
939.046059 0.000000
1151.752126 0.000000
1383.629406 0.000000
1621.390199 0.000000
1846.607946 0.000000
2057.651062 0.000000
2527.250412 0.000000
3050.259301 0.000000
3129.051250 0.000000
3016.486503 0.000000
3333.757495 0.000000
3548.628590 0.000000
3824.953661 0.000000
4554.499935 0.000000
5165.546197 0.000000
6161.371679 0.000000
7481.760676 0.000000
9370.932882 0.000000
10427.157339 0.000000
11804.876730 0.000000
12443.513465 0.000000
12016.192598 0.000000
10943.897539 0.000000
10174.006661 0.000000
6960.472224 0.000000
2616.995535 0.000000
1947.601219 0.000000
2373.585848 0.000000
2980.087013 0.000000
3620.684984 0.000000
4257.440697 0.000000
5479.210608 0.000000
6415.812682 0.000000
7300.941104 0.000000
8129.115981 0.000000
8722.923485 0.000000
8630.247841 0.000000
6989.226313 0.000000
2669.062782 0.000000
477.426740 0.000000
701.893803 0.000000
819.176187 0.000000
969.987190 0.000000
1293.106594 0.000000
1651.878206 0.000000
2078.160545 0.000000
2530.462018 0.000000
3125.034904 0.000000
3548.039921 0.000000
3699.148659 0.000000
3790.329936 0.000000
3881.601020 0.000000
4598.435736 0.000000
4968.633665 0.000000
5507.300465 0.000000
5751.367826 0.000000
5396.561033 0.000000
3749.382342 0.000000
3490.638652 0.000000
3405.373342 0.000000
3039.845030 0.000000
2351.336473 0.000000
2543.116066 0.000000
2549.331510 0.000000
1861.145353 0.000000
1094.289770 0.000000
621.331462 0.000000
179.010981 0.000000
290.120966 0.000000
365.996359 0.000000
442.048765 0.000000
563.381211 0.000000
741.442483 0.000000
903.175668 0.000000
1057.706576 0.000000
1258.587570 0.000000
1462.972741 0.000000
1616.486595 0.000000
1715.998440 0.000000
1884.391499 0.000000
2117.707147 0.000000
2250.747034 0.000000
2015.762872 0.000000
1892.177605 0.000000
1500.925577 0.000000
1536.302146 0.000000
1385.226702 0.000000
1004.629239 0.000000
868.599742 0.000000
516.842834 0.000000
245.357366 0.000000
0.000000 0.000000
0.000000 0.000000
0.000000 0.000000
0.000000 0.000000
0.000000 0.000000
16.999774 0.000000
33.828696 0.000000
60.966120 0.000000
77.415334 0.000000
93.693695 0.000000
160.642917 0.000000
200.754578 0.000000
284.577886 0.000000
463.292741 0.000000
578.293782 0.000000
715.936453 0.000000
837.416371 0.000000
1031.034657 0.000000
1185.732870 0.000000
1373.134014 0.000000
1571.043995 0.000000
1650.911648 0.000000
1722.258723 0.000000
1367.501527 0.000000
1210.048077 0.000000
1148.130870 0.000000
957.469010 0.000000
255.606654 0.000000
0.000000 0.000000
0.000000 0.000000
0.000000 0.000000
0.000000 0.000000
93.629500 0.000000
186.318000 0.000000
278.065500 0.000000
368.872000 0.000000
547.662000 0.000000
731.089824 0.000000
1036.193755 0.000000
1325.159785 0.000000
1760.955142 0.000000
2268.955783 0.000000
2957.366881 0.000000
3721.991193 0.000000
4120.085668 0.000000
4635.752194 0.000000
4884.067850 0.000000
4840.951419 0.000000
4367.437947 0.000000
3082.093502 0.000000
2940.593259 0.000000
3100.001490 0.000000
3082.494746 0.000000
2807.350927 0.000000
1482.514905 0.000000
1772.028030 0.000000
2123.835415 0.000000
2573.522710 0.000000
3102.832605 0.000000
3486.889852 0.000000
4073.690183 0.000000
4446.468344 0.000000
4865.208217 0.000000
4918.794977 0.000000
4265.397615 0.000000
2475.453473 0.000000
609.159355 0.000000
32.548042 0.000000
64.768968 0.000000
96.662778 0.000000
128.229472 0.000000
174.925281 0.000000
236.095973 0.000000
236.095973 0.000000
295.958201 0.000000
439.889241 0.000000
663.646695 0.000000
972.914201 0.000000
1202.513963 0.000000
1534.282430 0.000000
1768.090520 0.000000
1937.881171 0.000000
1979.098307 0.000000
1880.456425 0.000000
1479.768892 0.000000
416.991261 0.000000
0.000000 0.000000
8.210740 0.000000
16.338960 0.000000
24.384660 0.000000
40.228500 0.000000
67.150650 0.000000
85.738280 0.000000
110.886250 0.000000
158.252730 0.000000
192.560420 0.000000
240.690210 0.000000
437.919702 0.000000
641.476605 0.000000
827.941934 0.000000
1141.607179 0.000000
1272.534820 0.000000
1749.919438 0.000000
1974.522853 0.000000
2149.964982 0.000000
2597.983554 0.000000
3274.749177 0.000000
4332.379406 0.000000
5152.787222 0.000000
6116.881812 0.000000
6929.470436 0.000000
7537.462778 0.000000
7754.159124 0.000000
7281.014836 0.000000
4619.677192 0.000000
5236.427900 0.000000
5864.835619 0.000000
6039.196852 0.000000
5219.611274 0.000000
3862.247358 0.000000
3595.284152 0.000000
4050.920900 0.000000
4457.839901 0.000000
4494.322480 0.000000
4183.010325 0.000000
2373.276879 0.000000
737.273507 0.000000
0.000000 0.000000
0.000000 0.000000
0.000000 0.000000
0.000000 0.000000
0.000000 0.000000
0.000000 0.000000
0.000000 0.000000
22.732765 0.000000
45.237060 0.000000
67.512885 0.000000
111.379125 0.000000
132.969540 0.000000
175.464960 0.000000
237.494565 0.000000
277.705285 0.000000
336.307840 0.000000
429.409365 0.000000
516.799140 0.000000
644.742340 0.000000
696.090910 0.000000
856.648165 0.000000
944.894595 0.000000
1083.118995 0.000000
1139.694017 0.000000
1101.168498 0.000000
837.857423 0.000000
133.741797 0.000000
0.000000 0.000000
0.000000 0.000000
0.000000 0.000000
0.000000 0.000000
0.000000 0.000000
59.459608 0.000000
212.659206 0.000000
270.710832 0.000000
413.130664 0.000000
589.572176 0.000000
725.150392 0.000000
1247.749288 0.000000
1429.647098 0.000000
1858.166840 0.000000
2259.159992 0.000000
2841.661603 0.000000
3326.711301 0.000000
3791.285534 0.000000
4310.301875 0.000000
5067.490022 0.000000
5432.255531 0.000000
4928.636682 0.000000
3346.106051 0.000000
3408.075433 0.000000
3513.578182 0.000000
3890.512436 0.000000
3909.866053 0.000000
3757.972120 0.000000
2773.898132 0.000000
1481.239915 0.000000
173.703780 0.000000
0.000000 0.000000
23.179321 0.000000
46.125684 0.000000
91.319536 0.000000
113.567025 0.000000
135.581556 0.000000
157.363129 0.000000
178.911744 0.000000
221.310100 0.000000
293.235969 0.000000
342.797865 0.000000
446.289681 0.000000
652.926129 0.000000
830.771235 0.000000
1032.396660 0.000000
1140.469207 0.000000
1223.450077 0.000000
1299.586252 0.000000
1373.445596 0.000000
1407.022020 0.000000
872.742210 0.000000
855.705896 0.000000
702.681821 0.000000
554.003371 0.000000
559.323990 0.000000
614.492916 0.000000
606.953033 0.000000
516.910065 0.000000
219.564584 0.000000
0.000000 0.000000
0.000000 0.000000
0.000000 0.000000
0.000000 0.000000
0.000000 0.000000
0.000000 0.000000
0.000000 0.000000
0.000000 0.000000
0.000000 0.000000
0.000000 0.000000
0.000000 0.000000
0.000000 0.000000
0.000000 0.000000
49.995765 0.000000
99.489060 0.000000
148.479885 0.000000
244.954125 0.000000
244.954125 0.000000
292.437540 0.000000
409.834615 0.000000
524.593066 0.000000
809.711643 0.000000
1036.941228 0.000000
1213.635943 0.000000
1412.236788 0.000000
1886.586293 0.000000
2283.610073 0.000000
2512.908092 0.000000
2742.330633 0.000000
2727.545762 0.000000
2231.079686 0.000000
1905.970538 0.000000
2113.877754 0.000000
2560.305304 0.000000
2732.998835 0.000000
2785.639734 0.000000
2495.465051 0.000000
1510.982288 0.000000
215.069541 0.000000
0.000000 0.000000
0.000000 0.000000
0.000000 0.000000
0.000000 0.000000
0.000000 0.000000
0.000000 0.000000
0.000000 0.000000
0.000000 0.000000
0.000000 0.000000
0.000000 0.000000
0.000000 0.000000
0.000000 0.000000
0.000000 0.000000
0.000000 0.000000
0.000000 0.000000
0.000000 0.000000
0.000000 0.000000
0.000000 0.000000
0.000000 0.000000
0.000000 0.000000
37.907311 0.000000
75.433644 0.000000
112.578999 0.000000
221.729196 0.000000
327.450591 0.000000
378.977776 0.000000
495.842695 0.000000
623.851311 0.000000
730.620324 0.000000
1039.579792 0.000000
1251.792284 0.000000
1562.451715 0.000000
1821.855756 0.000000
2056.812904 0.000000
2173.901509 0.000000
2037.686368 0.000000
1393.209610 0.000000
247.922563 0.000000
37.335648 0.000000
41.883549 0.000000
41.883549 0.000000
68.647113 0.000000
94.648725 0.000000
123.817200 0.000000
155.247720 0.000000
188.178333 0.000000
255.801573 0.000000
311.257392 0.000000
364.570221 0.000000
418.954565 0.000000
442.063038 0.000000
407.108170 0.000000
260.657949 0.000000
189.172151 0.000000
92.850223 0.000000
4.666368 0.000000
5.803200 0.000000
6.928128 0.000000
10.231488 0.000000
16.007904 0.000000
19.492800 0.000000
25.578720 0.000000
35.087040 0.000000
41.720544 0.000000
47.962704 0.000000
55.366992 0.000000
58.188240 0.000000
57.863856 0.000000
48.374880 0.000000
23.322168 0.000000
28.658078 0.000000
38.290698 0.000000
46.283985 0.000000
53.776517 0.000000
58.733214 0.000000
70.613085 0.000000
73.177538 0.000000
91.046154 0.000000
108.783348 0.000000
148.155635 0.000000
177.077612 0.000000
230.127894 0.000000
271.006720 0.000000
294.576273 0.000000
311.743896 0.000000
310.897709 0.000000
258.073846 0.000000
151.714246 0.000000
140.513593 0.000000
153.565731 0.000000
161.857025 0.000000
153.281862 0.000000
106.609978 0.000000
57.294953 0.000000
70.787618 0.000000
79.932538 0.000000
84.097924 0.000000
81.029328 0.000000
65.655494 0.000000
24.626692 0.000000
3.698238 0.000000
3.448533 0.000000
2.334765 0.000000
0.386694 0.000000
0.000000 0.000000
0.000000 0.000000
0.000000 0.000000
0.000000 0.000000
0.000000 0.000000
0.000000 0.000000
9.261261 0.000000
18.429444 0.000000
36.486576 0.000000
45.375525 0.000000
54.171396 0.000000
62.874189 0.000000
102.438395 0.000000
156.946130 0.000000
202.121312 0.000000
261.919521 0.000000
342.832449 0.000000
420.794843 0.000000
522.333764 0.000000
579.669954 0.000000
621.830117 0.000000
605.009073 0.000000
559.294448 0.000000
584.425693 0.000000
664.309798 0.000000
695.790047 0.000000
666.410807 0.000000
469.871413 0.000000
209.273064 0.000000
25.879035 0.000000
0.000000 0.000000
0.000000 0.000000
0.000000 0.000000
0.000000 0.000000
0.000000 0.000000
0.000000 0.000000
0.000000 0.000000
0.000000 0.000000
0.000000 0.000000
0.000000 0.000000
0.000000 0.000000
0.000000 0.000000
0.000000 0.000000
0.000000 0.000000
16.525023 0.000000
32.883965 0.000000
49.076826 0.000000
65.103607 0.000000
119.868695 0.000000
135.148113 0.000000
179.989883 0.000000
230.353834 0.000000
305.380759 0.000000
378.477057 0.000000
471.150042 0.000000
581.219971 0.000000
667.374290 0.000000
750.331614 0.000000
803.622717 0.000000
822.296346 0.000000
744.695026 0.000000
515.446389 0.000000
99.668443 0.000000
0.000000 0.000000
0.000000 0.000000
0.000000 0.000000
0.000000 0.000000
0.000000 0.000000
0.000000 0.000000
0.000000 0.000000
0.000000 0.000000
0.000000 0.000000
0.000000 0.000000
0.000000 0.000000
0.000000 0.000000
0.000000 0.000000
0.000000 0.000000
0.000000 0.000000
0.000000 0.000000
0.000000 0.000000
0.000000 0.000000
0.000000 0.000000
0.000000 0.000000
0.000000 0.000000
0.000000 0.000000
38.545703 0.000000
76.704012 0.000000
151.858448 0.000000
225.463308 0.000000
297.518592 0.000000
368.024300 0.000000
537.315648 0.000000
696.534732 0.000000
816.433311 0.000000
1024.173504 0.000000
1280.773775 0.000000
1474.955172 0.000000
1700.563671 0.000000
1818.980695 0.000000
1822.626639 0.000000
1589.313516 0.000000
1085.934103 0.000000
1082.463017 0.000000
909.547821 0.000000
646.123144 0.000000
396.687891 0.000000
443.528278 0.000000
560.583660 0.000000
692.771019 0.000000
979.467295 0.000000
1347.866509 0.000000
1605.891913 0.000000
1897.180746 0.000000
2223.035347 0.000000
2693.254384 0.000000
3284.713486 0.000000
4056.739307 0.000000
4612.740473 0.000000
4780.379290 0.000000
4777.663436 0.000000
4543.641336 0.000000
3418.721533 0.000000
1581.562408 0.000000
1010.950012 0.000000
1196.267926 0.000000
1429.446909 0.000000
1733.728755 0.000000
2048.509489 0.000000
2250.186792 0.000000
2340.618909 0.000000
2286.777369 0.000000
2015.193712 0.000000
1172.570823 0.000000
472.709162 0.000000
22.990974 0.000000
34.312287 0.000000
45.517484 0.000000
56.606565 0.000000
78.436379 0.000000
115.506422 0.000000
156.147033 0.000000
249.450945 0.000000
303.110367 0.000000
386.071229 0.000000
485.810015 0.000000
585.732512 0.000000
670.483398 0.000000
807.396551 0.000000
963.427725 0.000000
1031.600558 0.000000
1077.517053 0.000000
985.208372 0.000000
1089.652682 0.000000
1251.873583 0.000000
1505.278090 0.000000
1717.753153 0.000000
1927.798401 0.000000
2095.351095 0.000000
2174.063492 0.000000
2073.775009 0.000000
1606.811828 0.000000
993.770049 0.000000
653.503313 0.000000
0.000000 0.000000
0.000000 0.000000
0.000000 0.000000
0.000000 0.000000
0.000000 0.000000
0.000000 0.000000
0.000000 0.000000
0.000000 0.000000
1.362752 0.000000
2.711808 0.000000
5.368832 0.000000
6.676800 0.000000
7.971072 0.000000
9.251648 0.000000
13.004352 0.000000
14.829344 0.000000
20.133120 0.000000
23.522880 0.000000
120.664534 0.000000
216.428609 0.000000
399.448797 0.000000
665.647281 0.000000
759.586034 0.000000
963.319332 0.000000
1157.001172 0.000000
1180.594867 0.000000
1604.657524 0.000000
1945.647828 0.000000
2125.085419 0.000000
2413.928662 0.000000
3031.481007 0.000000
3475.969413 0.000000
3943.856534 0.000000
4440.415236 0.000000
4932.660565 0.000000
4818.151132 0.000000
4659.530949 0.000000
4674.278468 0.000000
3871.666467 0.000000
2995.410693 0.000000
2301.237206 0.000000
826.827385 0.000000
87.709549 0.000000
116.435311 0.000000
131.466011 0.000000
131.466011 0.000000
159.046033 0.000000
166.212573 0.000000
209.829633 0.000000
235.927410 0.000000
304.351318 0.000000
371.638862 0.000000
428.977387 0.000000
497.749101 0.000000
536.382837 0.000000
576.415925 0.000000
538.021609 0.000000
336.355818 0.000000
161.350366 0.000000
127.515168 0.000000
190.306728 0.000000
252.454272 0.000000
313.957800 0.000000
374.817312 0.000000
435.032808 0.000000
494.604288 0.000000
611.815200 0.000000
782.801448 0.000000
1001.766888 0.000000
1107.385512 0.000000
1408.785000 0.000000
1730.793000 0.000000
2144.492778 0.000000
2472.860436 0.000000
2834.716926 0.000000
3058.512486 0.000000
3168.236712 0.000000
2996.525946 0.000000
2212.665932 0.000000
1140.552336 0.000000
1312.343604 0.000000
1439.939274 0.000000
1579.690746 0.000000
1601.265282 0.000000
1369.661028 0.000000
633.912999 0.000000
370.107945 0.000000
470.091429 0.000000
543.388500 0.000000
623.206233 0.000000
721.861434 0.000000
788.718345 0.000000
815.936883 0.000000
695.873812 0.000000
419.663262 0.000000
0.000000 0.000000
0.000000 0.000000
0.000000 0.000000
0.000000 0.000000
0.000000 0.000000
0.000000 0.000000
0.000000 0.000000
0.000000 0.000000
0.000000 0.000000
0.000000 0.000000
0.000000 0.000000
0.000000 0.000000
12.255415 0.000000
24.387660 0.000000
36.396735 0.000000
54.163912 0.000000
77.443044 0.000000
105.802848 0.000000
165.509431 0.000000
201.505792 0.000000
242.906131 0.000000
317.100540 0.000000
391.895428 0.000000
466.182348 0.000000
535.296192 0.000000
583.756138 0.000000
600.923353 0.000000
559.462134 0.000000
393.838839 0.000000
186.628389 0.000000
20.969352 0.000000
0.000000 0.000000
0.000000 0.000000
0.000000 0.000000
0.000000 0.000000
0.000000 0.000000
0.000000 0.000000
0.000000 0.000000
0.000000 0.000000
0.000000 0.000000
0.000000 0.000000
0.000000 0.000000
0.000000 0.000000
0.000000 0.000000
0.000000 0.000000
0.000000 0.000000
0.000000 0.000000
0.000000 0.000000
0.000000 0.000000
0.000000 0.000000
0.000000 0.000000
0.000000 0.000000
0.000000 0.000000
0.000000 0.000000
0.000000 0.000000
0.000000 0.000000
8.066067 0.000000
16.051068 0.000000
23.955003 0.000000
39.519675 0.000000
47.180412 0.000000
62.258688 0.000000
84.268107 0.000000
115.904029 0.000000
149.141094 0.000000
189.288964 0.000000
231.341901 0.000000
281.471092 0.000000
327.313824 0.000000
366.570119 0.000000
399.624896 0.000000
399.300840 0.000000
345.037809 0.000000
187.324669 0.000000
21.634739 0.000000
0.000000 0.000000
0.000000 0.000000
0.000000 0.000000
1.897465 0.000000
61.066121 0.000000
117.780411 0.000000
231.302899 0.000000
340.680936 0.000000
449.520330 0.000000
605.783658 0.000000
758.553161 0.000000
1047.516355 0.000000
1226.628178 0.000000
1561.977569 0.000000
1855.233428 0.000000
2302.945150 0.000000
2671.385934 0.000000
2852.598890 0.000000
2823.170839 0.000000
2477.009442 0.000000
1215.704660 0.000000
0.000000 0.000000
0.000000 0.000000
0.000000 0.000000
0.000000 0.000000
0.000000 0.000000
0.000000 0.000000
0.000000 0.000000
0.000000 0.000000
0.000000 0.000000
0.000000 0.000000
0.000000 0.000000
0.000000 0.000000
0.000000 0.000000
0.000000 0.000000
0.000000 0.000000
15.170566 0.000000
30.188664 0.000000
45.054294 0.000000
74.328150 0.000000
88.736376 0.000000
117.095424 0.000000
158.490486 0.000000
231.504176 0.000000
324.988335 0.000000
403.411720 0.000000
502.949360 0.000000
625.263579 0.000000
716.369102 0.000000
794.138936 0.000000
848.701870 0.000000
888.252702 0.000000
881.604927 0.000000
679.454535 0.000000
192.458453 0.000000
0.000000 0.000000
0.000000 0.000000
0.000000 0.000000
0.000000 0.000000
0.000000 0.000000
0.000000 0.000000
0.000000 0.000000
15.631649 0.000000
31.106196 0.000000
61.583984 0.000000
91.433364 0.000000
106.122401 0.000000
135.029169 0.000000
204.468081 0.000000
250.695269 0.000000
269.822361 0.000000
349.040996 0.000000
442.634489 0.000000
513.271431 0.000000
600.462975 0.000000
691.307190 0.000000
757.938273 0.000000
770.938893 0.000000
703.444734 0.000000
466.389242 0.000000
165.111323 0.000000
0.000000 0.000000
0.000000 0.000000
0.000000 0.000000
0.000000 0.000000
0.000000 0.000000
0.000000 0.000000
108.197765 0.000000
138.497205 0.000000
257.589836 0.000000
379.109108 0.000000
505.586945 0.000000
541.183898 0.000000
703.272383 0.000000
1026.239675 0.000000
1376.938745 0.000000
1540.190854 0.000000
1900.140478 0.000000
2296.538823 0.000000
2726.377595 0.000000
3044.185600 0.000000
1958.410474 0.000000
1219.767409 0.000000
619.006409 0.000000
0.000000 0.000000
0.000000 0.000000
0.000000 0.000000
0.000000 0.000000
0.000000 0.000000
0.000000 0.000000
0.000000 0.000000
0.000000 0.000000
0.000000 0.000000
0.000000 0.000000
0.000000 0.000000
0.000000 0.000000
0.000000 0.000000
0.000000 0.000000
0.000000 0.000000
0.000000 0.000000
0.000000 0.000000
0.000000 0.000000
0.000000 0.000000
0.000000 0.000000
0.000000 0.000000
0.000000 0.000000
0.000000 0.000000
0.000000 0.000000
0.000000 0.000000
0.000000 0.000000
0.000000 0.000000
0.000000 0.000000
0.000000 0.000000
0.000000 0.000000
0.000000 0.000000
0.000000 0.000000
0.000000 0.000000
0.000000 0.000000
0.000000 0.000000
0.000000 0.000000
0.000000 0.000000
0.000000 0.000000
0.000000 0.000000
0.000000 0.000000
0.000000 0.000000
0.000000 0.000000
0.000000 0.000000
0.000000 0.000000
0.000000 0.000000
0.000000 0.000000
0.000000 0.000000
0.000000 0.000000
0.000000 0.000000
0.000000 0.000000
0.000000 0.000000
0.000000 0.000000
0.000000 0.000000
0.000000 0.000000
0.000000 0.000000
0.000000 0.000000
0.000000 0.000000
0.000000 0.000000
0.000000 0.000000
0.000000 0.000000
0.000000 0.000000
0.000000 0.000000
0.000000 0.000000
0.000000 0.000000
0.000000 0.000000
0.000000 0.000000
0.000000 0.000000
0.000000 0.000000
0.000000 0.000000
0.000000 0.000000
0.000000 0.000000
0.000000 0.000000
0.000000 0.000000
0.000000 0.000000
0.000000 0.000000
0.000000 0.000000
0.000000 0.000000
0.000000 0.000000
0.000000 0.000000
0.000000 0.000000
0.000000 0.000000
0.000000 0.000000
0.000000 0.000000
0.000000 0.000000
0.000000 0.000000
0.000000 0.000000
0.000000 0.000000
0.000000 0.000000
0.000000 0.000000
0.000000 0.000000
0.000000 0.000000
0.000000 0.000000
0.000000 0.000000
0.000000 0.000000
0.000000 0.000000
0.000000 0.000000
0.000000 0.000000
0.000000 0.000000
0.000000 0.000000
0.000000 0.000000
0.000000 0.000000
0.000000 0.000000
0.000000 0.000000
0.000000 0.000000
0.000000 0.000000
0.000000 0.000000
0.000000 0.000000
0.000000 0.000000
0.000000 0.000000
0.000000 0.000000
0.000000 0.000000
0.000000 0.000000
0.000000 0.000000
0.000000 0.000000
0.000000 0.000000
0.000000 0.000000
0.000000 0.000000
0.000000 0.000000
0.000000 0.000000
0.000000 0.000000
0.000000 0.000000
0.000000 0.000000
0.000000 0.000000
0.000000 0.000000
0.000000 0.000000
0.000000 0.000000
0.000000 0.000000
0.000000 0.000000
0.000000 0.000000
0.000000 0.000000
0.000000 0.000000
0.000000 0.000000
0.000000 0.000000
0.000000 0.000000
1.459665 0.000000
2.904660 0.000000
5.750640 0.000000
7.151625 0.000000
8.537940 0.000000
15.249465 0.000000
19.100340 0.000000
24.627344 0.000000
32.637157 0.000000
41.879248 0.000000
56.945548 0.000000
65.498534 0.000000
73.859693 0.000000
88.310698 0.000000
96.410484 0.000000
91.636026 0.000000
70.178235 0.000000
38.038255 0.000000
60.798189 0.000000
95.678870 0.000000
126.029544 0.000000
146.251283 0.000000
174.379401 0.000000
195.633495 0.000000
226.239221 0.000000
255.581856 0.000000
284.912206 0.000000
312.663420 0.000000
316.926148 0.000000
295.064526 0.000000
217.911782 0.000000
139.817808 0.000000
18.776391 0.000000
16.842379 0.000000
23.913895 0.000000
27.946131 0.000000
36.335425 0.000000
42.453441 0.000000
52.090753 0.000000
61.887288 0.000000
72.323198 0.000000
86.437625 0.000000
94.608620 0.000000
92.624867 0.000000
72.768648 0.000000
57.717200 0.000000
41.932651 0.000000
2.633083 0.000000
3.457102 0.000000
3.991273 0.000000
5.068885 0.000000
6.601754 0.000000
7.536553 0.000000
9.448045 0.000000
11.801895 0.000000
14.183059 0.000000
16.574777 0.000000
18.515386 0.000000
19.026261 0.000000
15.528628 0.000000
9.417302 0.000000
0.075512 0.000000
0.000000 0.000000
0.000000 0.000000
0.000000 0.000000
0.000000 0.000000
0.000000 0.000000
0.000000 0.000000
0.000000 0.000000
0.000000 0.000000
0.000000 0.000000
0.000000 0.000000
0.000000 0.000000
0.000000 0.000000
0.000000 0.000000
0.000000 0.000000
0.000000 0.000000
0.000000 0.000000
0.000000 0.000000
0.000000 0.000000
0.000000 0.000000
0.000000 0.000000
0.000000 0.000000
0.000000 0.000000
0.000000 0.000000
0.000000 0.000000
0.000000 0.000000
0.000000 0.000000
0.000000 0.000000
0.000000 0.000000
0.000000 0.000000
0.000000 0.000000
0.000000 0.000000
0.000000 0.000000
0.000000 0.000000
0.000000 0.000000
0.000000 0.000000
0.000000 0.000000
0.000000 0.000000
0.000000 0.000000
0.000000 0.000000
0.000000 0.000000
0.000000 0.000000
0.000000 0.000000
0.000000 0.000000
0.000000 0.000000
0.000000 0.000000
0.000000 0.000000
36.623164 0.000000
72.878256 0.000000
108.765276 0.000000
144.284224 0.000000
248.632636 0.000000
316.357884 0.000000
463.310630 0.000000
587.350894 0.000000
733.843550 0.000000
961.220028 0.000000
1249.650449 0.000000
1435.802863 0.000000
1580.547177 0.000000
1711.442782 0.000000
1691.704921 0.000000
1446.476951 0.000000
1069.985304 0.000000
1063.083910 0.000000
905.985961 0.000000
418.163303 0.000000
183.584112 0.000000
97.688794 0.000000
122.519415 0.000000
214.866817 0.000000
323.437505 0.000000
394.790381 0.000000
508.555038 0.000000
638.067760 0.000000
753.663498 0.000000
836.687791 0.000000
1004.438538 0.000000
1130.733045 0.000000
1152.638115 0.000000
999.415951 0.000000
699.682241 0.000000
242.079614 0.000000
0.000000 0.000000
0.000000 0.000000
0.000000 0.000000
0.000000 0.000000
0.000000 0.000000
0.000000 0.000000
0.000000 0.000000
0.000000 0.000000
0.000000 0.000000
0.000000 0.000000
0.000000 0.000000
0.000000 0.000000
0.000000 0.000000
0.000000 0.000000
0.000000 0.000000
0.000000 0.000000
0.000000 0.000000
0.000000 0.000000
0.000000 0.000000
0.000000 0.000000
0.000000 0.000000
0.000000 0.000000
0.000000 0.000000
0.000000 0.000000
0.000000 0.000000
0.000000 0.000000
0.000000 0.000000
0.000000 0.000000
0.000000 0.000000
0.000000 0.000000
0.000000 0.000000
0.000000 0.000000
0.000000 0.000000
0.000000 0.000000
0.000000 0.000000
0.000000 0.000000
0.000000 0.000000
0.000000 0.000000
0.000000 0.000000
0.000000 0.000000
0.000000 0.000000
0.000000 0.000000
0.000000 0.000000
0.000000 0.000000
0.000000 0.000000
0.000000 0.000000
0.000000 0.000000
0.000000 0.000000
0.000000 0.000000
0.000000 0.000000
0.000000 0.000000
0.000000 0.000000
0.000000 0.000000
