7512150.208171 0.000000
7263985.804483 0.000000
7125696.042644 0.000000
7135589.365931 0.000000
7034192.480450 0.000000
7142798.908604 0.000000
7067883.465317 0.000000
6881577.876497 0.000000
6657205.644417 0.000000
6494933.734213 0.000000
6431232.010928 0.000000
6303094.531678 0.000000
6149005.290327 0.000000
5823348.065975 0.000000
5432305.356333 0.000000
4721328.697373 0.000000
4332503.656634 0.000000
3938917.980969 0.000000
4218592.339908 0.000000
4134274.466437 0.000000
3782547.767789 0.000000
3496824.129202 0.000000
3410824.038568 0.000000
3091659.049804 0.000000
2788974.230307 0.000000
2702632.839177 0.000000
2212909.755018 0.000000
2116811.094153 0.000000
2131905.366843 0.000000
2012701.513546 0.000000
1619324.386435 0.000000
1154929.471174 0.000000
935367.133192 0.000000
762777.282936 0.000000
600776.077919 0.000000
326668.519924 0.000000
374161.723841 0.000000
444529.650774 0.000000
531872.826458 0.000000
623870.902971 0.000000
725338.365125 0.000000
794605.345658 0.000000
826520.213404 0.000000
767816.904331 0.000000
708387.274922 0.000000
617100.119188 0.000000
549118.374998 0.000000
483385.036849 0.000000
298666.251649 0.000000
210408.760423 0.000000
245028.368299 0.000000
268927.126641 0.000000
49545.179959 0.000000
37709.716571 0.000000
42745.709023 0.000000
50128.246122 0.000000
61975.270413 0.000000
81845.395435 0.000000
98936.634484 0.000000
116131.681042 0.000000
134924.990016 0.000000
158905.222765 0.000000
171908.190938 0.000000
179173.661587 0.000000
162445.022580 0.000000
122356.017771 0.000000
71376.033248 0.000000
19682.641987 0.000000
17205.167685 0.000000
21238.566425 0.000000
23991.793293 0.000000
28854.589159 0.000000
35542.630177 0.000000
38775.921500 0.000000
42554.286070 0.000000
43878.749749 0.000000
41293.045603 0.000000
31646.393375 0.000000
14751.624971 0.000000
3075.413040 0.000000
0.000000 0.000000
0.000000 0.000000
0.000000 0.000000
0.000000 0.000000
0.000000 0.000000
0.000000 0.000000
0.000000 0.000000
0.000000 0.000000
0.000000 0.000000
0.000000 0.000000
0.000000 0.000000
0.000000 0.000000
48.972324 0.000000
97.551296 0.000000
169.633050 0.000000
240.731424 0.000000
299.570246 0.000000
414.176072 0.000000
571.449682 0.000000
714.185198 0.000000
1022.657839 0.000000
1252.522274 0.000000
1614.071580 0.000000
1889.635256 0.000000
2290.644879 0.000000
2578.480760 0.000000
2702.725874 0.000000
2946.924467 0.000000
2945.072740 0.000000
2433.418218 0.000000
1935.851292 0.000000
1482.534752 0.000000
1668.619604 0.000000
2036.664375 0.000000
2414.382238 0.000000
2824.688233 0.000000
3017.772565 0.000000
2976.764773 0.000000
2266.878344 0.000000
1309.242368 0.000000
1121.133425 0.000000
1282.027926 0.000000
1450.007209 0.000000
1522.143330 0.000000
1390.665374 0.000000
858.077920 0.000000
775.462917 0.000000
818.429973 0.000000
845.481211 0.000000
796.742475 0.000000
493.644472 0.000000
187.049699 0.000000
42.266318 0.000000
46.322637 0.000000
58.120024 0.000000
68.053346 0.000000
79.869308 0.000000
101.618633 0.000000
121.757837 0.000000
140.469621 0.000000
155.087899 0.000000
172.564230 0.000000
180.415408 0.000000
167.834792 0.000000
114.333224 0.000000
96.143698 0.000000
92.815212 0.000000
71.575634 0.000000
27.191711 0.000000
31.370453 0.000000
39.468800 0.000000
44.062348 0.000000
47.383156 0.000000
48.633356 0.000000
42.893738 0.000000
26.419359 0.000000
10.909981 0.000000
0.000000 0.000000
0.000000 0.000000
0.000000 0.000000
0.000000 0.000000
0.000000 0.000000
0.000000 0.000000
0.000000 0.000000
0.000000 0.000000
0.000000 0.000000
0.000000 0.000000
0.000000 0.000000
0.000000 0.000000
0.000000 0.000000
0.000000 0.000000
0.000000 0.000000
0.000000 0.000000
0.000000 0.000000
0.000000 0.000000
0.000000 0.000000
0.000000 0.000000
0.000000 0.000000
0.000000 0.000000
0.000000 0.000000
0.000000 0.000000
0.000000 0.000000
0.000000 0.000000
0.000000 0.000000
0.000000 0.000000
0.000000 0.000000
0.000000 0.000000
0.000000 0.000000
0.000000 0.000000
0.000000 0.000000
0.000000 0.000000
0.000000 0.000000
0.000000 0.000000
0.000000 0.000000
0.000000 0.000000
0.000000 0.000000
0.000000 0.000000
0.000000 0.000000
0.000000 0.000000
0.000000 0.000000
0.000000 0.000000
0.000000 0.000000
0.000000 0.000000
0.000000 0.000000
0.000000 0.000000
0.000000 0.000000
0.000000 0.000000
0.000000 0.000000
0.000000 0.000000
0.000000 0.000000
0.000000 0.000000
0.000000 0.000000
0.000000 0.000000
0.000000 0.000000
0.000000 0.000000
0.000000 0.000000
0.000000 0.000000
0.000000 0.000000
0.000000 0.000000
0.000000 0.000000
0.000000 0.000000
0.000000 0.000000
0.000000 0.000000
0.000000 0.000000
0.000000 0.000000
0.000000 0.000000
0.000000 0.000000
0.000000 0.000000
0.000000 0.000000
0.000000 0.000000
0.000000 0.000000
0.000000 0.000000
0.000000 0.000000
0.000000 0.000000
0.000000 0.000000
0.000000 0.000000
0.000000 0.000000
0.000000 0.000000
0.000000 0.000000
0.000000 0.000000
0.000000 0.000000
0.000000 0.000000
0.000000 0.000000
0.000000 0.000000
0.000000 0.000000
0.000000 0.000000
0.000000 0.000000
0.000000 0.000000
0.000000 0.000000
0.000000 0.000000
0.000000 0.000000
0.000000 0.000000
0.000000 0.000000
0.000000 0.000000
0.000000 0.000000
0.000000 0.000000
0.000000 0.000000
0.000000 0.000000
0.000000 0.000000
0.000000 0.000000
0.000000 0.000000
0.000000 0.000000
0.000000 0.000000
0.000000 0.000000
0.000000 0.000000
0.000000 0.000000
0.000000 0.000000
0.000000 0.000000
0.000000 0.000000
0.000000 0.000000
0.000000 0.000000
0.000000 0.000000
0.000000 0.000000
0.000000 0.000000
0.000000 0.000000
0.000000 0.000000
0.000000 0.000000
0.000000 0.000000
0.000000 0.000000
0.000000 0.000000
0.000000 0.000000
0.000000 0.000000
0.000000 0.000000
0.000000 0.000000
0.000000 0.000000
0.000000 0.000000
0.000000 0.000000
0.000000 0.000000
0.000000 0.000000
0.000000 0.000000
0.000000 0.000000
0.000000 0.000000
0.000000 0.000000
0.000000 0.000000
0.000000 0.000000
0.000000 0.000000
0.000000 0.000000
0.000000 0.000000
0.000000 0.000000
0.000000 0.000000
0.000000 0.000000
0.000000 0.000000
0.000000 0.000000
0.000000 0.000000
0.000000 0.000000
0.000000 0.000000
0.000000 0.000000
0.000000 0.000000
0.000000 0.000000
0.000000 0.000000
0.000000 0.000000
0.000000 0.000000
0.000000 0.000000
0.000000 0.000000
18545.453996 0.000000
36941.948523 0.000000
55189.483580 0.000000
73288.059167 0.000000
109038.331931 0.000000
126690.029108 0.000000
161546.545053 0.000000
187279.293470 0.000000
212639.643212 0.000000
254162.095433 0.000000
302573.923135 0.000000
388188.378432 0.000000
446580.490614 0.000000
556810.498303 0.000000
690259.563388 0.000000
834321.990685 0.000000
927458.899195 0.000000
1043796.245130 0.000000
1090383.319258 0.000000
1034097.562564 0.000000
689886.302217 0.000000
641571.538525 0.000000
593302.338995 0.000000
402610.242855 0.000000
67480.161783 0.000000
0.000000 0.000000
0.000000 0.000000
0.000000 0.000000
0.000000 0.000000
0.000000 0.000000
0.000000 0.000000
0.000000 0.000000
0.000000 0.000000
0.000000 0.000000
0.000000 0.000000
0.000000 0.000000
0.000000 0.000000
0.000000 0.000000
0.000000 0.000000
0.000000 0.000000
0.000000 0.000000
0.000000 0.000000
0.000000 0.000000
0.000000 0.000000
0.000000 0.000000
0.000000 0.000000
0.000000 0.000000
0.000000 0.000000
0.000000 0.000000
0.000000 0.000000
0.000000 0.000000
0.000000 0.000000
0.000000 0.000000
0.000000 0.000000
0.000000 0.000000
0.000000 0.000000
0.000000 0.000000
0.000000 0.000000
0.000000 0.000000
0.000000 0.000000
0.000000 0.000000
0.000000 0.000000
0.000000 0.000000
0.000000 0.000000
0.000000 0.000000
0.000000 0.000000
0.000000 0.000000
0.000000 0.000000
0.000000 0.000000
0.000000 0.000000
0.000000 0.000000
0.000000 0.000000
0.000000 0.000000
0.000000 0.000000
0.000000 0.000000
0.000000 0.000000
0.000000 0.000000
0.000000 0.000000
0.000000 0.000000
0.000000 0.000000
0.000000 0.000000
0.000000 0.000000
0.000000 0.000000
0.000000 0.000000
0.000000 0.000000
0.000000 0.000000
0.000000 0.000000
0.000000 0.000000
0.000000 0.000000
0.000000 0.000000
0.000000 0.000000
0.000000 0.000000
0.000000 0.000000
0.000000 0.000000
0.000000 0.000000
0.000000 0.000000
0.000000 0.000000
0.000000 0.000000
0.000000 0.000000
0.000000 0.000000
0.000000 0.000000
0.000000 0.000000
0.000000 0.000000
0.000000 0.000000
0.000000 0.000000
0.000000 0.000000
0.000000 0.000000
0.000000 0.000000
0.000000 0.000000
0.000000 0.000000
0.000000 0.000000
0.000000 0.000000
0.000000 0.000000
0.000000 0.000000
0.000000 0.000000
0.000000 0.000000
0.000000 0.000000
0.000000 0.000000
0.000000 0.000000
0.000000 0.000000
0.000000 0.000000
0.000000 0.000000
0.000000 0.000000
0.000000 0.000000
0.000000 0.000000
0.000000 0.000000
0.000000 0.000000
0.000000 0.000000
0.000000 0.000000
0.000000 0.000000
0.000000 0.000000
0.000000 0.000000
0.000000 0.000000
0.000000 0.000000
0.000000 0.000000
0.000000 0.000000
0.000000 0.000000
0.000000 0.000000
0.000000 0.000000
0.000000 0.000000
0.000000 0.000000
0.000000 0.000000
0.000000 0.000000
0.000000 0.000000
0.000000 0.000000
0.000000 0.000000
0.000000 0.000000
0.000000 0.000000
0.000000 0.000000
0.000000 0.000000
0.000000 0.000000
0.000000 0.000000
0.000000 0.000000
0.000000 0.000000
0.000000 0.000000
0.000000 0.000000
0.000000 0.000000
0.000000 0.000000
0.000000 0.000000
0.000000 0.000000
0.000000 0.000000
0.000000 0.000000
0.000000 0.000000
0.000000 0.000000
0.000000 0.000000
0.000000 0.000000
0.000000 0.000000
0.000000 0.000000
0.000000 0.000000
0.000000 0.000000
0.000000 0.000000
0.000000 0.000000
0.000000 0.000000
0.000000 0.000000
0.000000 0.000000
0.000000 0.000000
0.000000 0.000000
0.000000 0.000000
0.000000 0.000000
0.000000 0.000000
0.000000 0.000000
0.000000 0.000000
0.000000 0.000000
0.000000 0.000000
0.000000 0.000000
0.000000 0.000000
0.000000 0.000000
0.000000 0.000000
0.000000 0.000000
0.000000 0.000000
0.000000 0.000000
0.000000 0.000000
0.000000 0.000000
0.000000 0.000000
0.000000 0.000000
0.000000 0.000000
0.000000 0.000000
0.000000 0.000000
0.000000 0.000000
0.000000 0.000000
0.000000 0.000000
0.000000 0.000000
0.000000 0.000000
0.000000 0.000000
0.000000 0.000000
0.000000 0.000000
0.000000 0.000000
0.000000 0.000000
0.000000 0.000000
0.000000 0.000000
0.000000 0.000000
0.000000 0.000000
0.000000 0.000000
0.000000 0.000000
0.000000 0.000000
0.000000 0.000000
0.000000 0.000000
0.000000 0.000000
0.000000 0.000000
0.000000 0.000000
0.000000 0.000000
0.000000 0.000000
0.000000 0.000000
0.000000 0.000000
0.000000 0.000000
0.000000 0.000000
0.000000 0.000000
0.000000 0.000000
0.000000 0.000000
0.000000 0.000000
0.000000 0.000000
0.000000 0.000000
0.000000 0.000000
0.000000 0.000000
0.000000 0.000000
0.000000 0.000000
0.000000 0.000000
0.000000 0.000000
0.000000 0.000000
0.000000 0.000000
0.000000 0.000000
0.000000 0.000000
0.000000 0.000000
0.000000 0.000000
0.000000 0.000000
0.000000 0.000000
0.000000 0.000000
0.000000 0.000000
0.000000 0.000000
0.000000 0.000000
0.000000 0.000000
0.000000 0.000000
0.000000 0.000000
0.000000 0.000000
0.000000 0.000000
0.000000 0.000000
0.000000 0.000000
0.000000 0.000000
0.000000 0.000000
0.000000 0.000000
0.000000 0.000000
2.896368 0.000000
5.769472 0.000000
8.619312 0.000000
12.847544 0.000000
18.407640 0.000000
23.874680 0.000000
25.218176 0.000000
29.225400 0.000000
36.428516 0.000000
49.072500 0.000000
61.198860 0.000000
72.743620 0.000000
91.971316 0.000000
114.549028 0.000000
137.824660 0.000000
159.431100 0.000000
173.278996 0.000000
174.446558 0.000000
147.341090 0.000000
76.963128 0.000000
40.239450 0.000000
6.307452 0.000000
6.979200 0.000000
10.250700 0.000000
12.143808 0.000000
14.884598 0.000000
16.933284 0.000000
22.125518 0.000000
4338.601058 0.000000
8621.189693 0.000000
12868.648253 0.000000
12875.053137 0.000000
17087.894170 0.000000
23333.878893 0.000000
29490.186027 0.000000
35551.855445 0.000000
57099.405540 0.000000
73861.139745 0.000000
94375.638731 0.000000
116212.247884 0.000000
141745.845648 0.000000
174458.420522 0.000000
211747.876355 0.000000
235364.580468 0.000000
246648.971739 0.000000
233429.183324 0.000000
187970.041598 0.000000
134847.840412 0.000000
122365.408807 0.000000
87901.821558 0.000000
30760.535539 0.000000
36138.988391 0.000000
46836.802493 0.000000
54033.773867 0.000000
61361.789189 0.000000
65651.738054 0.000000
64145.403657 0.000000
51829.760492 0.000000
25222.946907 0.000000
5897.970559 0.000000
2722.526514 0.000000
3334.811392 0.000000
4520.403894 0.000000
6086.038927 0.000000
7646.803672 0.000000
9268.204724 0.000000
11655.112537 0.000000
13823.327496 0.000000
15571.185447 0.000000
16214.908827 0.000000
16232.078293 0.000000
12601.391430 0.000000
7223.437600 0.000000
3795.062496 0.000000
2667.462838 0.000000
3321.810418 0.000000
3884.093667 0.000000
2096.304086 0.000000
2801.709207 0.000000
3325.892624 0.000000
3776.862151 0.000000
4206.246488 0.000000
4652.429560 0.000000
4691.938284 0.000000
4056.864980 0.000000
2386.596199 0.000000
516.414293 0.000000
33.974739 0.000000
17.185074 0.000000
17.107898 0.000000
0.034272 0.000000
0.000000 0.000000
0.000000 0.000000
0.000000 0.000000
0.000000 0.000000
0.000000 0.000000
0.000000 0.000000
0.000000 0.000000
0.000000 0.000000
0.000000 0.000000
0.000000 0.000000
0.000000 0.000000
0.000000 0.000000
0.000000 0.000000
0.000000 0.000000
0.000000 0.000000
0.000000 0.000000
0.000000 0.000000
0.000000 0.000000
0.000000 0.000000
5.302704 0.000000
10.562816 0.000000
15.780336 0.000000
20.955264 0.000000
20.955264 0.000000
36.224496 0.000000
46.191024 0.000000
55.987184 0.000000
65.612976 0.000000
88.932096 0.000000
115.509504 0.000000
144.578544 0.000000
184.263640 0.000000
211.309560 0.000000
259.608888 0.000000
290.147352 0.000000
320.440912 0.000000
330.833360 0.000000
308.685520 0.000000
244.989184 0.000000
118.596202 0.000000
132.017468 0.000000
149.012540 0.000000
166.377788 0.000000
172.366651 0.000000
161.271269 0.000000
108.312837 0.000000
29.946317 0.000000
0.228831 0.000000
0.455824 0.000000
0.455824 0.000000
0.680979 0.000000
0.904296 0.000000
1.779184 0.000000
2.520471 0.000000
2.777381 0.000000
3.432659 0.000000
3.916356 0.000000
4.762099 0.000000
6.368221 0.000000
7.535905 0.000000
8.971549 0.000000
11.030886 0.000000
12.799780 0.000000
13.592079 0.000000
13.587023 0.000000
11.173129 0.000000
7.041762 0.000000
6.816186 0.000000
7.105549 0.000000
6.560629 0.000000
4.272526 0.000000
2.176971 0.000000
2.623189 0.000000
3.090106 0.000000
3.375025 0.000000
3.586455 0.000000
3.601125 0.000000
2.823160 0.000000
1.032270 0.000000
0.000000 0.000000
0.000000 0.000000
0.000000 0.000000
0.000000 0.000000
0.000000 0.000000
0.000000 0.000000
0.000000 0.000000
0.000000 0.000000
0.000000 0.000000
0.000000 0.000000
0.000000 0.000000
0.000000 0.000000
0.000000 0.000000
0.000000 0.000000
0.000000 0.000000
0.000000 0.000000
0.000000 0.000000
0.000000 0.000000
0.000000 0.000000
0.000000 0.000000
0.000000 0.000000
0.000000 0.000000
0.000000 0.000000
0.000000 0.000000
0.000000 0.000000
0.000000 0.000000
0.000000 0.000000
0.000000 0.000000
0.000000 0.000000
0.000000 0.000000
0.000000 0.000000
0.000000 0.000000
0.000000 0.000000
0.000000 0.000000
0.000000 0.000000
0.000000 0.000000
0.000000 0.000000
0.000000 0.000000
0.000000 0.000000
0.000000 0.000000
0.000000 0.000000
0.000000 0.000000
0.000000 0.000000
0.000000 0.000000
0.000000 0.000000
0.000000 0.000000
0.000000 0.000000
0.000000 0.000000
0.000000 0.000000
0.000000 0.000000
0.000000 0.000000
0.000000 0.000000
0.000000 0.000000
0.000000 0.000000
0.000000 0.000000
0.000000 0.000000
0.000000 0.000000
0.000000 0.000000
0.000000 0.000000
0.000000 0.000000
0.000000 0.000000
0.000000 0.000000
0.000000 0.000000
0.000000 0.000000
0.000000 0.000000
0.000000 0.000000
0.000000 0.000000
0.000000 0.000000
0.000000 0.000000
0.000000 0.000000
0.000000 0.000000
0.000000 0.000000
0.000000 0.000000
0.000000 0.000000
0.000000 0.000000
0.000000 0.000000
0.000000 0.000000
0.000000 0.000000
0.000000 0.000000
0.000000 0.000000
0.000000 0.000000
0.000000 0.000000
0.000000 0.000000
0.000000 0.000000
0.000000 0.000000
0.000000 0.000000
0.000000 0.000000
0.000000 0.000000
0.000000 0.000000
0.000000 0.000000
0.000000 0.000000
0.000000 0.000000
0.000000 0.000000
0.000000 0.000000
0.000000 0.000000
0.000000 0.000000
0.000000 0.000000
0.000000 0.000000
0.000000 0.000000
0.000000 0.000000
0.000000 0.000000
0.000000 0.000000
0.000000 0.000000
0.000000 0.000000
0.000000 0.000000
0.000000 0.000000
0.000000 0.000000
0.000000 0.000000
0.000000 0.000000
0.000000 0.000000
0.000000 0.000000
0.000000 0.000000
0.000000 0.000000
0.000000 0.000000
0.000000 0.000000
0.000000 0.000000
0.000000 0.000000
0.000000 0.000000
0.000000 0.000000
0.000000 0.000000
0.000000 0.000000
0.000000 0.000000
0.000000 0.000000
0.000000 0.000000
0.000000 0.000000
0.000000 0.000000
0.000000 0.000000
0.000000 0.000000
0.000000 0.000000
0.000000 0.000000
0.000000 0.000000
0.000000 0.000000
0.000000 0.000000
0.000000 0.000000
0.000000 0.000000
0.000000 0.000000
0.000000 0.000000
0.000000 0.000000
0.000000 0.000000
0.000000 0.000000
0.000000 0.000000
0.000000 0.000000
0.000000 0.000000
0.000000 0.000000
0.000000 0.000000
0.000000 0.000000
0.000000 0.000000
0.000000 0.000000
0.000000 0.000000
0.000000 0.000000
0.000000 0.000000
0.000000 0.000000
0.000000 0.000000
0.000000 0.000000
0.000000 0.000000
0.000000 0.000000
0.000000 0.000000
0.000000 0.000000
0.000000 0.000000
0.000000 0.000000
0.000000 0.000000
0.000000 0.000000
0.000000 0.000000
0.000000 0.000000
0.000000 0.000000
0.000000 0.000000
0.000000 0.000000
0.000000 0.000000
0.000000 0.000000
0.000000 0.000000
0.000000 0.000000
0.000000 0.000000
0.000000 0.000000
0.000000 0.000000
0.000000 0.000000
0.000000 0.000000
0.000000 0.000000
0.000000 0.000000
0.000000 0.000000
0.000000 0.000000
0.000000 0.000000
0.000000 0.000000
0.000000 0.000000
0.000000 0.000000
0.000000 0.000000
0.000000 0.000000
0.000000 0.000000
0.000000 0.000000
0.000000 0.000000
0.000000 0.000000
0.000000 0.000000
0.000000 0.000000
0.000000 0.000000
0.000000 0.000000
0.000000 0.000000
0.000000 0.000000
0.000000 0.000000
0.000000 0.000000
0.000000 0.000000
0.000000 0.000000
0.000000 0.000000
0.000000 0.000000
0.000000 0.000000
0.000000 0.000000
0.000000 0.000000
0.000000 0.000000
0.000000 0.000000
0.000000 0.000000
0.000000 0.000000
0.000000 0.000000
0.000000 0.000000
0.000000 0.000000
0.000000 0.000000
0.000000 0.000000
0.000000 0.000000
0.000000 0.000000
0.000000 0.000000
0.000000 0.000000
0.000000 0.000000
0.000000 0.000000
0.000000 0.000000
0.000000 0.000000
0.000000 0.000000
0.000000 0.000000
0.000000 0.000000
0.000000 0.000000
0.000000 0.000000
0.000000 0.000000
0.000000 0.000000
0.000000 0.000000
0.000000 0.000000
0.000000 0.000000
0.000000 0.000000
0.000000 0.000000
0.000000 0.000000
0.000000 0.000000
0.000000 0.000000
0.000000 0.000000
0.000000 0.000000
0.000000 0.000000
0.000000 0.000000
0.000000 0.000000
0.000000 0.000000
0.000000 0.000000
0.000000 0.000000
0.000000 0.000000
0.000000 0.000000
0.000000 0.000000
0.000000 0.000000
0.000000 0.000000
0.000000 0.000000
0.000000 0.000000
0.000000 0.000000
0.000000 0.000000
0.000000 0.000000
