174509.687456 0.000000
157054.858199 0.000000
150184.347002 0.000000
150425.132965 0.000000
138429.811885 0.000000
118902.007195 0.000000
106450.321755 0.000000
99410.494393 0.000000
79382.823419 0.000000
62347.100218 0.000000
45102.882987 0.000000
24276.439003 0.000000
20700.973058 0.000000
24638.518142 0.000000
27083.753345 0.000000
21604.069421 0.000000
15578.681292 0.000000
0.000000 0.000000
39.503529 0.000000
99.970023 0.000000
156.303465 0.000000
467.461103 0.000000
754.867542 0.000000
848.210875 0.000000
1068.531446 0.000000
1267.300854 0.000000
1666.776729 0.000000
2047.033750 0.000000
2307.135574 0.000000
2724.940103 0.000000
2841.621470 0.000000
2493.179616 0.000000
1533.624857 0.000000
879.865788 0.000000
1077.058798 0.000000
1433.507944 0.000000
1742.314136 0.000000
2117.713301 0.000000
2380.235639 0.000000
2626.194732 0.000000
2644.193254 0.000000
2604.617043 0.000000
2126.498867 0.000000
1203.237548 0.000000
1242.297981 0.000000
1373.271506 0.000000
1405.831792 0.000000
1329.017293 0.000000
964.147542 0.000000
668.228111 0.000000
661.655300 0.000000
599.067968 0.000000
422.909761 0.000000
510.106595 0.000000
660.930551 0.000000
788.989375 0.000000
924.151974 0.000000
957.462836 0.000000
1006.085879 0.000000
899.694473 0.000000
775.052867 0.000000
360.929250 0.000000
281.402676 0.000000
338.322864 0.000000
375.314230 0.000000
398.678193 0.000000
477.453862 0.000000
551.904445 0.000000
638.723421 0.000000
695.370705 0.000000
634.641637 0.000000
287.028023 0.000000
244.326892 0.000000
332.481386 0.000000
436.783667 0.000000
554.015618 0.000000
683.360420 0.000000
949.173563 0.000000
1032.681117 0.000000
1227.024229 0.000000
1343.188588 0.000000
1244.143846 0.000000
902.348557 0.000000
1073.313802 0.000000
1131.238621 0.000000
1102.230613 0.000000
525.686078 0.000000
0.000000 0.000000
0.000000 0.000000
0.000000 0.000000
73.544250 0.000000
143.317000 0.000000
209.318250 0.000000
330.351542 0.000000
522.652722 0.000000
618.038376 0.000000
789.826893 0.000000
991.093830 0.000000
1178.974964 0.000000
1242.173341 0.000000
1316.283671 0.000000
1335.977158 0.000000
1232.734553 0.000000
976.715718 0.000000
99.060975 0.000000
109.362191 0.000000
112.184439 0.000000
107.245484 0.000000
83.538560 0.000000
30.198007 0.000000
0.000000 0.000000
43.918056 0.000000
85.583904 0.000000
162.158976 0.000000
197.068200 0.000000
318.155186 0.000000
417.993050 0.000000
548.436582 0.000000
638.530781 0.000000
687.927250 0.000000
721.286374 0.000000
643.884521 0.000000
734.110308 0.000000
815.177332 0.000000
824.514127 0.000000
695.504516 0.000000
588.050080 0.000000
545.123344 0.000000
400.443916 0.000000
403.724571 0.000000
473.182561 0.000000
473.522945 0.000000
356.675998 0.000000
225.738470 0.000000
242.482807 0.000000
248.064252 0.000000
232.560237 0.000000
173.024816 0.000000
89.303131 0.000000
20.310264 0.000000
39.578976 0.000000
57.806136 0.000000
274.781124 0.000000
479.378226 0.000000
684.174501 0.000000
862.479648 0.000000
1434.108287 0.000000
1863.908404 0.000000
2101.911698 0.000000
2078.054448 0.000000
1954.824005 0.000000
1113.823196 0.000000
802.352966 0.000000
1051.930211 0.000000
1219.317615 0.000000
1245.195081 0.000000
1041.120592 0.000000
442.373311 0.000000
311.843489 0.000000
367.941283 0.000000
398.639242 0.000000
361.300435 0.000000
172.001155 0.000000
52.397859 0.000000
0.000000 0.000000
0.000000 0.000000
76.394136 0.000000
148.870624 0.000000
249.750060 0.000000
450.529520 0.000000
672.061665 0.000000
771.209250 0.000000
777.965127 0.000000
620.302970 0.000000
158.862310 0.000000
0.000000 0.000000
0.000000 0.000000
13.637910 0.000000
93.170886 0.000000
167.927965 0.000000
237.909148 0.000000
345.708186 0.000000
497.499695 0.000000
638.951432 0.000000
736.376877 0.000000
737.659671 0.000000
676.935187 0.000000
515.052666 0.000000
236.314042 0.000000
233.797366 0.000000
286.451557 0.000000
325.639259 0.000000
350.372817 0.000000
341.393239 0.000000
281.231648 0.000000
124.489883 0.000000
69.238620 0.000000
68.189544 0.000000
58.573059 0.000000
32.783394 0.000000
0.000000 0.000000
0.000000 0.000000
0.000000 0.000000
0.000000 0.000000
0.000000 0.000000
0.000000 0.000000
0.000000 0.000000
0.000000 0.000000
0.000000 0.000000
0.000000 0.000000
0.000000 0.000000
0.000000 0.000000
0.000000 0.000000
0.000000 0.000000
0.000000 0.000000
0.000000 0.000000
0.000000 0.000000
0.000000 0.000000
0.000000 0.000000
0.000000 0.000000
0.000000 0.000000
0.000000 0.000000
46.883187 0.000000
91.362108 0.000000
133.436763 0.000000
245.235132 0.000000
307.746048 0.000000
360.639900 0.000000
437.576412 0.000000
461.619072 0.000000
479.651067 0.000000
437.576412 0.000000
277.692723 0.000000
0.000000 0.000000
0.000000 0.000000
0.000000 0.000000
0.000000 0.000000
0.000000 0.000000
0.000000 0.000000
0.000000 0.000000
0.000000 0.000000
0.000000 0.000000
0.000000 0.000000
0.000000 0.000000
0.000000 0.000000
0.000000 0.000000
0.000000 0.000000
0.000000 0.000000
0.000000 0.000000
0.000000 0.000000
0.000000 0.000000
0.000000 0.000000
0.000000 0.000000
0.000000 0.000000
0.000000 0.000000
0.000000 0.000000
0.000000 0.000000
0.000000 0.000000
0.000000 0.000000
9.852570 0.000000
19.199880 0.000000
28.041930 0.000000
44.210250 0.000000
64.673280 0.000000
78.188985 0.000000
84.631050 0.000000
95.367825 0.000000
99.030960 0.000000
95.999400 0.000000
76.673205 0.000000
32.336640 0.000000
0.000000 0.000000
0.000000 0.000000
0.000000 0.000000
0.000000 0.000000
0.000000 0.000000
0.000000 0.000000
0.000000 0.000000
0.000000 0.000000
0.000000 0.000000
0.000000 0.000000
0.000000 0.000000
0.000000 0.000000
0.000000 0.000000
0.000000 0.000000
0.000000 0.000000
0.000000 0.000000
0.000000 0.000000
0.000000 0.000000
0.000000 0.000000
0.000000 0.000000
0.000000 0.000000
0.000000 0.000000
0.000000 0.000000
0.000000 0.000000
0.000000 0.000000
0.000000 0.000000
4.530357 0.000000
8.828388 0.000000
8.828388 0.000000
14.810799 0.000000
18.528014 0.000000
23.581117 0.000000
28.053402 0.000000
35.720151 0.000000
39.669687 0.000000
44.316202 0.000000
45.303564 0.000000
39.727704 0.000000
13.416711 0.000000
0.000000 0.000000
0.000000 0.000000
0.000000 0.000000
0.000000 0.000000
0.000000 0.000000
0.000000 0.000000
0.000000 0.000000
0.000000 0.000000
0.000000 0.000000
0.000000 0.000000
0.000000 0.000000
0.000000 0.000000
0.000000 0.000000
0.000000 0.000000
0.000000 0.000000
0.000000 0.000000
0.000000 0.000000
0.000000 0.000000
0.000000 0.000000
0.000000 0.000000
0.000000 0.000000
0.000000 0.000000
0.000000 0.000000
0.000000 0.000000
0.000000 0.000000
0.000000 0.000000
0.000000 0.000000
0.000000 0.000000
0.000000 0.000000
0.000000 0.000000
0.000000 0.000000
0.000000 0.000000
0.000000 0.000000
0.000000 0.000000
0.000000 0.000000
0.000000 0.000000
0.000000 0.000000
0.000000 0.000000
0.000000 0.000000
0.000000 0.000000
0.000000 0.000000
0.000000 0.000000
0.000000 0.000000
0.000000 0.000000
0.000000 0.000000
0.000000 0.000000
0.000000 0.000000
0.000000 0.000000
0.000000 0.000000
0.000000 0.000000
0.000000 0.000000
0.000000 0.000000
0.000000 0.000000
0.000000 0.000000
0.000000 0.000000
0.000000 0.000000
0.000000 0.000000
0.000000 0.000000
0.000000 0.000000
0.000000 0.000000
0.000000 0.000000
0.000000 0.000000
0.000000 0.000000
0.000000 0.000000
0.000000 0.000000
0.000000 0.000000
0.000000 0.000000
0.000000 0.000000
0.000000 0.000000
0.000000 0.000000
0.000000 0.000000
0.000000 0.000000
0.000000 0.000000
0.000000 0.000000
0.000000 0.000000
0.000000 0.000000
0.000000 0.000000
0.000000 0.000000
0.000000 0.000000
0.000000 0.000000
0.000000 0.000000
0.000000 0.000000
0.000000 0.000000
0.000000 0.000000
0.000000 0.000000
0.000000 0.000000
0.000000 0.000000
0.000000 0.000000
0.000000 0.000000
0.000000 0.000000
0.000000 0.000000
0.000000 0.000000
0.000000 0.000000
0.000000 0.000000
0.000000 0.000000
0.000000 0.000000
0.000000 0.000000
0.000000 0.000000
0.000000 0.000000
0.000000 0.000000
0.000000 0.000000
0.461409 0.000000
0.899156 0.000000
1.313241 0.000000
1.887029 0.000000
2.241960 0.000000
2.721104 0.000000
3.215046 0.000000
3.632088 0.000000
4.170405 0.000000
4.557878 0.000000
4.501701 0.000000
3.581882 0.000000
1.680144 0.000000
0.514692 0.000000
0.000000 0.000000
0.000000 0.000000
0.000000 0.000000
0.000000 0.000000
0.000000 0.000000
0.000000 0.000000
0.000000 0.000000
0.000000 0.000000
0.000000 0.000000
0.000000 0.000000
4.045314 0.000000
7.883176 0.000000
11.513586 0.000000
18.152050 0.000000
23.960706 0.000000
31.117800 0.000000
38.897250 0.000000
41.438537 0.000000
37.082045 0.000000
14.832818 0.000000
0.000000 0.000000
0.000000 0.000000
0.000000 0.000000
0.000000 0.000000
0.000000 0.000000
0.000000 0.000000
0.000000 0.000000
0.000000 0.000000
0.000000 0.000000
0.000000 0.000000
0.000000 0.000000
0.000000 0.000000
0.000000 0.000000
0.000000 0.000000
0.000000 0.000000
0.000000 0.000000
0.000000 0.000000
0.000000 0.000000
0.000000 0.000000
0.000000 0.000000
0.000000 0.000000
0.000000 0.000000
0.000000 0.000000
0.000000 0.000000
0.000000 0.000000
0.000000 0.000000
0.000000 0.000000
0.000000 0.000000
0.000000 0.000000
0.000000 0.000000
0.000000 0.000000
0.000000 0.000000
0.000000 0.000000
0.000000 0.000000
0.000000 0.000000
0.000000 0.000000
0.000000 0.000000
0.000000 0.000000
0.000000 0.000000
0.000000 0.000000
0.000000 0.000000
0.000000 0.000000
0.000000 0.000000
0.000000 0.000000
0.000000 0.000000
0.000000 0.000000
0.000000 0.000000
0.000000 0.000000
0.000000 0.000000
0.000000 0.000000
0.000000 0.000000
0.000000 0.000000
0.000000 0.000000
0.000000 0.000000
0.000000 0.000000
0.000000 0.000000
0.000000 0.000000
0.000000 0.000000
0.000000 0.000000
0.000000 0.000000
0.000000 0.000000
0.000000 0.000000
0.000000 0.000000
0.000000 0.000000
0.000000 0.000000
0.000000 0.000000
0.000000 0.000000
0.000000 0.000000
0.000000 0.000000
0.000000 0.000000
0.000000 0.000000
0.000000 0.000000
0.000000 0.000000
0.000000 0.000000
0.000000 0.000000
0.000000 0.000000
0.000000 0.000000
0.000000 0.000000
0.000000 0.000000
0.000000 0.000000
0.000000 0.000000
0.000000 0.000000
0.000000 0.000000
0.000000 0.000000
0.000000 0.000000
0.000000 0.000000
0.000000 0.000000
0.000000 0.000000
0.000000 0.000000
0.000000 0.000000
0.000000 0.000000
0.000000 0.000000
0.000000 0.000000
0.000000 0.000000
0.000000 0.000000
0.000000 0.000000
0.000000 0.000000
0.000000 0.000000
0.000000 0.000000
0.000000 0.000000
0.000000 0.000000
0.000000 0.000000
0.000000 0.000000
0.000000 0.000000
0.000000 0.000000
0.000000 0.000000
0.000000 0.000000
0.000000 0.000000
0.000000 0.000000
0.000000 0.000000
0.000000 0.000000
0.000000 0.000000
0.000000 0.000000
0.000000 0.000000
0.000000 0.000000
0.000000 0.000000
0.000000 0.000000
0.000000 0.000000
0.000000 0.000000
0.000000 0.000000
0.000000 0.000000
0.000000 0.000000
0.000000 0.000000
0.000000 0.000000
0.000000 0.000000
0.000000 0.000000
0.000000 0.000000
0.000000 0.000000
0.000000 0.000000
0.000000 0.000000
0.000000 0.000000
0.000000 0.000000
0.000000 0.000000
0.000000 0.000000
0.000000 0.000000
0.000000 0.000000
0.000000 0.000000
0.000000 0.000000
0.000000 0.000000
0.000000 0.000000
0.000000 0.000000
0.000000 0.000000
0.000000 0.000000
0.000000 0.000000
0.000000 0.000000
0.000000 0.000000
0.000000 0.000000
0.000000 0.000000
0.000000 0.000000
0.000000 0.000000
0.000000 0.000000
0.000000 0.000000
0.000000 0.000000
0.000000 0.000000
0.000000 0.000000
0.000000 0.000000
0.000000 0.000000
0.000000 0.000000
0.000000 0.000000
0.000000 0.000000
0.000000 0.000000
0.000000 0.000000
0.000000 0.000000
0.000000 0.000000
0.000000 0.000000
0.000000 0.000000
0.000000 0.000000
0.000000 0.000000
0.000000 0.000000
0.000000 0.000000
0.000000 0.000000
0.000000 0.000000
0.000000 0.000000
0.000000 0.000000
0.000000 0.000000
0.000000 0.000000
0.000000 0.000000
0.000000 0.000000
0.000000 0.000000
0.000000 0.000000
0.000000 0.000000
0.000000 0.000000
0.000000 0.000000
0.000000 0.000000
0.000000 0.000000
0.000000 0.000000
0.000000 0.000000
0.000000 0.000000
0.000000 0.000000
0.000000 0.000000
0.000000 0.000000
0.000000 0.000000
0.000000 0.000000
0.000000 0.000000
0.000000 0.000000
0.000000 0.000000
0.000000 0.000000
0.000000 0.000000
0.000000 0.000000
0.000000 0.000000
0.000000 0.000000
0.000000 0.000000
0.000000 0.000000
0.000000 0.000000
0.000000 0.000000
0.000000 0.000000
0.000000 0.000000
0.000000 0.000000
0.000000 0.000000
0.000000 0.000000
0.000000 0.000000
0.000000 0.000000
0.000000 0.000000
0.000000 0.000000
0.000000 0.000000
0.000000 0.000000
0.000000 0.000000
0.000000 0.000000
0.000000 0.000000
0.000000 0.000000
0.000000 0.000000
0.000000 0.000000
0.000000 0.000000
0.000000 0.000000
0.000000 0.000000
0.000000 0.000000
0.000000 0.000000
0.000000 0.000000
0.000000 0.000000
0.000000 0.000000
0.000000 0.000000
0.000000 0.000000
0.000000 0.000000
0.000000 0.000000
0.000000 0.000000
0.000000 0.000000
0.000000 0.000000
0.000000 0.000000
0.000000 0.000000
0.000000 0.000000
0.000000 0.000000
0.000000 0.000000
0.000000 0.000000
0.000000 0.000000
0.000000 0.000000
0.000000 0.000000
0.000000 0.000000
0.000000 0.000000
0.000000 0.000000
0.000000 0.000000
0.000000 0.000000
0.000000 0.000000
0.000000 0.000000
0.000000 0.000000
0.000000 0.000000
0.000000 0.000000
0.000000 0.000000
0.000000 0.000000
0.000000 0.000000
0.000000 0.000000
0.000000 0.000000
0.000000 0.000000
0.000000 0.000000
0.000000 0.000000
0.000000 0.000000
0.000000 0.000000
0.000000 0.000000
0.000000 0.000000
0.000000 0.000000
0.000000 0.000000
0.000000 0.000000
0.000000 0.000000
0.000000 0.000000
6.099015 0.000000
11.885260 0.000000
22.519440 0.000000
34.013751 0.000000
41.832999 0.000000
48.401167 0.000000
59.348112 0.000000
61.224735 0.000000
61.224720 0.000000
51.137847 0.000000
32.137023 0.000000
0.000000 0.000000
0.000000 0.000000
0.000000 0.000000
0.000000 0.000000
0.000000 0.000000
0.000000 0.000000
0.000000 0.000000
0.000000 0.000000
0.000000 0.000000
0.000000 0.000000
0.000000 0.000000
0.000000 0.000000
0.000000 0.000000
0.000000 0.000000
0.000000 0.000000
0.000000 0.000000
0.000000 0.000000
0.000000 0.000000
11.091795 0.000000
11.091795 0.000000
21.614780 0.000000
40.954320 0.000000
49.770875 0.000000
65.697555 0.000000
72.807680 0.000000
99.826155 0.000000
112.624380 0.000000
106.651875 0.000000
90.725195 0.000000
31.568955 0.000000
0.000000 0.000000
0.000000 0.000000
0.000000 0.000000
0.000000 0.000000
0.000000 0.000000
0.000000 0.000000
0.000000 0.000000
0.000000 0.000000
0.000000 0.000000
0.000000 0.000000
0.000000 0.000000
0.000000 0.000000
0.000000 0.000000
0.000000 0.000000
0.000000 0.000000
0.000000 0.000000
0.000000 0.000000
0.000000 0.000000
0.000000 0.000000
0.000000 0.000000
0.000000 0.000000
0.000000 0.000000
0.000000 0.000000
0.000000 0.000000
0.000000 0.000000
0.000000 0.000000
0.000000 0.000000
0.000000 0.000000
0.000000 0.000000
0.000000 0.000000
0.000000 0.000000
0.000000 0.000000
0.000000 0.000000
0.000000 0.000000
0.000000 0.000000
0.000000 0.000000
0.000000 0.000000
0.000000 0.000000
0.000000 0.000000
0.000000 0.000000
0.000000 0.000000
0.000000 0.000000
0.000000 0.000000
0.000000 0.000000
0.000000 0.000000
0.000000 0.000000
0.000000 0.000000
0.000000 0.000000
0.000000 0.000000
0.000000 0.000000
0.000000 0.000000
0.000000 0.000000
0.000000 0.000000
0.000000 0.000000
0.000000 0.000000
0.000000 0.000000
0.000000 0.000000
0.000000 0.000000
0.000000 0.000000
0.000000 0.000000
0.000000 0.000000
0.000000 0.000000
0.000000 0.000000
0.000000 0.000000
0.000000 0.000000
0.000000 0.000000
0.000000 0.000000
0.000000 0.000000
0.000000 0.000000
0.000000 0.000000
0.000000 0.000000
0.000000 0.000000
0.000000 0.000000
0.000000 0.000000
0.000000 0.000000
0.000000 0.000000
0.000000 0.000000
0.000000 0.000000
0.000000 0.000000
0.000000 0.000000
0.000000 0.000000
0.000000 0.000000
0.000000 0.000000
0.000000 0.000000
0.000000 0.000000
0.000000 0.000000
0.000000 0.000000
0.000000 0.000000
0.000000 0.000000
0.000000 0.000000
0.000000 0.000000
0.000000 0.000000
0.000000 0.000000
0.000000 0.000000
0.000000 0.000000
0.000000 0.000000
0.000000 0.000000
0.000000 0.000000
9.416784 0.000000
18.350656 0.000000
26.801616 0.000000
49.257024 0.000000
61.812736 0.000000
72.436800 0.000000
87.889984 0.000000
95.978760 0.000000
91.632552 0.000000
61.571280 0.000000
0.000000 0.000000
0.000000 0.000000
0.000000 0.000000
0.000000 0.000000
0.000000 0.000000
0.000000 0.000000
0.000000 0.000000
0.000000 0.000000
0.000000 0.000000
0.000000 0.000000
0.000000 0.000000
0.000000 0.000000
0.000000 0.000000
0.000000 0.000000
0.000000 0.000000
0.000000 0.000000
0.000000 0.000000
0.000000 0.000000
0.000000 0.000000
0.000000 0.000000
0.000000 0.000000
0.000000 0.000000
0.000000 0.000000
0.000000 0.000000
0.000000 0.000000
0.000000 0.000000
0.000000 0.000000
0.000000 0.000000
0.000000 0.000000
0.000000 0.000000
0.000000 0.000000
0.000000 0.000000
0.000000 0.000000
0.000000 0.000000
0.000000 0.000000
0.000000 0.000000
0.000000 0.000000
0.000000 0.000000
0.000000 0.000000
0.000000 0.000000
0.000000 0.000000
0.000000 0.000000
0.000000 0.000000
0.000000 0.000000
0.000000 0.000000
0.000000 0.000000
0.000000 0.000000
0.000000 0.000000
0.000000 0.000000
0.000000 0.000000
0.000000 0.000000
0.000000 0.000000
0.000000 0.000000
0.000000 0.000000
0.000000 0.000000
0.000000 0.000000
0.000000 0.000000
0.000000 0.000000
0.000000 0.000000
0.000000 0.000000
0.000000 0.000000
0.000000 0.000000
0.000000 0.000000
0.000000 0.000000
0.000000 0.000000
0.000000 0.000000
0.000000 0.000000
0.000000 0.000000
0.000000 0.000000
0.000000 0.000000
0.000000 0.000000
0.000000 0.000000
0.000000 0.000000
0.000000 0.000000
0.000000 0.000000
0.000000 0.000000
0.000000 0.000000
0.000000 0.000000
0.000000 0.000000
0.000000 0.000000
0.000000 0.000000
0.000000 0.000000
0.000000 0.000000
0.000000 0.000000
0.000000 0.000000
0.000000 0.000000
0.000000 0.000000
0.000000 0.000000
0.000000 0.000000
0.000000 0.000000
0.000000 0.000000
0.000000 0.000000
0.000000 0.000000
0.000000 0.000000
0.000000 0.000000
0.000000 0.000000
0.000000 0.000000
0.000000 0.000000
0.000000 0.000000
0.000000 0.000000
0.000000 0.000000
0.000000 0.000000
0.000000 0.000000
0.000000 0.000000
0.000000 0.000000
0.000000 0.000000
0.000000 0.000000
0.000000 0.000000
0.000000 0.000000
0.000000 0.000000
0.000000 0.000000
0.000000 0.000000
0.000000 0.000000
0.000000 0.000000
1.504035 0.000000
2.930940 0.000000
4.280715 0.000000
6.748875 0.000000
9.872640 0.000000
11.569500 0.000000
13.786994 0.000000
15.175330 0.000000
15.348868 0.000000
13.169925 0.000000
7.230894 0.000000
0.000000 0.000000
0.000000 0.000000
0.000000 0.000000
0.000000 0.000000
0.000000 0.000000
0.000000 0.000000
0.000000 0.000000
0.000000 0.000000
