7491040.704895 0.000000
7122400.262755 0.000000
6863028.952066 0.000000
6476719.955999 0.000000
6076480.338566 0.000000
5656146.451483 0.000000
5406888.086047 0.000000
5428492.701221 0.000000
5212543.051905 0.000000
5135000.995893 0.000000
5125369.168571 0.000000
4837667.482594 0.000000
4581253.237264 0.000000
4287545.011640 0.000000
4297250.206198 0.000000
4220746.924768 0.000000
3898536.688820 0.000000
3545267.167955 0.000000
3274904.253478 0.000000
3163027.766733 0.000000
3183361.412582 0.000000
3047194.498864 0.000000
2955679.474826 0.000000
2811695.161723 0.000000
2706162.319848 0.000000
2672183.015865 0.000000
2536868.414122 0.000000
2309113.224131 0.000000
2005116.467704 0.000000
1577120.489776 0.000000
1548372.163850 0.000000
1581133.043151 0.000000
1419608.700942 0.000000
1204655.886892 0.000000
981481.001043 0.000000
794050.789218 0.000000
566807.534907 0.000000
587383.253548 0.000000
740891.006324 0.000000
887831.392370 0.000000
1020725.667577 0.000000
1010191.935177 0.000000
1053278.329672 0.000000
975694.052425 0.000000
886827.647873 0.000000
863308.735913 0.000000
874336.807619 0.000000
952968.883179 0.000000
976695.359355 0.000000
982433.352166 0.000000
876978.688771 0.000000
885871.872218 0.000000
838792.316342 0.000000
731886.355847 0.000000
627161.145849 0.000000
334274.154686 0.000000
225136.139653 0.000000
262554.955624 0.000000
302670.078214 0.000000
318271.151365 0.000000
305355.732713 0.000000
233991.878726 0.000000
187566.666074 0.000000
216137.534591 0.000000
233606.942385 0.000000
219892.699245 0.000000
220223.888446 0.000000
228371.954501 0.000000
236060.143783 0.000000
253281.720810 0.000000
257230.075602 0.000000
258231.130349 0.000000
275398.005949 0.000000
275293.005810 0.000000
269073.632951 0.000000
224787.943057 0.000000
179785.426528 0.000000
134232.352385 0.000000
160456.813376 0.000000
188861.237509 0.000000
203540.463220 0.000000
210840.284633 0.000000
221457.801855 0.000000
194939.362301 0.000000
194374.077703 0.000000
216422.540470 0.000000
216410.337396 0.000000
226467.229939 0.000000
224821.688267 0.000000
197235.739653 0.000000
119021.127921 0.000000
103683.561586 0.000000
103873.924584 0.000000
102823.452523 0.000000
84590.201605 0.000000
67384.457944 0.000000
63418.087283 0.000000
30775.352565 0.000000
19288.560226 0.000000
9700.453484 0.000000
6747.853941 0.000000
7929.679368 0.000000
10120.120615 0.000000
12647.680970 0.000000
16172.037569 0.000000
18213.127326 0.000000
21858.610925 0.000000
23777.377771 0.000000
23282.519311 0.000000
24895.050294 0.000000
29060.538371 0.000000
32949.588634 0.000000
39420.443571 0.000000
44414.962628 0.000000
47303.246077 0.000000
49941.611702 0.000000
52416.215780 0.000000
57750.080192 0.000000
51008.680396 0.000000
50701.262250 0.000000
54069.066059 0.000000
51325.891052 0.000000
32827.202229 0.000000
29565.716488 0.000000
28950.913311 0.000000
24985.934300 0.000000
24291.946772 0.000000
28173.578173 0.000000
31287.494512 0.000000
34146.377660 0.000000
35968.766788 0.000000
35383.235418 0.000000
38241.074553 0.000000
42978.297166 0.000000
46581.981380 0.000000
43166.325166 0.000000
43594.414766 0.000000
44616.901960 0.000000
47028.614938 0.000000
52375.531139 0.000000
53560.064833 0.000000
52243.109230 0.000000
46962.996934 0.000000
32962.084116 0.000000
15516.741119 0.000000
14421.265846 0.000000
18151.373957 0.000000
22555.167504 0.000000
25134.991713 0.000000
26434.081524 0.000000
24150.692621 0.000000
20154.665333 0.000000
14024.680658 0.000000
18423.556216 0.000000
22616.237770 0.000000
26460.522548 0.000000
30513.203162 0.000000
33548.899044 0.000000
37124.296945 0.000000
40148.364204 0.000000
41372.320949 0.000000
29318.203482 0.000000
30695.164728 0.000000
33168.683795 0.000000
34216.766345 0.000000
35864.803025 0.000000
40167.920324 0.000000
49552.494752 0.000000
53306.899990 0.000000
59718.348570 0.000000
63546.650399 0.000000
75723.192593 0.000000
82238.992882 0.000000
84085.888126 0.000000
75747.633421 0.000000
52000.399413 0.000000
40057.950921 0.000000
39314.798661 0.000000
43305.650868 0.000000
43775.177686 0.000000
37623.724378 0.000000
18937.775054 0.000000
8739.161194 0.000000
10566.408407 0.000000
13579.196821 0.000000
16499.873409 0.000000
19560.228231 0.000000
23546.574883 0.000000
26881.422484 0.000000
28816.278457 0.000000
29820.306120 0.000000
27531.714271 0.000000
27088.840817 0.000000
25422.135793 0.000000
18407.568399 0.000000
11367.708705 0.000000
5772.452097 0.000000
996.796008 0.000000
1568.776010 0.000000
1966.359608 0.000000
2413.098017 0.000000
2900.778995 0.000000
3490.383085 0.000000
4409.301025 0.000000
5467.872154 0.000000
5977.472675 0.000000
6734.200341 0.000000
7711.000542 0.000000
6164.189822 0.000000
2196.950195 0.000000
1053.325837 0.000000
1312.915891 0.000000
1905.526843 0.000000
2672.641328 0.000000
3084.735525 0.000000
3612.881602 0.000000
4731.230891 0.000000
5834.382731 0.000000
6686.864473 0.000000
7594.162846 0.000000
9324.322564 0.000000
10440.150957 0.000000
9996.581729 0.000000
8844.139852 0.000000
8650.470898 0.000000
7307.576957 0.000000
6242.539248 0.000000
6531.546851 0.000000
6716.162167 0.000000
6771.782385 0.000000
6603.047894 0.000000
5686.249699 0.000000
4057.521424 0.000000
4622.553231 0.000000
5434.950580 0.000000
6013.875243 0.000000
6541.818996 0.000000
6384.943927 0.000000
6557.607910 0.000000
7378.093910 0.000000
8338.488885 0.000000
8808.387670 0.000000
8592.415056 0.000000
9009.933487 0.000000
8656.898748 0.000000
8167.738876 0.000000
4726.601916 0.000000
5664.486588 0.000000
6815.493609 0.000000
8080.133741 0.000000
9140.766425 0.000000
10311.748321 0.000000
11675.971517 0.000000
12793.744861 0.000000
13941.158776 0.000000
15125.079517 0.000000
15966.843828 0.000000
15784.969877 0.000000
12621.954869 0.000000
12667.650453 0.000000
12256.030957 0.000000
9832.514679 0.000000
6541.451486 0.000000
7187.713949 0.000000
7882.105563 0.000000
8082.466817 0.000000
6784.919154 0.000000
6252.085441 0.000000
6071.577659 0.000000
6347.719607 0.000000
7315.607277 0.000000
8741.632031 0.000000
10925.245862 0.000000
12690.917023 0.000000
14253.720319 0.000000
16069.009929 0.000000
17076.194766 0.000000
15696.364578 0.000000
7876.720991 0.000000
2980.287417 0.000000
0.000000 0.000000
0.000000 0.000000
0.000000 0.000000
0.000000 0.000000
0.000000 0.000000
0.000000 0.000000
8.018298 0.000000
15.972192 0.000000
23.861682 0.000000
31.686768 0.000000
39.447450 0.000000
47.143728 0.000000
62.343072 0.000000
73.565469 0.000000
90.125460 0.000000
97.387010 0.000000
114.329340 0.000000
150.548635 0.000000
188.112349 0.000000
362.180328 0.000000
522.309463 0.000000
717.271596 0.000000
1043.309018 0.000000
1221.171595 0.000000
1355.302024 0.000000
1702.587404 0.000000
1956.691373 0.000000
2372.127901 0.000000
2621.964733 0.000000
3335.332942 0.000000
3839.700578 0.000000
4626.081956 0.000000
5540.232671 0.000000
6349.889956 0.000000
6968.354388 0.000000
7133.445594 0.000000
6196.183093 0.000000
4841.443149 0.000000
3460.371429 0.000000
1946.179104 0.000000
2210.867715 0.000000
2910.710022 0.000000
3422.017011 0.000000
4232.249964 0.000000
4993.271165 0.000000
5832.824646 0.000000
6548.951018 0.000000
7087.077464 0.000000
7256.605404 0.000000
7949.278339 0.000000
8742.152417 0.000000
8854.889829 0.000000
9319.035224 0.000000
8784.092792 0.000000
7213.045952 0.000000
2989.504118 0.000000
258.999745 0.000000
292.327196 0.000000
422.503425 0.000000
588.942784 0.000000
743.890467 0.000000
1092.609683 0.000000
1456.686717 0.000000
1878.563209 0.000000
2383.487012 0.000000
3051.455226 0.000000
3570.820452 0.000000
4104.964226 0.000000
4534.110867 0.000000
4516.307375 0.000000
5539.403382 0.000000
6580.297711 0.000000
9106.837657 0.000000
10661.592477 0.000000
12630.957732 0.000000
12489.526000 0.000000
11459.107322 0.000000
12373.179382 0.000000
12379.373992 0.000000
12112.826055 0.000000
13682.516340 0.000000
17603.822132 0.000000
22767.870098 0.000000
29443.049417 0.000000
35347.153745 0.000000
44576.819954 0.000000
53173.222306 0.000000
62584.351489 0.000000
69464.467976 0.000000
74378.702095 0.000000
75764.265303 0.000000
75458.890097 0.000000
75137.289010 0.000000
56842.653540 0.000000
28846.379647 0.000000
18545.682060 0.000000
2263.785489 0.000000
807.190160 0.000000
945.921391 0.000000
1196.743443 0.000000
1382.968611 0.000000
1636.361968 0.000000
2004.749744 0.000000
2186.528799 0.000000
2395.599105 0.000000
2336.552568 0.000000
1839.217305 0.000000
437.516127 0.000000
0.000000 0.000000
811.378334 0.000000
1583.172136 0.000000
3108.008531 0.000000
3140.550891 0.000000
3957.481954 0.000000
4703.881125 0.000000
9301.755187 0.000000
25638.848473 0.000000
30923.851195 0.000000
38770.260733 0.000000
42968.261530 0.000000
52532.679602 0.000000
58801.076109 0.000000
63358.464885 0.000000
80967.371064 0.000000
99896.824249 0.000000
124380.220790 0.000000
136357.576517 0.000000
150927.281263 0.000000
175825.275703 0.000000
183759.425549 0.000000
217601.012612 0.000000
240219.386620 0.000000
272792.065015 0.000000
282460.506232 0.000000
226487.735089 0.000000
162028.489428 0.000000
168531.793279 0.000000
206145.620593 0.000000
257961.221807 0.000000
311175.247547 0.000000
372280.267040 0.000000
422822.911026 0.000000
436925.223713 0.000000
405484.354994 0.000000
313726.243529 0.000000
190727.960121 0.000000
222798.637821 0.000000
265874.458637 0.000000
304698.774913 0.000000
317131.281376 0.000000
297404.592123 0.000000
314438.827976 0.000000
283470.775272 0.000000
268369.361215 0.000000
236846.687266 0.000000
244315.681704 0.000000
260576.833880 0.000000
260037.821903 0.000000
251639.480076 0.000000
218805.564508 0.000000
174135.731676 0.000000
147162.168660 0.000000
121591.418281 0.000000
124572.883550 0.000000
97138.574382 0.000000
73059.569192 0.000000
84764.294005 0.000000
97743.077887 0.000000
110447.869548 0.000000
109791.569894 0.000000
94233.377851 0.000000
71601.325725 0.000000
51018.854740 0.000000
42320.594241 0.000000
28712.487422 0.000000
10196.425719 0.000000
7708.805306 0.000000
11501.900829 0.000000
15259.229614 0.000000
18985.631380 0.000000
22699.810055 0.000000
30052.487438 0.000000
37261.450169 0.000000
52993.893750 0.000000
68071.659255 0.000000
82496.944632 0.000000
110882.527247 0.000000
139104.362136 0.000000
170971.813482 0.000000
197889.865184 0.000000
219577.272090 0.000000
234430.765843 0.000000
233402.436110 0.000000
188159.818105 0.000000
116458.795464 0.000000
134359.494371 0.000000
141522.880969 0.000000
136828.089035 0.000000
116286.015236 0.000000
71663.972109 0.000000
40383.386074 0.000000
20368.677472 0.000000
23082.302556 0.000000
27217.920838 0.000000
32425.720740 0.000000
33016.350397 0.000000
26145.197308 0.000000
26624.945584 0.000000
25283.999261 0.000000
17128.632322 0.000000
10021.166124 0.000000
3715.765113 0.000000
5409.417805 0.000000
6172.867595 0.000000
7891.606740 0.000000
9285.182854 0.000000
10260.955942 0.000000
12054.819459 0.000000
13862.155277 0.000000
14458.526001 0.000000
13809.106426 0.000000
10662.009990 0.000000
4217.250010 0.000000
1214.758140 0.000000
93.941922 0.000000
187.129291 0.000000
279.562106 0.000000
462.164075 0.000000
641.747830 0.000000
991.860697 0.000000
1575.507900 0.000000
2076.903480 0.000000
2695.087213 0.000000
3100.016790 0.000000
3549.994948 0.000000
4364.136522 0.000000
5232.585524 0.000000
6130.107012 0.000000
6447.121337 0.000000
6310.528821 0.000000
5108.387875 0.000000
3960.666645 0.000000
4408.607580 0.000000
5232.079709 0.000000
6266.821720 0.000000
7101.719497 0.000000
7559.692146 0.000000
7245.952413 0.000000
6001.016835 0.000000
3546.034780 0.000000
1710.057506 0.000000
1.612992 0.000000
2.409732 0.000000
3.983700 0.000000
193.864428 0.000000
382.970831 0.000000
570.519179 0.000000
1121.718219 0.000000
1658.445790 0.000000
2267.157418 0.000000
2691.129233 0.000000
3588.479331 0.000000
4210.558921 0.000000
5301.786909 0.000000
6126.380107 0.000000
7364.121761 0.000000
8548.806506 0.000000
10037.772326 0.000000
11403.128991 0.000000
11853.427191 0.000000
11058.315921 0.000000
8016.313186 0.000000
8053.881370 0.000000
8044.558134 0.000000
6640.185074 0.000000
6011.926840 0.000000
6963.685368 0.000000
8211.147381 0.000000
9065.676376 0.000000
9376.831953 0.000000
8569.249257 0.000000
7743.184262 0.000000
7313.982203 0.000000
5511.869381 0.000000
3640.719501 0.000000
1103.170617 0.000000
151.712606 0.000000
498.564852 0.000000
643.928874 0.000000
768.713959 0.000000
908.419359 0.000000
1301.813615 0.000000
1981.146338 0.000000
2944.486140 0.000000
4220.730998 0.000000
5766.052450 0.000000
7165.108119 0.000000
8515.007377 0.000000
10704.158098 0.000000
12285.552623 0.000000
13159.471918 0.000000
12108.577170 0.000000
14413.134950 0.000000
21616.376825 0.000000
29711.083533 0.000000
37621.346506 0.000000
55756.748702 0.000000
75121.848486 0.000000
92155.397159 0.000000
113846.138283 0.000000
130752.855985 0.000000
151814.178238 0.000000
158489.644144 0.000000
191544.239345 0.000000
238557.015182 0.000000
273819.838946 0.000000
310676.066203 0.000000
331356.800282 0.000000
330712.392152 0.000000
254507.652551 0.000000
171311.592627 0.000000
186504.284909 0.000000
192469.402821 0.000000
172995.260667 0.000000
116393.228443 0.000000
93263.729705 0.000000
94284.216506 0.000000
86915.727564 0.000000
62754.433734 0.000000
28388.518043 0.000000
16667.896891 0.000000
23405.529177 0.000000
29474.359540 0.000000
32904.813477 0.000000
46389.058008 0.000000
60052.934902 0.000000
78721.621967 0.000000
103189.499734 0.000000
130808.145551 0.000000
154145.489413 0.000000
172054.781125 0.000000
186523.924553 0.000000
130118.679689 0.000000
147583.715826 0.000000
154579.559599 0.000000
156714.984966 0.000000
168065.696090 0.000000
174040.390492 0.000000
138575.214176 0.000000
75310.656488 0.000000
77723.480946 0.000000
91799.490749 0.000000
106787.337316 0.000000
112003.305245 0.000000
122947.147676 0.000000
123903.323675 0.000000
113171.421680 0.000000
91710.658115 0.000000
96269.594959 0.000000
99069.232228 0.000000
104198.796260 0.000000
98677.712766 0.000000
84284.538618 0.000000
60897.846610 0.000000
31686.599591 0.000000
15426.472969 0.000000
26423.009318 0.000000
35224.422756 0.000000
41462.223016 0.000000
48771.315635 0.000000
62430.185777 0.000000
73038.555710 0.000000
89615.573278 0.000000
104242.863317 0.000000
116585.894758 0.000000
117471.317308 0.000000
115584.315539 0.000000
99241.243294 0.000000
71949.529709 0.000000
60626.421316 0.000000
49861.006470 0.000000
19935.821396 0.000000
7569.438846 0.000000
9178.223271 0.000000
11233.319830 0.000000
13882.128283 0.000000
15466.513576 0.000000
18636.360084 0.000000
21465.063530 0.000000
25127.710704 0.000000
28384.127372 0.000000
30408.516690 0.000000
32913.064484 0.000000
33520.657972 0.000000
25169.677053 0.000000
18936.737004 0.000000
18649.358868 0.000000
14062.321902 0.000000
6493.140353 0.000000
7973.056317 0.000000
9704.719300 0.000000
12057.843909 0.000000
14892.302567 0.000000
17859.399581 0.000000
22266.721672 0.000000
26137.513773 0.000000
28611.478394 0.000000
31648.753253 0.000000
28791.597805 0.000000
23265.180947 0.000000
14603.929428 0.000000
16239.302380 0.000000
17984.125510 0.000000
18734.404400 0.000000
17683.627895 0.000000
16629.750519 0.000000
18015.995239 0.000000
22087.572677 0.000000
28809.482209 0.000000
35658.846244 0.000000
41895.157346 0.000000
46157.730965 0.000000
47373.526026 0.000000
44164.049509 0.000000
29804.571943 0.000000
26002.349338 0.000000
23183.121149 0.000000
14732.941242 0.000000
16990.671904 0.000000
19868.944613 0.000000
26902.140250 0.000000
31363.003626 0.000000
37217.703758 0.000000
43055.168746 0.000000
49330.276460 0.000000
50704.115564 0.000000
47540.362328 0.000000
35234.924541 0.000000
22800.176345 0.000000
15588.478937 0.000000
6836.308085 0.000000
2181.675592 0.000000
2765.659867 0.000000
3211.742043 0.000000
3932.240537 0.000000
4686.662118 0.000000
5486.836489 0.000000
6084.913519 0.000000
6644.816496 0.000000
7258.922075 0.000000
7437.129104 0.000000
6193.709299 0.000000
5348.244099 0.000000
5359.912954 0.000000
6839.255386 0.000000
7896.653764 0.000000
8325.591598 0.000000
8308.473964 0.000000
7366.725750 0.000000
4506.011329 0.000000
2671.567547 0.000000
1022.901929 0.000000
1294.751318 0.000000
1555.883209 0.000000
1693.858835 0.000000
2109.278848 0.000000
2452.402475 0.000000
2894.468912 0.000000
3325.102935 0.000000
4416.898876 0.000000
4531.081608 0.000000
4525.005227 0.000000
3973.698656 0.000000
3751.922946 0.000000
4310.215432 0.000000
4977.595016 0.000000
5483.272918 0.000000
6087.345838 0.000000
6103.816601 0.000000
5270.514531 0.000000
2752.365018 0.000000
1535.967963 0.000000
1207.664500 0.000000
2296.837027 0.000000
2922.618658 0.000000
3350.319394 0.000000
4281.353421 0.000000
5825.672232 0.000000
7161.782537 0.000000
8584.612650 0.000000
10612.351579 0.000000
12813.870151 0.000000
13969.744056 0.000000
13514.517255 0.000000
12712.491087 0.000000
13368.131060 0.000000
13285.705069 0.000000
11800.903201 0.000000
9614.945151 0.000000
8346.536810 0.000000
4503.258634 0.000000
4305.682125 0.000000
4648.313920 0.000000
5094.176870 0.000000
5345.067027 0.000000
5226.363954 0.000000
3337.671188 0.000000
3114.995069 0.000000
4145.004427 0.000000
4782.116066 0.000000
5278.379133 0.000000
5834.117930 0.000000
6224.336180 0.000000
7018.009522 0.000000
8169.872636 0.000000
8597.638568 0.000000
9107.091475 0.000000
9798.668252 0.000000
11207.276008 0.000000
12029.487535 0.000000
12325.562296 0.000000
10672.023707 0.000000
7445.614259 0.000000
3712.312143 0.000000
0.000000 0.000000
0.000000 0.000000
0.000000 0.000000
0.000000 0.000000
0.000000 0.000000
0.000000 0.000000
7.881597 0.000000
15.699888 0.000000
23.454873 0.000000
31.146552 0.000000
46.339992 0.000000
53.841753 0.000000
68.655357 0.000000
266.108485 0.000000
471.664962 0.000000
677.492485 0.000000
782.507557 0.000000
811.955474 0.000000
990.769949 0.000000
1396.412400 0.000000
1839.064667 0.000000
2334.732282 0.000000
3024.893854 0.000000
3659.268324 0.000000
4642.401085 0.000000
5261.964224 0.000000
2938.994679 0.000000
3548.141338 0.000000
4133.612192 0.000000
4983.982127 0.000000
5844.084102 0.000000
6595.507102 0.000000
7103.151061 0.000000
6094.394033 0.000000
4431.708025 0.000000
2183.185178 0.000000
2390.579749 0.000000
2535.505934 0.000000
2647.651279 0.000000
2612.312914 0.000000
2055.625437 0.000000
2238.183972 0.000000
2645.251790 0.000000
3039.458116 0.000000
3395.704878 0.000000
3518.769303 0.000000
3709.988294 0.000000
3865.871993 0.000000
4120.225206 0.000000
3975.990240 0.000000
2978.503907 0.000000
2215.302955 0.000000
2781.641041 0.000000
3461.416605 0.000000
8565.091188 0.000000
13624.602852 0.000000
18182.235413 0.000000
22122.942845 0.000000
24714.183182 0.000000
26934.495489 0.000000
31134.639604 0.000000
50117.734964 0.000000
62450.274112 0.000000
82175.528667 0.000000
104589.322152 0.000000
124176.737196 0.000000
150325.847554 0.000000
168122.785161 0.000000
204074.984583 0.000000
231060.431343 0.000000
264309.798697 0.000000
274581.219015 0.000000
259042.046055 0.000000
178804.559656 0.000000
155765.898278 0.000000
156662.975774 0.000000
134782.604067 0.000000
54583.001321 0.000000
11023.359115 0.000000
11761.799509 0.000000
15805.445117 0.000000
18991.539726 0.000000
22525.622211 0.000000
28876.337054 0.000000
37263.636717 0.000000
43518.971577 0.000000
52973.261837 0.000000
62927.296041 0.000000
74295.834803 0.000000
87831.576694 0.000000
99494.898844 0.000000
110313.775210 0.000000
115842.610047 0.000000
115990.891663 0.000000
92812.568278 0.000000
61591.838337 0.000000
51247.049501 0.000000
57308.019198 0.000000
63564.105731 0.000000
71977.976309 0.000000
73959.647801 0.000000
67147.761695 0.000000
56362.199683 0.000000
59393.221691 0.000000
60331.893345 0.000000
73366.441473 0.000000
89275.097377 0.000000
100634.061735 0.000000
113317.242651 0.000000
115175.254886 0.000000
100397.820200 0.000000
84295.742913 0.000000
63291.776332 0.000000
36298.061398 0.000000
17927.560754 0.000000
9852.953021 0.000000
12235.510167 0.000000
14654.471437 0.000000
18061.900782 0.000000
22372.948089 0.000000
26573.789795 0.000000
31000.917768 0.000000
33979.295831 0.000000
37710.736218 0.000000
41665.957111 0.000000
37459.488884 0.000000
31892.045075 0.000000
33959.840213 0.000000
33222.597847 0.000000
35893.935979 0.000000
38973.342653 0.000000
39753.727008 0.000000
39540.421638 0.000000
44992.724318 0.000000
48192.402635 0.000000
50721.885500 0.000000
37834.635918 0.000000
38780.796526 0.000000
36860.049299 0.000000
33419.305231 0.000000
32773.819652 0.000000
35710.861343 0.000000
36498.139209 0.000000
30166.589602 0.000000
13359.286227 0.000000
7581.641990 0.000000
9141.797949 0.000000
10385.764678 0.000000
13056.021315 0.000000
15678.503938 0.000000
18592.292342 0.000000
24798.363063 0.000000
28864.732465 0.000000
32106.741030 0.000000
31980.824316 0.000000
31721.308809 0.000000
27746.438294 0.000000
21946.480770 0.000000
18392.057139 0.000000
21129.916845 0.000000
21813.337770 0.000000
20070.552725 0.000000
16701.512532 0.000000
18847.738188 0.000000
21936.797549 0.000000
23975.280985 0.000000
19257.045741 0.000000
18176.885636 0.000000
19039.504092 0.000000
17915.166125 0.000000
17740.015728 0.000000
18737.452913 0.000000
21086.206170 0.000000
22565.418629 0.000000
23004.395505 0.000000
20635.782382 0.000000
14521.632951 0.000000
12014.001080 0.000000
11483.204860 0.000000
10756.256619 0.000000
10665.549219 0.000000
12589.044034 0.000000
13525.991616 0.000000
13384.834504 0.000000
14325.310628 0.000000
14295.956281 0.000000
13531.137764 0.000000
14504.171023 0.000000
15811.232932 0.000000
17043.978552 0.000000
16618.358585 0.000000
10691.069208 0.000000
9999.074506 0.000000
12879.414344 0.000000
15267.308459 0.000000
18453.311975 0.000000
21250.466341 0.000000
23521.744543 0.000000
23001.565685 0.000000
21689.730133 0.000000
21659.386582 0.000000
21664.612472 0.000000
23947.385917 0.000000
25688.206397 0.000000
24935.235949 0.000000
25197.956621 0.000000
25760.993107 0.000000
25682.884708 0.000000
22887.833124 0.000000
16132.589745 0.000000
13827.365171 0.000000
11945.490410 0.000000
13395.215250 0.000000
16907.934609 0.000000
18896.317862 0.000000
21004.623823 0.000000
21680.367148 0.000000
20306.689872 0.000000
13841.280423 0.000000
7311.862839 0.000000
526.517388 0.000000
684.648786 0.000000
1066.055782 0.000000
2200.094822 0.000000
2779.624552 0.000000
3228.225332 0.000000
4807.306933 0.000000
6548.179206 0.000000
8986.834381 0.000000
10585.577662 0.000000
13028.748290 0.000000
14780.670326 0.000000
16938.655416 0.000000
19670.536261 0.000000
22930.910455 0.000000
25279.874089 0.000000
27570.117215 0.000000
30684.081530 0.000000
30486.531858 0.000000
26537.328856 0.000000
26565.688083 0.000000
24443.356557 0.000000
20898.880301 0.000000
25419.645302 0.000000
31998.364417 0.000000
40206.154146 0.000000
46093.748035 0.000000
57992.188742 0.000000
66071.361851 0.000000
76643.131632 0.000000
100344.151001 0.000000
111908.332450 0.000000
123820.713399 0.000000
141333.762115 0.000000
137873.661190 0.000000
131641.321229 0.000000
152265.308672 0.000000
173342.068161 0.000000
183320.653995 0.000000
185697.232512 0.000000
188605.512302 0.000000
177201.496366 0.000000
131768.998747 0.000000
117250.738448 0.000000
80360.756697 0.000000
46455.626230 0.000000
34416.993685 0.000000
27342.942066 0.000000
29713.689612 0.000000
27146.957624 0.000000
20475.293870 0.000000
16213.153719 0.000000
17928.373476 0.000000
20291.622050 0.000000
17869.585352 0.000000
3862.989003 0.000000
3358.235861 0.000000
3280.062405 0.000000
2894.370238 0.000000
3381.849951 0.000000
619.283081 0.000000
0.000000 0.000000
0.000000 0.000000
0.000000 0.000000
268.349043 0.000000
534.542672 0.000000
798.580887 0.000000
1320.191075 0.000000
1959.810062 0.000000
2211.993501 0.000000
2832.213768 0.000000
3789.217152 0.000000
4251.553251 0.000000
5261.903289 0.000000
6302.447196 0.000000
7281.033441 0.000000
8410.164929 0.000000
10442.415496 0.000000
11926.684402 0.000000
13565.916665 0.000000
13990.130630 0.000000
13505.460361 0.000000
11528.086804 0.000000
8727.379349 0.000000
4131.834085 0.000000
2231.089931 0.000000
1151.300864 0.000000
1501.717921 0.000000
1672.017788 0.000000
2067.777432 0.000000
2551.357938 0.000000
3034.815709 0.000000
3399.721698 0.000000
3980.110075 0.000000
4404.015722 0.000000
4641.553743 0.000000
4431.464297 0.000000
3532.706094 0.000000
3025.655279 0.000000
1166.437686 0.000000
691.234075 0.000000
962.352793 0.000000
1127.038370 0.000000
1464.051588 0.000000
1623.473709 0.000000
2074.414997 0.000000
2557.081129 0.000000
2878.011707 0.000000
3183.534542 0.000000
3382.046943 0.000000
3284.406687 0.000000
2898.365387 0.000000
2410.721746 0.000000
2659.245389 0.000000
2783.151735 0.000000
3014.121740 0.000000
3012.131673 0.000000
4064.349842 0.000000
4344.757595 0.000000
5412.473614 0.000000
6026.376348 0.000000
7401.022886 0.000000
8065.553244 0.000000
9019.725352 0.000000
4997.872105 0.000000
4935.709781 0.000000
5643.736166 0.000000
6564.064146 0.000000
7308.951838 0.000000
7957.214430 0.000000
8036.106817 0.000000
7735.335926 0.000000
6900.764448 0.000000
4895.418165 0.000000
3217.164971 0.000000
3650.039228 0.000000
4143.958287 0.000000
4428.760807 0.000000
4258.206673 0.000000
4058.315395 0.000000
4416.917053 0.000000
4957.288894 0.000000
5121.830156 0.000000
4861.458681 0.000000
4951.138714 0.000000
5142.216786 0.000000
6572.229946 0.000000
7984.961189 0.000000
8961.454762 0.000000
9514.384469 0.000000
9384.468944 0.000000
8063.201727 0.000000
5354.911233 0.000000
4154.296644 0.000000
1952.196103 0.000000
2141.312596 0.000000
2596.064598 0.000000
3201.774156 0.000000
4334.436226 0.000000
5275.648548 0.000000
6529.455142 0.000000
7569.728279 0.000000
8653.110170 0.000000
9935.520509 0.000000
11208.879023 0.000000
12439.938221 0.000000
12998.610622 0.000000
13307.701395 0.000000
12121.241636 0.000000
6788.607506 0.000000
4030.012170 0.000000
3248.001358 0.000000
4491.224749 0.000000
6060.173995 0.000000
7573.661152 0.000000
8981.387161 0.000000
9864.792558 0.000000
11425.485436 0.000000
13064.903266 0.000000
14238.213683 0.000000
15748.120900 0.000000
15773.752262 0.000000
13105.421614 0.000000
1729.641429 0.000000
22.901775 0.000000
45.619600 0.000000
101.586267 0.000000
167.256420 0.000000
220.647795 0.000000
272.843500 0.000000
393.698668 0.000000
455.896413 0.000000
620.036826 0.000000
710.930925 0.000000
872.967438 0.000000
1057.607402 0.000000
1209.458302 0.000000
1342.523620 0.000000
1389.339916 0.000000
1298.884425 0.000000
1060.076188 0.000000
574.976467 0.000000
256.934189 0.000000
0.000000 0.000000
0.000000 0.000000
0.000000 0.000000
0.000000 0.000000
5.597271 0.000000
11.149584 0.000000
16.656939 0.000000
58.371471 0.000000
94.289234 0.000000
132.481827 0.000000
187.625251 0.000000
293.062998 0.000000
390.592381 0.000000
487.026951 0.000000
624.180115 0.000000
712.158849 0.000000
831.082231 0.000000
1091.543699 0.000000
1329.966723 0.000000
1591.633823 0.000000
1797.216458 0.000000
1945.623810 0.000000
2058.501501 0.000000
1929.415837 0.000000
1479.130793 0.000000
1217.219926 0.000000
1143.424659 0.000000
1195.283966 0.000000
1590.474745 0.000000
2405.045939 0.000000
3123.926741 0.000000
3934.246123 0.000000
5032.362713 0.000000
6602.593487 0.000000
7808.896709 0.000000
9848.593666 0.000000
11191.125771 0.000000
11246.054773 0.000000
11061.139147 0.000000
11408.622298 0.000000
11828.883426 0.000000
10921.595299 0.000000
8278.034912 0.000000
8110.379456 0.000000
6630.896534 0.000000
3171.479696 0.000000
2948.374892 0.000000
3752.590027 0.000000
4676.065738 0.000000
5224.046691 0.000000
5738.227674 0.000000
5854.986353 0.000000
5947.494428 0.000000
6343.788477 0.000000
6679.728172 0.000000
7348.911535 0.000000
7465.611762 0.000000
7938.157271 0.000000
8060.751369 0.000000
7191.064504 0.000000
4512.075145 0.000000
1743.076810 0.000000
0.000000 0.000000
0.000000 0.000000
0.000000 0.000000
0.000000 0.000000
0.000000 0.000000
0.000000 0.000000
0.000000 0.000000
0.000000 0.000000
0.000000 0.000000
0.000000 0.000000
0.000000 0.000000
0.000000 0.000000
0.000000 0.000000
0.000000 0.000000
0.000000 0.000000
0.000000 0.000000
0.000000 0.000000
0.000000 0.000000
0.000000 0.000000
0.000000 0.000000
0.000000 0.000000
74.719173 0.000000
148.838192 0.000000
222.357057 0.000000
322.258047 0.000000
492.696251 0.000000
738.219593 0.000000
946.628141 0.000000
1243.207572 0.000000
1557.778970 0.000000
1752.047362 0.000000
2051.815888 0.000000
2687.274239 0.000000
3240.856953 0.000000
3794.339668 0.000000
4364.733855 0.000000
4711.547882 0.000000
4806.513783 0.000000
4428.140294 0.000000
3302.219078 0.000000
1446.810015 0.000000
668.293199 0.000000
818.725719 0.000000
974.845711 0.000000
1185.712408 0.000000
1373.581453 0.000000
1574.166481 0.000000
1779.094649 0.000000
2007.050186 0.000000
2145.978129 0.000000
2143.299282 0.000000
1737.549314 0.000000
1554.655873 0.000000
1660.537944 0.000000
1465.760377 0.000000
1324.091042 0.000000
1500.933643 0.000000
1901.227608 0.000000
2332.785394 0.000000
2976.261748 0.000000
3646.358919 0.000000
4278.876686 0.000000
5363.034063 0.000000
6164.701815 0.000000
7027.063377 0.000000
8263.525656 0.000000
9240.793401 0.000000
10289.510639 0.000000
8416.898801 0.000000
9448.001862 0.000000
10451.528650 0.000000
10865.403653 0.000000
10043.111811 0.000000
10449.479054 0.000000
9787.416755 0.000000
7647.562225 0.000000
7205.911547 0.000000
6628.665902 0.000000
5799.325600 0.000000
3444.138906 0.000000
762.134702 0.000000
124.904302 0.000000
165.864822 0.000000
206.488218 0.000000
326.335665 0.000000
443.149000 0.000000
612.637944 0.000000
862.446627 0.000000
1082.465910 0.000000
1389.346896 0.000000
1608.475290 0.000000
1813.007637 0.000000
2009.165790 0.000000
2226.815377 0.000000
2399.790856 0.000000
2563.154574 0.000000
2474.729068 0.000000
1986.262345 0.000000
1248.855524 0.000000
1406.688327 0.000000
1528.478977 0.000000
1546.380144 0.000000
1296.487779 0.000000
1299.203922 0.000000
1375.877979 0.000000
1407.411541 0.000000
1346.975112 0.000000
1226.489706 0.000000
1391.826719 0.000000
1557.354575 0.000000
1584.342695 0.000000
1475.317299 0.000000
1258.578545 0.000000
1107.519270 0.000000
1108.166438 0.000000
1341.851816 0.000000
1767.924826 0.000000
2097.820262 0.000000
2562.863958 0.000000
3123.543567 0.000000
3770.995396 0.000000
4627.080300 0.000000
5162.695361 0.000000
5674.413082 0.000000
6122.902904 0.000000
5897.490658 0.000000
6004.489910 0.000000
6016.404904 0.000000
5413.421239 0.000000
3655.920671 0.000000
2811.636757 0.000000
3037.256400 0.000000
3209.210081 0.000000
3031.396871 0.000000
2800.621372 0.000000
2514.194618 0.000000
1448.530347 0.000000
723.081334 0.000000
62.977080 0.000000
146.141510 0.000000
166.665776 0.000000
248.479746 0.000000
288.345810 0.000000
327.536178 0.000000
427.944331 0.000000
601.250225 0.000000
691.332293 0.000000
806.983145 0.000000
1043.320057 0.000000
1204.774624 0.000000
1496.574583 0.000000
1794.587136 0.000000
2061.735198 0.000000
2407.378367 0.000000
2648.733918 0.000000
2758.099271 0.000000
2395.558058 0.000000
1458.970666 0.000000
649.851929 0.000000
628.488002 0.000000
784.885010 0.000000
913.364061 0.000000
986.268145 0.000000
1043.985423 0.000000
1047.714706 0.000000
943.231601 0.000000
675.153303 0.000000
365.086938 0.000000
211.803605 0.000000
34.086007 0.000000
0.000000 0.000000
0.000000 0.000000
0.000000 0.000000
0.000000 0.000000
0.000000 0.000000
0.000000 0.000000
0.000000 0.000000
0.000000 0.000000
0.000000 0.000000
0.000000 0.000000
0.000000 0.000000
0.000000 0.000000
0.000000 0.000000
0.000000 0.000000
0.000000 0.000000
0.000000 0.000000
0.000000 0.000000
0.000000 0.000000
0.000000 0.000000
0.000000 0.000000
0.000000 0.000000
0.000000 0.000000
0.000000 0.000000
22.934892 0.000000
45.685568 0.000000
68.252028 0.000000
101.733286 0.000000
156.583600 0.000000
231.421350 0.000000
324.312268 0.000000
403.893580 0.000000
535.251150 0.000000
642.382700 0.000000
744.262476 0.000000
884.832114 0.000000
1066.895742 0.000000
1258.267393 0.000000
1428.776004 0.000000
1584.482657 0.000000
1644.359832 0.000000
1479.263498 0.000000
1259.985772 0.000000
1230.659134 0.000000
1408.936162 0.000000
1666.351669 0.000000
1877.403743 0.000000
1955.218401 0.000000
1920.304064 0.000000
1401.734295 0.000000
747.249624 0.000000
211.457912 0.000000
60.687584 0.000000
90.664314 0.000000
124.889946 0.000000
168.965973 0.000000
226.927858 0.000000
318.965827 0.000000
415.130743 0.000000
488.327504 0.000000
706.212122 0.000000
907.391024 0.000000
1072.892514 0.000000
1313.354521 0.000000
1539.515861 0.000000
1719.011694 0.000000
1941.592267 0.000000
2026.222970 0.000000
1936.394669 0.000000
1542.226182 0.000000
775.922406 0.000000
409.887436 0.000000
143.762640 0.000000
286.370560 0.000000
427.823760 0.000000
568.122240 0.000000
845.255040 0.000000
1117.768960 0.000000
1583.409800 0.000000
2098.414920 0.000000
2461.235200 0.000000
3335.535780 0.000000
4099.260500 0.000000
5140.692280 0.000000
6152.144007 0.000000
7564.757758 0.000000
8629.315633 0.000000
8981.374165 0.000000
8365.854499 0.000000
5836.473335 0.000000
2578.286729 0.000000
428.301216 0.000000
500.674504 0.000000
621.951033 0.000000
708.123312 0.000000
785.191514 0.000000
819.775734 0.000000
835.121287 0.000000
769.455735 0.000000
616.749268 0.000000
157.150011 0.000000
0.000000 0.000000
0.000000 0.000000
0.000000 0.000000
45.551313 0.000000
90.736752 0.000000
180.010008 0.000000
311.175837 0.000000
616.368519 0.000000
958.634366 0.000000
1372.955056 0.000000
1993.935707 0.000000
3037.613846 0.000000
3266.002107 0.000000
4091.651435 0.000000
4916.070077 0.000000
5669.942323 0.000000
6480.508301 0.000000
7334.316461 0.000000
7559.769676 0.000000
8226.196142 0.000000
8804.950422 0.000000
10367.032829 0.000000
11626.420212 0.000000
12099.128818 0.000000
11848.392209 0.000000
9935.591973 0.000000
8656.870509 0.000000
8519.659311 0.000000
8980.631908 0.000000
8081.122512 0.000000
5973.032625 0.000000
3562.310905 0.000000
2195.057543 0.000000
636.799191 0.000000
78.022399 0.000000
103.908231 0.000000
141.921249 0.000000
166.719441 0.000000
203.100999 0.000000
226.811551 0.000000
289.758716 0.000000
338.784089 0.000000
410.731475 0.000000
458.424489 0.000000
512.588961 0.000000
616.132289 0.000000
718.316067 0.000000
835.782578 0.000000
866.326071 0.000000
826.359359 0.000000
582.814566 0.000000
233.370460 0.000000
153.908720 0.000000
153.908720 0.000000
227.335479 0.000000
300.162661 0.000000
373.394515 0.000000
657.270765 0.000000
796.075122 0.000000
1001.124506 0.000000
1341.250919 0.000000
1681.858481 0.000000
2034.722216 0.000000
2324.322737 0.000000
2828.604345 0.000000
3221.012215 0.000000
3862.854422 0.000000
4423.721286 0.000000
4655.653499 0.000000
4411.016554 0.000000
2862.630078 0.000000
673.560816 0.000000
46.892925 0.000000
93.409200 0.000000
139.548825 0.000000
185.311800 0.000000
230.698125 0.000000
408.476925 0.000000
537.856200 0.000000
705.088800 0.000000
925.146459 0.000000
1170.439681 0.000000
1465.262043 0.000000
1748.502747 0.000000
1891.629643 0.000000
2287.488735 0.000000
2554.015607 0.000000
2759.007457 0.000000
2887.874537 0.000000
2718.063264 0.000000
2112.678375 0.000000
1156.689560 0.000000
1338.283375 0.000000
1484.286616 0.000000
1562.138661 0.000000
1498.788506 0.000000
1117.338186 0.000000
960.841926 0.000000
1114.097673 0.000000
1317.860664 0.000000
1478.763146 0.000000
1483.219471 0.000000
1330.333478 0.000000
1348.874026 0.000000
1447.505069 0.000000
1462.616589 0.000000
1223.586021 0.000000
578.506577 0.000000
0.000000 0.000000
0.000000 0.000000
0.000000 0.000000
0.000000 0.000000
0.000000 0.000000
0.000000 0.000000
0.000000 0.000000
0.000000 0.000000
0.000000 0.000000
0.000000 0.000000
0.000000 0.000000
0.000000 0.000000
0.000000 0.000000
0.000000 0.000000
0.000000 0.000000
0.000000 0.000000
0.000000 0.000000
0.000000 0.000000
0.000000 0.000000
0.000000 0.000000
0.000000 0.000000
0.000000 0.000000
0.000000 0.000000
0.000000 0.000000
0.000000 0.000000
0.000000 0.000000
0.000000 0.000000
0.000000 0.000000
0.000000 0.000000
0.000000 0.000000
0.000000 0.000000
0.000000 0.000000
0.000000 0.000000
0.000000 0.000000
0.000000 0.000000
0.000000 0.000000
0.000000 0.000000
0.000000 0.000000
0.000000 0.000000
0.000000 0.000000
0.000000 0.000000
0.000000 0.000000
0.000000 0.000000
0.000000 0.000000
0.000000 0.000000
0.000000 0.000000
0.000000 0.000000
0.000000 0.000000
0.000000 0.000000
0.000000 0.000000
0.000000 0.000000
0.000000 0.000000
0.000000 0.000000
0.000000 0.000000
0.000000 0.000000
0.000000 0.000000
0.000000 0.000000
62.727831 0.000000
145.928918 0.000000
228.314695 0.000000
269.278892 0.000000
370.355362 0.000000
519.833535 0.000000
675.833454 0.000000
819.307161 0.000000
1078.868633 0.000000
1298.826862 0.000000
1685.448870 0.000000
1984.165351 0.000000
2409.659683 0.000000
2990.412990 0.000000
3444.859376 0.000000
3823.659204 0.000000
3983.325563 0.000000
3642.953494 0.000000
1993.467483 0.000000
1021.566633 0.000000
1244.653689 0.000000
1487.645338 0.000000
1641.703093 0.000000
1693.538791 0.000000
1693.021543 0.000000
1884.437118 0.000000
1987.211788 0.000000
1956.198314 0.000000
1672.242496 0.000000
1092.111538 0.000000
734.601811 0.000000
171.015541 0.000000
55.301125 0.000000
81.172526 0.000000
96.304157 0.000000
111.169980 0.000000
153.083465 0.000000
179.304224 0.000000
238.929459 0.000000
277.453249 0.000000
318.796329 0.000000
384.861929 0.000000
445.812759 0.000000
487.098364 0.000000
511.780878 0.000000
480.237726 0.000000
333.832574 0.000000
180.731707 0.000000
43.600107 0.000000
0.000000 0.000000
0.000000 0.000000
0.000000 0.000000
0.000000 0.000000
0.000000 0.000000
0.000000 0.000000
0.000000 0.000000
0.000000 0.000000
0.000000 0.000000
0.000000 0.000000
0.000000 0.000000
0.000000 0.000000
0.000000 0.000000
0.000000 0.000000
0.000000 0.000000
0.000000 0.000000
0.000000 0.000000
0.000000 0.000000
0.000000 0.000000
0.000000 0.000000
0.000000 0.000000
0.000000 0.000000
0.000000 0.000000
0.000000 0.000000
0.000000 0.000000
0.000000 0.000000
0.000000 0.000000
0.000000 0.000000
0.000000 0.000000
0.000000 0.000000
0.000000 0.000000
0.000000 0.000000
0.000000 0.000000
0.000000 0.000000
0.000000 0.000000
0.000000 0.000000
0.000000 0.000000
0.000000 0.000000
0.000000 0.000000
0.000000 0.000000
1.630452 0.000000
3.247808 0.000000
36.189190 0.000000
70.457367 0.000000
104.434985 0.000000
108.379914 0.000000
174.683191 0.000000
224.841202 0.000000
273.898570 0.000000
311.744120 0.000000
346.775507 0.000000
428.111858 0.000000
478.602099 0.000000
562.379393 0.000000
666.638500 0.000000
798.146466 0.000000
1040.855264 0.000000
1232.272568 0.000000
1515.381980 0.000000
1465.405026 0.000000
682.372563 0.000000
238.957221 0.000000
292.885085 0.000000
117.386992 0.000000
165.088478 0.000000
190.626628 0.000000
243.002111 0.000000
282.659905 0.000000
323.447762 0.000000
377.907791 0.000000
408.208079 0.000000
410.998556 0.000000
366.645984 0.000000
252.364483 0.000000
133.965865 0.000000
84.253182 0.000000
125.583859 0.000000
139.171248 0.000000
166.004920 0.000000
179.251203 0.000000
245.596320 0.000000
284.539255 0.000000
322.913680 0.000000
322.913680 0.000000
421.607016 0.000000
521.238490 0.000000
714.190770 0.000000
875.192789 0.000000
1030.651995 0.000000
1194.254970 0.000000
1303.465693 0.000000
1391.470654 0.000000
1377.200382 0.000000
1116.594015 0.000000
787.443294 0.000000
451.880961 0.000000
97.060577 0.000000
142.556390 0.000000
195.585093 0.000000
238.664696 0.000000
275.362662 0.000000
312.259610 0.000000
371.087217 0.000000
419.866233 0.000000
442.336986 0.000000
397.224984 0.000000
250.667747 0.000000
38.894442 0.000000
12.089007 0.000000
86.413068 0.000000
163.135992 0.000000
308.665402 0.000000
437.443032 0.000000
499.576897 0.000000
723.596584 0.000000
829.236904 0.000000
940.736779 0.000000
1157.451201 0.000000
1424.186245 0.000000
1812.434763 0.000000
2013.995341 0.000000
2410.775803 0.000000
2889.625787 0.000000
3513.237677 0.000000
3983.970304 0.000000
4480.660416 0.000000
5019.963424 0.000000
5242.594286 0.000000
5354.467988 0.000000
4856.505896 0.000000
4274.456715 0.000000
4173.331842 0.000000
3576.307316 0.000000
2111.367674 0.000000
1530.248053 0.000000
1792.081551 0.000000
1989.541070 0.000000
2175.536171 0.000000
2209.786646 0.000000
1893.109083 0.000000
1506.663346 0.000000
1390.108315 0.000000
757.727877 0.000000
109.708113 0.000000
19.322176 0.000000
28.866396 0.000000
38.332704 0.000000
57.031584 0.000000
79.957190 0.000000
88.917070 0.000000
136.969296 0.000000
153.954112 0.000000
194.429396 0.000000
240.241652 0.000000
337.224949 0.000000
411.734831 0.000000
529.874625 0.000000
619.573018 0.000000
749.822652 0.000000
809.012082 0.000000
854.941631 0.000000
785.770824 0.000000
940.640768 0.000000
1030.948697 0.000000
1054.233462 0.000000
1270.898985 0.000000
1583.565242 0.000000
1782.663853 0.000000
1938.110827 0.000000
1828.422943 0.000000
1281.668024 0.000000
1184.381220 0.000000
1293.323812 0.000000
1462.150778 0.000000
1608.939386 0.000000
1632.674412 0.000000
1493.589819 0.000000
1660.846123 0.000000
1835.194833 0.000000
2031.373646 0.000000
2072.540874 0.000000
1818.209098 0.000000
1374.052652 0.000000
960.532803 0.000000
712.175068 0.000000
954.623408 0.000000
1273.869630 0.000000
1622.926876 0.000000
2023.821650 0.000000
2374.119356 0.000000
2880.029094 0.000000
3457.858495 0.000000
3806.450051 0.000000
4181.452575 0.000000
4237.660681 0.000000
3705.779355 0.000000
2279.503340 0.000000
591.470292 0.000000
251.093699 0.000000
266.002273 0.000000
354.555306 0.000000
465.104994 0.000000
607.792111 0.000000
727.755728 0.000000
864.280416 0.000000
955.929387 0.000000
1055.064061 0.000000
1103.420617 0.000000
1072.590628 0.000000
841.424885 0.000000
653.736295 0.000000
646.366292 0.000000
574.772439 0.000000
393.758174 0.000000
201.666409 0.000000
21.075079 0.000000
0.000000 0.000000
0.000000 0.000000
0.000000 0.000000
0.000000 0.000000
0.000000 0.000000
0.000000 0.000000
0.000000 0.000000
0.000000 0.000000
0.000000 0.000000
0.000000 0.000000
0.000000 0.000000
