47811.568033 0.000000
40693.546566 0.000000
38566.054301 0.000000
37638.799552 0.000000
32481.581935 0.000000
33277.371808 0.000000
33020.535241 0.000000
30092.131262 0.000000
27860.266766 0.000000
29677.176356 0.000000
23291.585397 0.000000
18073.546458 0.000000
10143.743992 0.000000
8552.943162 0.000000
10316.969104 0.000000
9462.213963 0.000000
10145.245335 0.000000
8089.860780 0.000000
6292.634175 0.000000
3703.451711 0.000000
3546.863722 0.000000
3468.966520 0.000000
3843.501084 0.000000
3526.707690 0.000000
2947.212516 0.000000
2585.724077 0.000000
2636.501808 0.000000
2963.869324 0.000000
1563.669488 0.000000
151.045596 0.000000
430.942558 0.000000
508.281249 0.000000
552.054252 0.000000
736.221836 0.000000
737.028716 0.000000
399.860820 0.000000
0.000000 0.000000
0.000000 0.000000
0.000000 0.000000
0.000000 0.000000
0.000000 0.000000
0.000000 0.000000
0.000000 0.000000
152.835734 0.000000
289.583496 0.000000
410.243286 0.000000
514.815104 0.000000
673.765652 0.000000
788.676388 0.000000
1102.546429 0.000000
1252.899488 0.000000
1340.708700 0.000000
1562.676753 0.000000
1624.071328 0.000000
1554.268565 0.000000
1559.707412 0.000000
800.095728 0.000000
385.836537 0.000000
158.371683 0.000000
23.127232 0.000000
27.102225 0.000000
34.690848 0.000000
165.181177 0.000000
259.466292 0.000000
416.100452 0.000000
682.489766 0.000000
755.635539 0.000000
803.806374 0.000000
822.437360 0.000000
727.293974 0.000000
760.352794 0.000000
713.530735 0.000000
626.528907 0.000000
332.532860 0.000000
145.847789 0.000000
176.961984 0.000000
192.519081 0.000000
176.961984 0.000000
101.026091 0.000000
62.855064 0.000000
111.742336 0.000000
130.948050 0.000000
146.661816 0.000000
167.613504 0.000000
170.232465 0.000000
138.804933 0.000000
36.127151 0.000000
0.000000 0.000000
0.000000 0.000000
0.000000 0.000000
0.000000 0.000000
0.000000 0.000000
0.000000 0.000000
0.000000 0.000000
0.000000 0.000000
0.000000 0.000000
0.000000 0.000000
0.000000 0.000000
0.000000 0.000000
0.000000 0.000000
0.000000 0.000000
0.000000 0.000000
0.000000 0.000000
0.000000 0.000000
0.000000 0.000000
0.000000 0.000000
0.000000 0.000000
24.667757 0.000000
35.703341 0.000000
67.088265 0.000000
99.874532 0.000000
112.372757 0.000000
134.287795 0.000000
136.399595 0.000000
152.805886 0.000000
150.086892 0.000000
135.376950 0.000000
199.083750 0.000000
254.827200 0.000000
262.790550 0.000000
241.554950 0.000000
135.376950 0.000000
0.000000 0.000000
0.000000 0.000000
0.000000 0.000000
0.000000 0.000000
0.000000 0.000000
0.000000 0.000000
0.000000 0.000000
0.000000 0.000000
0.000000 0.000000
0.000000 0.000000
0.000000 0.000000
0.000000 0.000000
0.000000 0.000000
0.000000 0.000000
0.000000 0.000000
0.000000 0.000000
0.235429 0.000000
0.446076 0.000000
0.631941 0.000000
0.929325 0.000000
1.127581 0.000000
1.232905 0.000000
1.115196 0.000000
1.028461 0.000000
0.223056 0.000000
0.000000 0.000000
0.000000 0.000000
0.000000 0.000000
0.000000 0.000000
0.000000 0.000000
0.000000 0.000000
0.000000 0.000000
0.000000 0.000000
0.000000 0.000000
0.000000 0.000000
0.000000 0.000000
0.000000 0.000000
0.000000 0.000000
0.000000 0.000000
12.794790 0.000000
24.242760 0.000000
34.343910 0.000000
50.505750 0.000000
62.963835 0.000000
71.253176 0.000000
65.406305 0.000000
63.769605 0.000000
60.197318 0.000000
65.868218 0.000000
156.334302 0.000000
230.043415 0.000000
316.950686 0.000000
399.865572 0.000000
433.085073 0.000000
472.526786 0.000000
392.456049 0.000000
177.853716 0.000000
83.121994 0.000000
160.884384 0.000000
189.555613 0.000000
210.111452 0.000000
227.995725 0.000000
219.618731 0.000000
180.227488 0.000000
155.815424 0.000000
103.876928 0.000000
0.000000 0.000000
0.000000 0.000000
0.000000 0.000000
0.000000 0.000000
0.000000 0.000000
52.535038 0.000000
99.540072 0.000000
141.015102 0.000000
176.960128 0.000000
232.260168 0.000000
273.735198 0.000000
273.735198 0.000000
99.540072 0.000000
0.000000 0.000000
0.000000 0.000000
0.000000 0.000000
0.000000 0.000000
0.000000 0.000000
8.851549 0.000000
35.044985 0.000000
64.233646 0.000000
77.144873 0.000000
96.967650 0.000000
115.506226 0.000000
116.330029 0.000000
109.762878 0.000000
99.283003 0.000000
85.493693 0.000000
66.188660 0.000000
41.367903 0.000000
41.367903 0.000000
50.193056 0.000000
54.605632 0.000000
52.950916 0.000000
41.367903 0.000000
0.000000 0.000000
0.000000 0.000000
0.000000 0.000000
0.000000 0.000000
0.000000 0.000000
0.000000 0.000000
0.000000 0.000000
0.000000 0.000000
0.000000 0.000000
0.000000 0.000000
8.812143 0.000000
16.696692 0.000000
23.653647 0.000000
96.965391 0.000000
181.087941 0.000000
283.455079 0.000000
310.126271 0.000000
334.105977 0.000000
313.768496 0.000000
238.853430 0.000000
116.016924 0.000000
0.000000 0.000000
0.000000 0.000000
0.000000 0.000000
0.000000 0.000000
58.589977 0.000000
84.801274 0.000000
134.140203 0.000000
214.315963 0.000000
277.531464 0.000000
294.491722 0.000000
292.949889 0.000000
252.862024 0.000000
140.307622 0.000000
79.512918 0.000000
0.000000 0.000000
0.000000 0.000000
0.000000 0.000000
0.000000 0.000000
0.000000 0.000000
21.832102 0.000000
41.366088 0.000000
58.601958 0.000000
86.179350 0.000000
96.520872 0.000000
113.756742 0.000000
104.564278 0.000000
41.366088 0.000000
0.000000 0.000000
0.000000 0.000000
0.000000 0.000000
0.000000 0.000000
0.000000 0.000000
0.000000 0.000000
0.000000 0.000000
0.000000 0.000000
0.000000 0.000000
0.000000 0.000000
0.000000 0.000000
0.000000 0.000000
85.760281 0.000000
162.493164 0.000000
196.345914 0.000000
284.363049 0.000000
312.573674 0.000000
339.091662 0.000000
351.504327 0.000000
265.744031 0.000000
21.440075 0.000000
0.000000 0.000000
0.000000 0.000000
0.000000 0.000000
0.000000 0.000000
0.000000 0.000000
0.000000 0.000000
0.000000 0.000000
0.000000 0.000000
0.000000 0.000000
4.069496 0.000000
9.317004 0.000000
9.317004 0.000000
10.013102 0.000000
10.013102 0.000000
12.904586 0.000000
16.572487 0.000000
18.393051 0.000000
19.838793 0.000000
13.172316 0.000000
5.461692 0.000000
0.000000 0.000000
0.000000 0.000000
0.000000 0.000000
0.000000 0.000000
0.000000 0.000000
0.000000 0.000000
0.000000 0.000000
0.000000 0.000000
0.000000 0.000000
0.000000 0.000000
0.000000 0.000000
0.000000 0.000000
0.000000 0.000000
0.000000 0.000000
0.000000 0.000000
0.000000 0.000000
0.000000 0.000000
0.000000 0.000000
0.000000 0.000000
0.000000 0.000000
0.000000 0.000000
0.000000 0.000000
0.000000 0.000000
0.000000 0.000000
0.000000 0.000000
0.000000 0.000000
0.000000 0.000000
0.000000 0.000000
0.000000 0.000000
0.000000 0.000000
0.000000 0.000000
0.000000 0.000000
0.000000 0.000000
3.175337 0.000000
6.016428 0.000000
8.523273 0.000000
10.695872 0.000000
14.623259 0.000000
16.294491 0.000000
16.628739 0.000000
13.286283 0.000000
4.595891 0.000000
0.000000 0.000000
0.000000 0.000000
0.000000 0.000000
0.000000 0.000000
0.000000 0.000000
0.000000 0.000000
0.000000 0.000000
0.000000 0.000000
0.000000 0.000000
0.000000 0.000000
0.000000 0.000000
0.000000 0.000000
0.000000 0.000000
0.000000 0.000000
0.000000 0.000000
0.000000 0.000000
0.000000 0.000000
0.000000 0.000000
0.000000 0.000000
0.000000 0.000000
0.000000 0.000000
0.000000 0.000000
0.000000 0.000000
0.000000 0.000000
0.000000 0.000000
0.000000 0.000000
0.000000 0.000000
0.000000 0.000000
0.000000 0.000000
0.000000 0.000000
0.000000 0.000000
0.000000 0.000000
0.000000 0.000000
0.000000 0.000000
0.000000 0.000000
0.000000 0.000000
0.000000 0.000000
0.000000 0.000000
0.000000 0.000000
0.000000 0.000000
0.000000 0.000000
2.298221 0.000000
4.354524 0.000000
6.168909 0.000000
7.741376 0.000000
11.309664 0.000000
11.612064 0.000000
10.523445 0.000000
3.084480 0.000000
0.000000 0.000000
0.000000 0.000000
0.000000 0.000000
0.000000 0.000000
0.000000 0.000000
0.000000 0.000000
0.000000 0.000000
0.000000 0.000000
0.000000 0.000000
0.000000 0.000000
0.000000 0.000000
0.000000 0.000000
0.000000 0.000000
0.000000 0.000000
0.000000 0.000000
0.000000 0.000000
0.000000 0.000000
0.000000 0.000000
0.000000 0.000000
0.000000 0.000000
0.000000 0.000000
0.000000 0.000000
0.000000 0.000000
0.000000 0.000000
0.000000 0.000000
25.348128 0.000000
48.028032 0.000000
85.383168 0.000000
100.058400 0.000000
112.065408 0.000000
121.404192 0.000000
132.077088 0.000000
92.720784 0.000000
76.711440 0.000000
36.688080 0.000000
0.000000 0.000000
0.000000 0.000000
0.000000 0.000000
0.000000 0.000000
0.000000 0.000000
0.000000 0.000000
0.000000 0.000000
0.000000 0.000000
12.259104 0.000000
23.227776 0.000000
32.906016 0.000000
48.391200 0.000000
61.940736 0.000000
63.876384 0.000000
71.047153 0.000000
61.182393 0.000000
89.827397 0.000000
105.266481 0.000000
127.723330 0.000000
139.653531 0.000000
137.548201 0.000000
112.284246 0.000000
52.633240 0.000000
52.633240 0.000000
58.949229 0.000000
67.370548 0.000000
70.177654 0.000000
69.475877 0.000000
63.861665 0.000000
44.913698 0.000000
0.000000 0.000000
0.000000 0.000000
0.000000 0.000000
0.000000 0.000000
0.000000 0.000000
0.000000 0.000000
0.000000 0.000000
0.000000 0.000000
0.000000 0.000000
0.000000 0.000000
0.000000 0.000000
0.000000 0.000000
0.000000 0.000000
0.000000 0.000000
0.000000 0.000000
16.425291 0.000000
31.121604 0.000000
44.088939 0.000000
72.617076 0.000000
86.448900 0.000000
64.836675 0.000000
0.000000 0.000000
0.000000 0.000000
0.000000 0.000000
0.000000 0.000000
0.000000 0.000000
0.000000 0.000000
0.000000 0.000000
0.000000 0.000000
0.000000 0.000000
0.000000 0.000000
0.000000 0.000000
0.000000 0.000000
0.000000 0.000000
0.000000 0.000000
0.000000 0.000000
0.000000 0.000000
0.000000 0.000000
0.000000 0.000000
0.000000 0.000000
0.000000 0.000000
0.000000 0.000000
0.000000 0.000000
0.000000 0.000000
0.000000 0.000000
0.000000 0.000000
0.000000 0.000000
0.000000 0.000000
0.000000 0.000000
0.000000 0.000000
0.000000 0.000000
0.000000 0.000000
0.000000 0.000000
0.000000 0.000000
0.000000 0.000000
0.000000 0.000000
0.000000 0.000000
0.000000 0.000000
0.000000 0.000000
0.000000 0.000000
0.000000 0.000000
0.000000 0.000000
0.000000 0.000000
0.000000 0.000000
0.000000 0.000000
0.000000 0.000000
0.000000 0.000000
0.000000 0.000000
0.000000 0.000000
0.000000 0.000000
0.000000 0.000000
0.000000 0.000000
0.000000 0.000000
0.000000 0.000000
0.000000 0.000000
0.000000 0.000000
0.000000 0.000000
0.000000 0.000000
0.000000 0.000000
0.000000 0.000000
0.000000 0.000000
0.000000 0.000000
0.000000 0.000000
0.000000 0.000000
0.000000 0.000000
0.000000 0.000000
0.000000 0.000000
0.000000 0.000000
0.000000 0.000000
0.000000 0.000000
0.000000 0.000000
0.000000 0.000000
0.000000 0.000000
0.000000 0.000000
0.000000 0.000000
0.000000 0.000000
0.000000 0.000000
0.000000 0.000000
0.000000 0.000000
0.000000 0.000000
0.000000 0.000000
0.000000 0.000000
0.000000 0.000000
0.000000 0.000000
0.000000 0.000000
0.000000 0.000000
0.000000 0.000000
0.000000 0.000000
0.000000 0.000000
0.000000 0.000000
0.000000 0.000000
0.000000 0.000000
0.000000 0.000000
0.000000 0.000000
0.000000 0.000000
0.000000 0.000000
0.000000 0.000000
0.000000 0.000000
0.000000 0.000000
0.000000 0.000000
0.000000 0.000000
0.000000 0.000000
0.000000 0.000000
0.000000 0.000000
0.000000 0.000000
0.000000 0.000000
0.000000 0.000000
0.000000 0.000000
37.851705 0.000000
71.719020 0.000000
101.601945 0.000000
158.379498 0.000000
165.352177 0.000000
191.250720 0.000000
170.332683 0.000000
131.484900 0.000000
87.158575 0.000000
57.275635 0.000000
0.000000 0.000000
0.000000 0.000000
0.000000 0.000000
0.000000 0.000000
10.453116 0.000000
19.805904 0.000000
35.210496 0.000000
48.139350 0.000000
53.916072 0.000000
52.540662 0.000000
30.671643 0.000000
5.226558 0.000000
0.000000 0.000000
0.000000 0.000000
0.000000 0.000000
0.000000 0.000000
0.000000 0.000000
0.000000 0.000000
0.000000 0.000000
0.000000 0.000000
0.000000 0.000000
0.000000 0.000000
0.000000 0.000000
0.000000 0.000000
0.000000 0.000000
0.000000 0.000000
0.000000 0.000000
0.000000 0.000000
0.000000 0.000000
0.000000 0.000000
0.000000 0.000000
0.000000 0.000000
0.000000 0.000000
0.000000 0.000000
0.000000 0.000000
0.000000 0.000000
0.000000 0.000000
0.000000 0.000000
0.000000 0.000000
0.000000 0.000000
0.000000 0.000000
0.000000 0.000000
0.000000 0.000000
0.000000 0.000000
0.000000 0.000000
0.000000 0.000000
0.000000 0.000000
0.000000 0.000000
0.000000 0.000000
0.000000 0.000000
0.000000 0.000000
0.000000 0.000000
0.000000 0.000000
0.000000 0.000000
0.000000 0.000000
0.000000 0.000000
0.000000 0.000000
0.000000 0.000000
0.000000 0.000000
0.000000 0.000000
0.000000 0.000000
0.000000 0.000000
0.000000 0.000000
0.000000 0.000000
0.000000 0.000000
0.000000 0.000000
0.000000 0.000000
0.000000 0.000000
0.000000 0.000000
0.000000 0.000000
0.000000 0.000000
0.000000 0.000000
0.000000 0.000000
0.000000 0.000000
0.000000 0.000000
0.000000 0.000000
0.000000 0.000000
0.000000 0.000000
0.000000 0.000000
0.000000 0.000000
0.000000 0.000000
0.000000 0.000000
0.000000 0.000000
0.000000 0.000000
0.000000 0.000000
0.000000 0.000000
0.000000 0.000000
0.000000 0.000000
0.000000 0.000000
0.000000 0.000000
0.000000 0.000000
0.000000 0.000000
0.000000 0.000000
0.000000 0.000000
0.000000 0.000000
0.000000 0.000000
0.000000 0.000000
0.000000 0.000000
0.000000 0.000000
0.000000 0.000000
0.000000 0.000000
0.000000 0.000000
0.000000 0.000000
0.000000 0.000000
0.000000 0.000000
2.773962 0.000000
5.255928 0.000000
9.343872 0.000000
10.949850 0.000000
14.453802 0.000000
13.285818 0.000000
10.146861 0.000000
6.350913 0.000000
0.000000 0.000000
0.000000 0.000000
0.000000 0.000000
0.000000 0.000000
0.000000 0.000000
0.000000 0.000000
0.000000 0.000000
0.000000 0.000000
0.000000 0.000000
0.000000 0.000000
0.000000 0.000000
0.000000 0.000000
0.000000 0.000000
0.000000 0.000000
0.000000 0.000000
0.000000 0.000000
0.000000 0.000000
0.000000 0.000000
0.000000 0.000000
0.000000 0.000000
0.000000 0.000000
0.000000 0.000000
0.000000 0.000000
0.000000 0.000000
0.000000 0.000000
0.000000 0.000000
0.000000 0.000000
0.000000 0.000000
0.000000 0.000000
0.000000 0.000000
0.000000 0.000000
0.000000 0.000000
0.000000 0.000000
0.000000 0.000000
0.000000 0.000000
0.000000 0.000000
0.000000 0.000000
0.000000 0.000000
0.000000 0.000000
0.000000 0.000000
0.000000 0.000000
0.000000 0.000000
0.000000 0.000000
0.000000 0.000000
0.000000 0.000000
0.000000 0.000000
0.000000 0.000000
0.000000 0.000000
0.000000 0.000000
0.000000 0.000000
0.000000 0.000000
0.000000 0.000000
0.000000 0.000000
0.000000 0.000000
0.000000 0.000000
0.000000 0.000000
0.000000 0.000000
0.000000 0.000000
0.000000 0.000000
0.000000 0.000000
0.000000 0.000000
0.000000 0.000000
0.000000 0.000000
0.000000 0.000000
0.000000 0.000000
0.000000 0.000000
0.000000 0.000000
0.000000 0.000000
10.249018 0.000000
19.419192 0.000000
27.510522 0.000000
34.523008 0.000000
49.087402 0.000000
53.672489 0.000000
42.884049 0.000000
23.464857 0.000000
0.000000 0.000000
0.000000 0.000000
0.000000 0.000000
0.000000 0.000000
0.000000 0.000000
0.000000 0.000000
0.000000 0.000000
0.000000 0.000000
0.000000 0.000000
0.000000 0.000000
0.000000 0.000000
0.000000 0.000000
0.000000 0.000000
0.000000 0.000000
0.000000 0.000000
0.000000 0.000000
0.000000 0.000000
0.000000 0.000000
0.000000 0.000000
0.000000 0.000000
0.000000 0.000000
0.000000 0.000000
0.000000 0.000000
0.000000 0.000000
0.000000 0.000000
0.000000 0.000000
0.000000 0.000000
0.000000 0.000000
0.000000 0.000000
0.000000 0.000000
0.000000 0.000000
0.000000 0.000000
0.000000 0.000000
0.000000 0.000000
0.000000 0.000000
0.000000 0.000000
0.000000 0.000000
0.000000 0.000000
0.000000 0.000000
0.000000 0.000000
0.000000 0.000000
0.000000 0.000000
0.000000 0.000000
0.000000 0.000000
0.000000 0.000000
0.000000 0.000000
0.000000 0.000000
0.000000 0.000000
0.000000 0.000000
0.000000 0.000000
0.000000 0.000000
0.000000 0.000000
0.000000 0.000000
0.000000 0.000000
0.000000 0.000000
0.000000 0.000000
0.000000 0.000000
0.000000 0.000000
0.000000 0.000000
0.000000 0.000000
0.000000 0.000000
0.000000 0.000000
0.000000 0.000000
0.000000 0.000000
0.000000 0.000000
0.000000 0.000000
0.000000 0.000000
0.000000 0.000000
9.784145 0.000000
18.538380 0.000000
26.262705 0.000000
38.621625 0.000000
50.208114 0.000000
48.148290 0.000000
9.269172 0.000000
0.000000 0.000000
0.000000 0.000000
0.000000 0.000000
0.000000 0.000000
0.000000 0.000000
0.000000 0.000000
0.000000 0.000000
0.000000 0.000000
0.000000 0.000000
0.000000 0.000000
0.000000 0.000000
0.000000 0.000000
0.000000 0.000000
0.000000 0.000000
0.000000 0.000000
0.000000 0.000000
0.000000 0.000000
0.000000 0.000000
0.000000 0.000000
0.000000 0.000000
0.000000 0.000000
0.000000 0.000000
0.000000 0.000000
0.000000 0.000000
0.000000 0.000000
0.000000 0.000000
0.000000 0.000000
0.000000 0.000000
0.000000 0.000000
0.000000 0.000000
0.000000 0.000000
0.000000 0.000000
0.000000 0.000000
0.000000 0.000000
0.000000 0.000000
0.000000 0.000000
0.000000 0.000000
0.000000 0.000000
0.000000 0.000000
0.000000 0.000000
0.000000 0.000000
0.000000 0.000000
0.000000 0.000000
0.000000 0.000000
0.000000 0.000000
0.000000 0.000000
2.928774 0.000000
5.549256 0.000000
7.861446 0.000000
9.865344 0.000000
12.948264 0.000000
14.798016 0.000000
15.260454 0.000000
13.487775 0.000000
7.707300 0.000000
0.000000 0.000000
0.000000 0.000000
0.000000 0.000000
0.000000 0.000000
0.000000 0.000000
0.000000 0.000000
0.000000 0.000000
0.000000 0.000000
0.000000 0.000000
0.000000 0.000000
3.470578 0.000000
6.575832 0.000000
11.690368 0.000000
15.343608 0.000000
16.622242 0.000000
18.174869 0.000000
17.352890 0.000000
10.137741 0.000000
5.845184 0.000000
6.849825 0.000000
8.767776 0.000000
9.041769 0.000000
5.845184 0.000000
1.735289 0.000000
0.000000 0.000000
0.000000 0.000000
0.000000 0.000000
0.000000 0.000000
0.000000 0.000000
0.000000 0.000000
0.000000 0.000000
0.000000 0.000000
0.000000 0.000000
0.000000 0.000000
0.000000 0.000000
0.000000 0.000000
0.000000 0.000000
0.000000 0.000000
0.000000 0.000000
0.000000 0.000000
0.000000 0.000000
0.000000 0.000000
0.000000 0.000000
0.000000 0.000000
0.000000 0.000000
0.000000 0.000000
0.000000 0.000000
0.000000 0.000000
0.000000 0.000000
0.000000 0.000000
0.000000 0.000000
0.000000 0.000000
0.000000 0.000000
0.000000 0.000000
0.000000 0.000000
0.000000 0.000000
0.000000 0.000000
0.000000 0.000000
0.000000 0.000000
0.000000 0.000000
0.000000 0.000000
0.000000 0.000000
0.000000 0.000000
0.000000 0.000000
0.000000 0.000000
0.000000 0.000000
0.000000 0.000000
0.000000 0.000000
0.000000 0.000000
0.000000 0.000000
0.000000 0.000000
0.000000 0.000000
0.000000 0.000000
0.000000 0.000000
0.000000 0.000000
