120627522.108771 0.000000
115547388.871425 0.000000
111050601.737079 0.000000
105789903.825642 0.000000
101465124.543609 0.000000
96846216.400073 0.000000
93449083.766844 0.000000
89285884.491353 0.000000
85723482.847533 0.000000
82422542.043227 0.000000
80429219.823994 0.000000
75199419.538459 0.000000
71373086.731385 0.000000
68463529.388757 0.000000
65951821.870769 0.000000
62676893.880384 0.000000
58732908.273329 0.000000
56663447.131356 0.000000
52768455.963557 0.000000
50334542.007650 0.000000
47989382.583325 0.000000
46589196.426252 0.000000
46077400.223200 0.000000
44834491.265990 0.000000
42991057.475706 0.000000
42459918.355159 0.000000
41284729.668313 0.000000
38510793.816545 0.000000
35567500.160507 0.000000
32045661.291222 0.000000
27887932.775486 0.000000
23634357.053844 0.000000
19949492.808169 0.000000
19250056.008842 0.000000
22507524.564331 0.000000
25821187.632222 0.000000
28270755.189559 0.000000
28187922.976923 0.000000
26669183.154447 0.000000
22548212.238263 0.000000
15335221.687923 0.000000
6487819.327477 0.000000
949338.115597 0.000000
1074920.643779 0.000000
1262494.925045 0.000000
1460988.244801 0.000000
1597140.653944 0.000000
1504974.702379 0.000000
1358830.382526 0.000000
1554146.203298 0.000000
1711559.687087 0.000000
1744381.533824 0.000000
1500649.692785 0.000000
1351110.216323 0.000000
1083208.621047 0.000000
1211251.100049 0.000000
1376455.984504 0.000000
1554710.754323 0.000000
1616920.239389 0.000000
1661354.737198 0.000000
1613056.735566 0.000000
1539725.015000 0.000000
1278416.381822 0.000000
1231710.427292 0.000000
1048677.385905 0.000000
1008267.824988 0.000000
823601.338248 0.000000
807272.513018 0.000000
929858.563002 0.000000
1025245.526036 0.000000
1034785.364606 0.000000
958323.014238 0.000000
870528.089032 0.000000
739889.573089 0.000000
606544.552313 0.000000
460847.365671 0.000000
559139.090493 0.000000
678830.093783 0.000000
795277.393349 0.000000
917696.537028 0.000000
946087.335254 0.000000
907796.642578 0.000000
879972.685380 0.000000
814721.946801 0.000000
813410.514214 0.000000
904146.802886 0.000000
929043.866044 0.000000
935653.310884 0.000000
907099.666441 0.000000
863668.809811 0.000000
747168.186938 0.000000
838009.352942 0.000000
891089.897767 0.000000
903820.728700 0.000000
945413.456241 0.000000
819831.792653 0.000000
830111.528566 0.000000
863510.655394 0.000000
897356.251554 0.000000
855505.732720 0.000000
807401.284092 0.000000
762002.295193 0.000000
746702.473752 0.000000
675720.318139 0.000000
672131.937702 0.000000
725953.208178 0.000000
773718.154556 0.000000
776675.346133 0.000000
781673.949341 0.000000
667090.571709 0.000000
674251.765138 0.000000
605867.340617 0.000000
597750.567646 0.000000
535404.773605 0.000000
443431.906370 0.000000
350291.179177 0.000000
420779.911085 0.000000
479786.010986 0.000000
536922.764172 0.000000
581321.904102 0.000000
614227.643665 0.000000
592749.039887 0.000000
475068.664886 0.000000
441702.983239 0.000000
359579.041015 0.000000
397952.902057 0.000000
441060.432431 0.000000
484738.663631 0.000000
494474.512819 0.000000
455676.751317 0.000000
398706.862701 0.000000
436971.202007 0.000000
479482.917976 0.000000
507128.711728 0.000000
526335.515446 0.000000
523134.292158 0.000000
560782.495001 0.000000
597099.008971 0.000000
541269.393346 0.000000
538512.730211 0.000000
552790.106549 0.000000
560570.480632 0.000000
547050.696111 0.000000
457228.725648 0.000000
460992.213630 0.000000
454653.199776 0.000000
434036.162244 0.000000
417879.010683 0.000000
425772.785905 0.000000
418645.789031 0.000000
422444.576478 0.000000
403857.412053 0.000000
402038.044207 0.000000
392872.836398 0.000000
385120.507569 0.000000
391418.761356 0.000000
393776.029666 0.000000
385966.726484 0.000000
333640.454207 0.000000
279366.261250 0.000000
303241.450905 0.000000
310692.335025 0.000000
320926.756078 0.000000
314391.925668 0.000000
311952.305432 0.000000
301179.959797 0.000000
282609.695738 0.000000
253514.671014 0.000000
247140.951418 0.000000
222914.087084 0.000000
207606.342585 0.000000
202762.783650 0.000000
209911.097531 0.000000
212327.925686 0.000000
213039.528270 0.000000
220418.349507 0.000000
231445.940904 0.000000
230526.626754 0.000000
210826.714655 0.000000
181281.994786 0.000000
181396.598647 0.000000
188960.253792 0.000000
185018.037320 0.000000
179783.960009 0.000000
198733.535252 0.000000
219307.394767 0.000000
226967.440127 0.000000
237975.009421 0.000000
248253.419065 0.000000
262976.805394 0.000000
277573.248236 0.000000
284282.155716 0.000000
288961.152790 0.000000
288702.202980 0.000000
303913.614307 0.000000
305845.090032 0.000000
306750.695100 0.000000
226671.852716 0.000000
198437.189284 0.000000
214407.433199 0.000000
212432.133599 0.000000
179264.674803 0.000000
185848.601049 0.000000
174547.989432 0.000000
181970.913395 0.000000
191534.924501 0.000000
200040.102357 0.000000
202911.972871 0.000000
193918.346545 0.000000
189150.167033 0.000000
173261.766804 0.000000
157540.475602 0.000000
136317.622864 0.000000
117991.352474 0.000000
106103.310278 0.000000
69928.737658 0.000000
46766.457857 0.000000
47827.458031 0.000000
60454.915726 0.000000
74275.989031 0.000000
89678.080459 0.000000
111512.656578 0.000000
130534.531513 0.000000
154632.157666 0.000000
178178.506287 0.000000
196953.435176 0.000000
204094.542420 0.000000
189397.819801 0.000000
161829.852718 0.000000
143424.873803 0.000000
120060.682169 0.000000
89956.460979 0.000000
53923.002501 0.000000
36559.552827 0.000000
40834.815362 0.000000
44009.630564 0.000000
42499.993190 0.000000
34018.165469 0.000000
28071.912947 0.000000
34908.952396 0.000000
41192.043044 0.000000
50849.884727 0.000000
60374.535920 0.000000
68567.669862 0.000000
76047.359837 0.000000
80565.741157 0.000000
62893.733810 0.000000
60040.459414 0.000000
51532.832820 0.000000
63947.030053 0.000000
77898.465855 0.000000
93115.145579 0.000000
109934.821961 0.000000
125447.392772 0.000000
138352.390976 0.000000
148302.714042 0.000000
148301.073484 0.000000
130671.104974 0.000000
106490.350328 0.000000
106447.569832 0.000000
87196.781061 0.000000
61600.903392 0.000000
55062.189938 0.000000
62950.532081 0.000000
70208.640707 0.000000
67204.657765 0.000000
73810.108091 0.000000
79567.850414 0.000000
88775.507757 0.000000
98732.787919 0.000000
100344.174982 0.000000
113506.691014 0.000000
118928.302678 0.000000
134459.012045 0.000000
148596.340611 0.000000
156393.487510 0.000000
147182.151272 0.000000
127129.500081 0.000000
120223.116593 0.000000
94952.925141 0.000000
63936.617514 0.000000
49887.394637 0.000000
42356.288880 0.000000
37635.389747 0.000000
26631.604127 0.000000
12084.626360 0.000000
10838.971500 0.000000
13253.761441 0.000000
15208.615687 0.000000
17988.689059 0.000000
21301.654193 0.000000
25681.978115 0.000000
30535.746833 0.000000
35279.085711 0.000000
39427.857617 0.000000
42446.716202 0.000000
44692.029113 0.000000
49925.064272 0.000000
57911.265547 0.000000
64386.609393 0.000000
69228.600129 0.000000
71129.124371 0.000000
73505.505733 0.000000
67370.310280 0.000000
56502.728708 0.000000
42463.120629 0.000000
42005.269839 0.000000
34767.981468 0.000000
17846.974335 0.000000
18137.694309 0.000000
16532.336515 0.000000
20619.091194 0.000000
26439.212156 0.000000
31370.317338 0.000000
36958.593221 0.000000
41894.904358 0.000000
46071.047330 0.000000
46447.673388 0.000000
50307.382889 0.000000
58090.942272 0.000000
65542.547535 0.000000
71191.276467 0.000000
75240.458766 0.000000
66197.814465 0.000000
51110.172495 0.000000
27722.994764 0.000000
13893.756203 0.000000
13323.406689 0.000000
15092.976618 0.000000
18617.827859 0.000000
23233.884600 0.000000
27593.533898 0.000000
33084.317774 0.000000
39380.343079 0.000000
45177.918649 0.000000
50409.719084 0.000000
52425.969374 0.000000
52884.517595 0.000000
52757.309482 0.000000
52045.654642 0.000000
47059.754056 0.000000
43123.652695 0.000000
42525.607963 0.000000
40129.347690 0.000000
37818.996538 0.000000
39166.280146 0.000000
35882.361766 0.000000
27496.325602 0.000000
27632.563024 0.000000
32316.533873 0.000000
36118.525558 0.000000
38803.668339 0.000000
38948.771916 0.000000
36191.190049 0.000000
31229.143878 0.000000
30227.323245 0.000000
30201.889315 0.000000
33290.939823 0.000000
32504.378724 0.000000
32535.214237 0.000000
31027.892933 0.000000
28992.167946 0.000000
21991.084173 0.000000
20153.075470 0.000000
21622.800000 0.000000
20918.793215 0.000000
16537.188792 0.000000
14491.922124 0.000000
16811.131711 0.000000
18891.234358 0.000000
20131.831332 0.000000
19806.145808 0.000000
20314.005465 0.000000
21044.886991 0.000000
19776.514470 0.000000
20689.659617 0.000000
20104.409922 0.000000
18925.128337 0.000000
17018.871354 0.000000
15472.962778 0.000000
14670.754356 0.000000
16740.149236 0.000000
18376.042643 0.000000
18626.930814 0.000000
17376.094427 0.000000
18827.955467 0.000000
20183.936232 0.000000
20170.772753 0.000000
18985.297788 0.000000
18672.352874 0.000000
17472.461488 0.000000
13259.502109 0.000000
11068.331574 0.000000
11437.736161 0.000000
10771.523614 0.000000
7694.265322 0.000000
4186.388806 0.000000
2081.263230 0.000000
2258.541628 0.000000
2654.573665 0.000000
3249.010600 0.000000
3913.871724 0.000000
4599.948361 0.000000
5255.189054 0.000000
5772.372669 0.000000
5895.099370 0.000000
4946.846227 0.000000
4054.528524 0.000000
4564.751362 0.000000
5018.455498 0.000000
5174.009765 0.000000
4558.166472 0.000000
4183.868124 0.000000
4509.599616 0.000000
5784.043233 0.000000
7337.705381 0.000000
8403.856868 0.000000
10305.344349 0.000000
12258.000662 0.000000
14997.486136 0.000000
17357.831209 0.000000
20716.175721 0.000000
23747.321811 0.000000
26403.594912 0.000000
27435.059153 0.000000
25947.504648 0.000000
24364.179346 0.000000
19371.480136 0.000000
17114.332815 0.000000
17021.606706 0.000000
17348.168211 0.000000
18963.771431 0.000000
20406.395780 0.000000
20243.906087 0.000000
17016.593314 0.000000
12766.546716 0.000000
11424.950009 0.000000
6177.999222 0.000000
2684.234265 0.000000
3202.164452 0.000000
3752.675905 0.000000
4714.754826 0.000000
5660.600297 0.000000
6537.733636 0.000000
7459.867437 0.000000
8355.307856 0.000000
8953.029194 0.000000
8796.809673 0.000000
7065.830698 0.000000
4318.429995 0.000000
2724.588470 0.000000
1133.457409 0.000000
0.000000 0.000000
54.183762 0.000000
142.139671 0.000000
196.082274 0.000000
283.680685 0.000000
417.706310 0.000000
515.123091 0.000000
621.325422 0.000000
824.795438 0.000000
1045.122699 0.000000
1304.056353 0.000000
1798.234023 0.000000
2080.324207 0.000000
2565.285243 0.000000
3174.483620 0.000000
3902.784789 0.000000
4944.936917 0.000000
6060.447236 0.000000
7543.294450 0.000000
8905.942674 0.000000
10397.483818 0.000000
12257.595181 0.000000
13787.151939 0.000000
15175.966128 0.000000
15893.247370 0.000000
15149.393102 0.000000
13769.666010 0.000000
15915.414748 0.000000
17236.114221 0.000000
17455.730406 0.000000
18087.325608 0.000000
19533.510579 0.000000
19525.812722 0.000000
17056.568053 0.000000
11739.229017 0.000000
11573.841029 0.000000
11071.304385 0.000000
8642.523816 0.000000
3385.842711 0.000000
1187.731103 0.000000
1541.558828 0.000000
1762.387608 0.000000
2156.348420 0.000000
2863.929828 0.000000
3439.238511 0.000000
4259.655186 0.000000
5378.115695 0.000000
7042.548371 0.000000
8505.435474 0.000000
10593.148430 0.000000
12364.981911 0.000000
14499.946353 0.000000
16658.732074 0.000000
19259.927621 0.000000
22181.781587 0.000000
24930.105221 0.000000
26909.928416 0.000000
25835.308756 0.000000
24522.863064 0.000000
20379.298753 0.000000
19320.966222 0.000000
14867.242494 0.000000
8744.021070 0.000000
10002.564755 0.000000
11142.259507 0.000000
11023.224891 0.000000
12693.563700 0.000000
14858.666713 0.000000
16958.286600 0.000000
18823.879183 0.000000
19207.038908 0.000000
19074.156204 0.000000
20591.245545 0.000000
20032.571111 0.000000
19561.051795 0.000000
22107.572795 0.000000
23543.831200 0.000000
24701.531727 0.000000
23918.060162 0.000000
24100.071368 0.000000
23399.809496 0.000000
19005.251427 0.000000
13522.941785 0.000000
12038.620964 0.000000
9011.823956 0.000000
5430.607567 0.000000
6636.675608 0.000000
8211.529712 0.000000
9673.758833 0.000000
11119.227521 0.000000
12513.992045 0.000000
13512.351078 0.000000
13808.455425 0.000000
13114.219092 0.000000
13382.886108 0.000000
12503.008041 0.000000
12066.190931 0.000000
12557.409322 0.000000
12072.603210 0.000000
10687.744144 0.000000
11117.417038 0.000000
11624.567372 0.000000
12565.338261 0.000000
13019.912748 0.000000
14503.311746 0.000000
15248.436224 0.000000
14908.730355 0.000000
13711.511182 0.000000
9060.234731 0.000000
6897.806794 0.000000
3922.742692 0.000000
880.379935 0.000000
1086.321113 0.000000
1343.130078 0.000000
1996.430579 0.000000
2456.637063 0.000000
3305.313019 0.000000
4369.550186 0.000000
5158.765325 0.000000
6566.850997 0.000000
8130.757774 0.000000
9727.162803 0.000000
11631.929023 0.000000
13707.133434 0.000000
15515.878691 0.000000
16478.029462 0.000000
16154.347108 0.000000
12319.340982 0.000000
8101.591695 0.000000
6679.719765 0.000000
4878.910035 0.000000
5351.721172 0.000000
6295.902496 0.000000
7080.971321 0.000000
7624.586060 0.000000
7794.495434 0.000000
6873.222925 0.000000
6747.751402 0.000000
7049.982612 0.000000
6607.749986 0.000000
4812.976554 0.000000
4271.952790 0.000000
3157.158677 0.000000
2780.416219 0.000000
3358.430904 0.000000
3829.524567 0.000000
4251.874358 0.000000
4593.910598 0.000000
4439.125738 0.000000
3410.063060 0.000000
2692.116939 0.000000
2961.012264 0.000000
3308.887303 0.000000
3713.482196 0.000000
3914.000512 0.000000
3718.139567 0.000000
3816.970193 0.000000
4386.780408 0.000000
5014.649649 0.000000
6166.329414 0.000000
7389.812187 0.000000
8888.310388 0.000000
10486.221327 0.000000
12765.977698 0.000000
14720.609490 0.000000
16728.003495 0.000000
19051.037548 0.000000
20736.652579 0.000000
20971.354470 0.000000
18155.106506 0.000000
15443.516816 0.000000
10205.094518 0.000000
7107.349574 0.000000
3060.087825 0.000000
1529.297396 0.000000
1651.691290 0.000000
1778.919068 0.000000
1621.537004 0.000000
1465.433695 0.000000
1761.887264 0.000000
2109.393979 0.000000
2607.576776 0.000000
3120.806597 0.000000
3850.157272 0.000000
4670.441326 0.000000
5490.180147 0.000000
6485.629354 0.000000
7493.536919 0.000000
8240.651157 0.000000
8620.033863 0.000000
8537.211703 0.000000
7522.786841 0.000000
5141.538481 0.000000
3332.306589 0.000000
2699.720151 0.000000
3177.639005 0.000000
3710.637554 0.000000
4122.184480 0.000000
4497.282958 0.000000
4457.390497 0.000000
4020.984150 0.000000
2965.092067 0.000000
2847.210014 0.000000
3248.356904 0.000000
3736.884378 0.000000
3782.778115 0.000000
3575.209159 0.000000
3584.121035 0.000000
4256.228144 0.000000
4606.385913 0.000000
5226.162931 0.000000
6321.481449 0.000000
7656.613047 0.000000
8819.720909 0.000000
10070.597931 0.000000
10861.367758 0.000000
10932.924324 0.000000
9354.034105 0.000000
6721.050703 0.000000
6371.226784 0.000000
4825.818291 0.000000
3049.977479 0.000000
3178.643595 0.000000
3582.348371 0.000000
4057.026170 0.000000
4793.857003 0.000000
5538.097497 0.000000
6427.962708 0.000000
7313.075448 0.000000
8052.294981 0.000000
8479.267735 0.000000
9282.990021 0.000000
9592.042015 0.000000
9276.212074 0.000000
9529.927143 0.000000
8693.826145 0.000000
7328.107323 0.000000
7913.874866 0.000000
8139.678834 0.000000
8384.469512 0.000000
8183.739161 0.000000
8024.455773 0.000000
7415.250764 0.000000
5157.648841 0.000000
2271.399823 0.000000
2129.032515 0.000000
2583.235928 0.000000
3144.001868 0.000000
3661.956371 0.000000
4172.624901 0.000000
4667.459693 0.000000
5008.695259 0.000000
4971.171442 0.000000
4424.610484 0.000000
4508.067293 0.000000
4600.961901 0.000000
4348.901286 0.000000
3757.453811 0.000000
3620.610645 0.000000
2932.134388 0.000000
3592.638830 0.000000
4239.507405 0.000000
5019.443912 0.000000
5898.953013 0.000000
6690.438771 0.000000
7769.523742 0.000000
8676.109364 0.000000
9213.658298 0.000000
9676.093932 0.000000
9614.808321 0.000000
8338.089715 0.000000
6466.162260 0.000000
6594.746979 0.000000
7725.827063 0.000000
8765.631781 0.000000
9430.757889 0.000000
9528.862774 0.000000
9159.321398 0.000000
9603.317215 0.000000
9251.712172 0.000000
8097.166107 0.000000
6574.488594 0.000000
4888.910777 0.000000
3847.842300 0.000000
4539.276687 0.000000
5103.708705 0.000000
5638.426990 0.000000
5809.490209 0.000000
5211.525206 0.000000
3738.273830 0.000000
3529.904871 0.000000
2997.175772 0.000000
2881.428647 0.000000
2815.486167 0.000000
3343.495888 0.000000
3882.544158 0.000000
4449.979379 0.000000
4902.868108 0.000000
5068.313464 0.000000
5454.397358 0.000000
5786.269727 0.000000
6052.837579 0.000000
6606.795140 0.000000
7243.870302 0.000000
7325.986207 0.000000
6364.007259 0.000000
4048.903944 0.000000
3188.997301 0.000000
3946.193126 0.000000
4878.189408 0.000000
5726.279276 0.000000
6892.931952 0.000000
7906.422657 0.000000
8787.256831 0.000000
9345.120783 0.000000
9099.926024 0.000000
7302.237392 0.000000
5442.058222 0.000000
4042.281468 0.000000
4649.171468 0.000000
5171.371123 0.000000
5356.323491 0.000000
4774.726728 0.000000
3037.693275 0.000000
1244.064905 0.000000
1480.399032 0.000000
1789.986632 0.000000
2099.830569 0.000000
2493.542493 0.000000
2801.165078 0.000000
3069.020292 0.000000
3206.897897 0.000000
2978.848112 0.000000
3051.437355 0.000000
3399.017200 0.000000
3536.342889 0.000000
3459.116046 0.000000
3406.017246 0.000000
3291.039352 0.000000
2617.003983 0.000000
1558.186639 0.000000
804.289444 0.000000
0.000000 0.000000
0.000000 0.000000
0.000000 0.000000
0.000000 0.000000
0.000000 0.000000
0.000000 0.000000
0.000000 0.000000
0.000000 0.000000
0.000000 0.000000
0.000000 0.000000
0.000000 0.000000
0.000000 0.000000
0.000000 0.000000
0.000000 0.000000
0.000000 0.000000
0.000000 0.000000
0.000000 0.000000
26.827146 0.000000
53.600584 0.000000
106.986336 0.000000
133.598650 0.000000
160.157256 0.000000
226.312085 0.000000
292.117812 0.000000
350.962124 0.000000
487.266786 0.000000
749.221286 0.000000
943.208297 0.000000
1097.236547 0.000000
1439.069048 0.000000
1888.202820 0.000000
2413.326935 0.000000
2967.984463 0.000000
3585.828764 0.000000
4280.835063 0.000000
4860.722939 0.000000
5436.532762 0.000000
5968.213387 0.000000
6064.194539 0.000000
5297.816821 0.000000
3959.543912 0.000000
3598.483480 0.000000
2370.568727 0.000000
1049.686786 0.000000
139.676834 0.000000
162.472984 0.000000
202.541737 0.000000
254.065718 0.000000
329.894217 0.000000
407.703201 0.000000
531.801335 0.000000
647.828854 0.000000
769.049225 0.000000
934.082453 0.000000
1091.259264 0.000000
1155.529493 0.000000
1133.325553 0.000000
902.495923 0.000000
752.471791 0.000000
1002.911497 0.000000
1324.133777 0.000000
1715.500122 0.000000
2134.375361 0.000000
2634.792632 0.000000
3233.239316 0.000000
4097.451064 0.000000
4896.767833 0.000000
5962.739837 0.000000
7075.894597 0.000000
8448.197613 0.000000
9758.165646 0.000000
10835.135878 0.000000
11451.507992 0.000000
9891.293625 0.000000
8091.233393 0.000000
5711.866143 0.000000
4731.750133 0.000000
3383.681629 0.000000
2701.344508 0.000000
3309.333555 0.000000
3825.529354 0.000000
4459.562244 0.000000
5164.964684 0.000000
5827.122352 0.000000
6296.663590 0.000000
6117.735751 0.000000
4902.927352 0.000000
4383.449271 0.000000
4135.544460 0.000000
4165.767482 0.000000
3702.412140 0.000000
3848.900165 0.000000
3773.706403 0.000000
3497.481295 0.000000
3117.035447 0.000000
3607.344839 0.000000
4256.483175 0.000000
4893.927123 0.000000
5710.761052 0.000000
6342.252577 0.000000
6761.930971 0.000000
6605.990672 0.000000
5508.613462 0.000000
3122.246859 0.000000
3328.361801 0.000000
3571.178667 0.000000
3544.810120 0.000000
2865.195482 0.000000
1230.577927 0.000000
894.178369 0.000000
959.859810 0.000000
1128.063933 0.000000
1355.497016 0.000000
1532.292565 0.000000
1681.698386 0.000000
1756.548211 0.000000
1676.096771 0.000000
1264.719162 0.000000
737.551247 0.000000
846.860382 0.000000
958.394817 0.000000
1026.461990 0.000000
995.833345 0.000000
802.453371 0.000000
901.920866 0.000000
954.070791 0.000000
940.221562 0.000000
776.261166 0.000000
558.104840 0.000000
228.841098 0.000000
81.637323 0.000000
101.370796 0.000000
125.287438 0.000000
142.979779 0.000000
174.186602 0.000000
210.221238 0.000000
245.019032 0.000000
305.171690 0.000000
374.438461 0.000000
436.664673 0.000000
480.675666 0.000000
491.332588 0.000000
460.580788 0.000000
443.057318 0.000000
418.997575 0.000000
419.972649 0.000000
462.892616 0.000000
536.176730 0.000000
570.165915 0.000000
553.506403 0.000000
677.904258 0.000000
854.939206 0.000000
1003.777721 0.000000
1253.580206 0.000000
1553.918337 0.000000
1751.894804 0.000000
2199.155427 0.000000
2451.317758 0.000000
2839.821240 0.000000
3203.656041 0.000000
3570.485245 0.000000
3832.094675 0.000000
3792.043627 0.000000
3142.214098 0.000000
2646.513133 0.000000
2435.578042 0.000000
1721.032369 0.000000
1596.376823 0.000000
1798.522027 0.000000
2022.272138 0.000000
2425.031601 0.000000
2927.979022 0.000000
3479.993160 0.000000
4070.209022 0.000000
4578.377665 0.000000
4908.917234 0.000000
2004.410339 0.000000
2183.877813 0.000000
2536.023613 0.000000
2960.753340 0.000000
3323.014647 0.000000
3545.272487 0.000000
3511.303582 0.000000
2949.616083 0.000000
1662.671192 0.000000
1026.485831 0.000000
558.010984 0.000000
623.442669 0.000000
650.767315 0.000000
630.660869 0.000000
493.564569 0.000000
246.335735 0.000000
160.203255 0.000000
191.470925 0.000000
223.102134 0.000000
247.183166 0.000000
254.367198 0.000000
239.163568 0.000000
184.174472 0.000000
73.381231 0.000000
0.000000 0.000000
0.000000 0.000000
0.000000 0.000000
0.000000 0.000000
0.000000 0.000000
0.000000 0.000000
