5018706.248953 0.000000
4907468.098673 0.000000
4766632.215431 0.000000
4724694.912702 0.000000
4703662.468691 0.000000
4611418.459910 0.000000
4498114.002821 0.000000
4325496.852595 0.000000
4142773.829577 0.000000
3848406.951522 0.000000
3641597.130738 0.000000
3596056.462373 0.000000
3458952.895285 0.000000
3127325.529338 0.000000
2755786.753364 0.000000
2511006.376200 0.000000
2322872.893080 0.000000
1858573.726844 0.000000
1414464.623804 0.000000
866797.377086 0.000000
385152.113443 0.000000
516626.826807 0.000000
617435.739523 0.000000
757999.292692 0.000000
932298.674092 0.000000
1133856.727479 0.000000
1261572.841610 0.000000
1348003.726936 0.000000
1340604.467515 0.000000
1200553.050352 0.000000
867814.295736 0.000000
472514.934066 0.000000
482070.792420 0.000000
605239.579932 0.000000
666899.028784 0.000000
748544.103952 0.000000
801894.114343 0.000000
840723.883426 0.000000
800757.999449 0.000000
593568.328422 0.000000
532863.811672 0.000000
599121.954463 0.000000
634080.768195 0.000000
611623.630124 0.000000
446857.539387 0.000000
127017.408456 0.000000
1058.714514 0.000000
1434.818715 0.000000
1512.544442 0.000000
1696.461471 0.000000
1802.320750 0.000000
2590.567558 0.000000
3321.755157 0.000000
4090.870771 0.000000
5121.099960 0.000000
6605.769292 0.000000
7845.357441 0.000000
8914.259135 0.000000
10135.696531 0.000000
10976.760371 0.000000
11423.313162 0.000000
11137.799559 0.000000
9344.850969 0.000000
7019.968924 0.000000
4065.572762 0.000000
2325.933338 0.000000
1726.182166 0.000000
2228.271845 0.000000
2693.009805 0.000000
3587.651596 0.000000
4674.354769 0.000000
5322.238512 0.000000
6126.088891 0.000000
7294.722996 0.000000
7678.500644 0.000000
7816.944142 0.000000
7122.006194 0.000000
5920.562870 0.000000
3910.067756 0.000000
3587.585114 0.000000
2972.513056 0.000000
1780.191851 0.000000
1553.183024 0.000000
1676.332135 0.000000
2269.596194 0.000000
2460.594700 0.000000
2866.170814 0.000000
3388.507326 0.000000
3946.709561 0.000000
4222.453392 0.000000
4837.874350 0.000000
5346.670957 0.000000
5542.405931 0.000000
5996.416754 0.000000
4537.753234 0.000000
4637.460608 0.000000
4514.282281 0.000000
3718.976140 0.000000
2557.635042 0.000000
2783.929673 0.000000
3053.442010 0.000000
3084.239955 0.000000
2661.236460 0.000000
1698.674904 0.000000
1687.841069 0.000000
1504.398238 0.000000
920.802561 0.000000
158.081087 0.000000
0.000000 0.000000
0.000000 0.000000
0.000000 0.000000
0.000000 0.000000
0.000000 0.000000
0.000000 0.000000
0.000000 0.000000
0.000000 0.000000
0.000000 0.000000
0.000000 0.000000
0.000000 0.000000
0.000000 0.000000
0.000000 0.000000
0.000000 0.000000
0.000000 0.000000
0.000000 0.000000
0.000000 0.000000
0.000000 0.000000
0.000000 0.000000
0.000000 0.000000
0.000000 0.000000
18.022435 0.000000
35.863740 0.000000
35.863740 0.000000
53.523915 0.000000
105.417660 0.000000
139.107840 0.000000
235.740523 0.000000
281.656984 0.000000
361.127550 0.000000
485.427856 0.000000
602.347068 0.000000
669.931068 0.000000
742.767837 0.000000
844.472722 0.000000
867.023878 0.000000
813.116232 0.000000
644.519720 0.000000
348.067491 0.000000
140.127579 0.000000
0.000000 0.000000
0.000000 0.000000
0.000000 0.000000
0.000000 0.000000
0.000000 0.000000
0.000000 0.000000
0.000000 0.000000
0.000000 0.000000
0.000000 0.000000
0.000000 0.000000
0.000000 0.000000
0.000000 0.000000
0.000000 0.000000
0.000000 0.000000
0.000000 0.000000
0.000000 0.000000
50.149194 0.000000
99.794376 0.000000
148.935546 0.000000
269.520417 0.000000
340.208100 0.000000
386.073192 0.000000
465.517996 0.000000
532.425591 0.000000
662.460691 0.000000
943.951403 0.000000
1109.456289 0.000000
1214.101734 0.000000
1323.787314 0.000000
1550.718681 0.000000
1709.356418 0.000000
1942.021140 0.000000
1999.793989 0.000000
1831.801716 0.000000
1356.613747 0.000000
1074.410114 0.000000
558.617133 0.000000
279.035700 0.000000
336.981721 0.000000
428.169178 0.000000
487.776870 0.000000
553.968372 0.000000
576.046661 0.000000
526.523508 0.000000
354.375099 0.000000
316.569420 0.000000
237.198153 0.000000
92.083087 0.000000
0.000000 0.000000
0.000000 0.000000
0.000000 0.000000
0.000000 0.000000
0.000000 0.000000
12.376805 0.000000
24.629220 0.000000
36.757245 0.000000
54.700407 0.000000
78.210119 0.000000
101.222271 0.000000
156.575826 0.000000
198.619650 0.000000
238.673234 0.000000
295.021910 0.000000
357.227113 0.000000
447.739609 0.000000
530.972470 0.000000
615.670809 0.000000
655.822516 0.000000
667.966036 0.000000
628.876293 0.000000
434.017339 0.000000
250.108116 0.000000
319.346606 0.000000
409.059405 0.000000
508.627351 0.000000
623.147781 0.000000
727.197530 0.000000
860.943072 0.000000
956.369204 0.000000
1008.989095 0.000000
954.716299 0.000000
765.206842 0.000000
567.923942 0.000000
623.384281 0.000000
809.323220 0.000000
1081.233029 0.000000
1388.645413 0.000000
1636.382682 0.000000
1872.327214 0.000000
2238.814880 0.000000
2537.134091 0.000000
2621.828551 0.000000
2531.765705 0.000000
1897.033929 0.000000
2005.674345 0.000000
1911.373602 0.000000
1489.574353 0.000000
898.310491 0.000000
342.168324 0.000000
128.910520 0.000000
154.661382 0.000000
189.635859 0.000000
220.375897 0.000000
261.890250 0.000000
279.323488 0.000000
277.819182 0.000000
227.543837 0.000000
106.565497 0.000000
10.918842 0.000000
0.000000 0.000000
11.259619 0.000000
22.406076 0.000000
38.899341 0.000000
52.436299 0.000000
63.158400 0.000000
94.504096 0.000000
104.773551 0.000000
149.161104 0.000000
186.645879 0.000000
243.537904 0.000000
298.845639 0.000000
353.573520 0.000000
420.282396 0.000000
456.564916 0.000000
496.115184 0.000000
511.548259 0.000000
480.062334 0.000000
353.769393 0.000000
275.525909 0.000000
224.028796 0.000000
87.438975 0.000000
0.000000 0.000000
0.000000 0.000000
0.000000 0.000000
0.000000 0.000000
0.000000 0.000000
0.000000 0.000000
0.000000 0.000000
0.000000 0.000000
0.000000 0.000000
0.000000 0.000000
0.000000 0.000000
0.000000 0.000000
0.000000 0.000000
0.000000 0.000000
36.490829 0.000000
90.493491 0.000000
126.067466 0.000000
170.366970 0.000000
239.599533 0.000000
323.924628 0.000000
430.949884 0.000000
595.063004 0.000000
754.611300 0.000000
992.900715 0.000000
1234.260658 0.000000
1510.176243 0.000000
1675.545468 0.000000
1817.289063 0.000000
1728.705441 0.000000
1301.680697 0.000000
576.184038 0.000000
0.460486 0.000000
0.916344 0.000000
1.367574 0.000000
2.256150 0.000000
3.126214 0.000000
3.977766 0.000000
5.220384 0.000000
6.812416 0.000000
7.389759 0.000000
10.466222 0.000000
13.804167 0.000000
17.455659 0.000000
20.407166 0.000000
21.936720 0.000000
23.026614 0.000000
21.788624 0.000000
16.400475 0.000000
4.620402 0.000000
0.000000 0.000000
16.928134 0.000000
16.928134 0.000000
33.686136 0.000000
50.274006 0.000000
74.815547 0.000000
90.978087 0.000000
130.576310 0.000000
161.540334 0.000000
210.049136 0.000000
288.437461 0.000000
398.895672 0.000000
526.303230 0.000000
608.072901 0.000000
730.908216 0.000000
780.756941 0.000000
812.805800 0.000000
750.856889 0.000000
571.538565 0.000000
340.838418 0.000000
165.879324 0.000000
0.000000 0.000000
0.000000 0.000000
0.000000 0.000000
0.000000 0.000000
0.000000 0.000000
0.000000 0.000000
0.000000 0.000000
0.000000 0.000000
0.000000 0.000000
0.000000 0.000000
0.000000 0.000000
0.000000 0.000000
0.000000 0.000000
0.000000 0.000000
0.000000 0.000000
0.000000 0.000000
0.000000 0.000000
0.000000 0.000000
0.000000 0.000000
0.000000 0.000000
0.000000 0.000000
0.000000 0.000000
0.000000 0.000000
0.000000 0.000000
5.543344 0.000000
11.030976 0.000000
16.462896 0.000000
27.159600 0.000000
40.210136 0.000000
50.349720 0.000000
67.606512 0.000000
88.791000 0.000000
119.209752 0.000000
136.222804 0.000000
173.132004 0.000000
216.211308 0.000000
253.552276 0.000000
267.522060 0.000000
267.912044 0.000000
242.207920 0.000000
162.365660 0.000000
95.476440 0.000000
17.235900 0.000000
0.000000 0.000000
0.000000 0.000000
0.000000 0.000000
0.000000 0.000000
0.000000 0.000000
0.000000 0.000000
0.000000 0.000000
0.000000 0.000000
0.000000 0.000000
0.000000 0.000000
0.000000 0.000000
0.000000 0.000000
0.000000 0.000000
0.000000 0.000000
0.000000 0.000000
0.000000 0.000000
0.000000 0.000000
0.000000 0.000000
0.000000 0.000000
0.000000 0.000000
0.000000 0.000000
0.000000 0.000000
0.000000 0.000000
0.000000 0.000000
0.000000 0.000000
0.000000 0.000000
0.000000 0.000000
0.000000 0.000000
0.000000 0.000000
0.000000 0.000000
0.000000 0.000000
0.000000 0.000000
0.000000 0.000000
0.000000 0.000000
13.422152 0.000000
26.709408 0.000000
39.861768 0.000000
52.879232 0.000000
78.509472 0.000000
134.187796 0.000000
181.401396 0.000000
237.248340 0.000000
289.587988 0.000000
324.222536 0.000000
359.346082 0.000000
431.818958 0.000000
494.242082 0.000000
579.715560 0.000000
649.102690 0.000000
655.611422 0.000000
600.708750 0.000000
416.227048 0.000000
199.527390 0.000000
0.000000 0.000000
0.000000 0.000000
0.000000 0.000000
0.000000 0.000000
0.000000 0.000000
0.000000 0.000000
0.000000 0.000000
0.000000 0.000000
0.000000 0.000000
0.000000 0.000000
0.000000 0.000000
0.000000 0.000000
0.000000 0.000000
0.590433 0.000000
1.174932 0.000000
1.753497 0.000000
2.326128 0.000000
2.892825 0.000000
5.097124 0.000000
7.722929 0.000000
36.181674 0.000000
62.786850 0.000000
90.568097 0.000000
93.549151 0.000000
119.993085 0.000000
195.447638 0.000000
244.762301 0.000000
290.435244 0.000000
417.817289 0.000000
480.459507 0.000000
579.092236 0.000000
709.426898 0.000000
948.878668 0.000000
1139.938107 0.000000
1275.248625 0.000000
1366.796895 0.000000
1365.292375 0.000000
1209.974971 0.000000
721.352144 0.000000
263.916113 0.000000
43.004558 0.000000
48.893413 0.000000
71.812201 0.000000
111.967585 0.000000
134.329256 0.000000
165.213762 0.000000
202.560086 0.000000
245.365460 0.000000
288.246831 0.000000
305.659086 0.000000
299.321044 0.000000
251.829319 0.000000
140.911205 0.000000
104.758557 0.000000
35.481501 0.000000
46.696825 0.000000
62.243513 0.000000
80.472619 0.000000
98.870650 0.000000
134.243992 0.000000
178.177904 0.000000
210.280707 0.000000
236.905557 0.000000
264.995519 0.000000
292.435826 0.000000
322.744315 0.000000
361.817665 0.000000
373.752827 0.000000
352.607920 0.000000
269.827434 0.000000
158.572091 0.000000
82.582953 0.000000
0.940275 0.000000
0.000000 0.000000
0.000000 0.000000
0.000000 0.000000
0.000000 0.000000
0.000000 0.000000
0.000000 0.000000
0.000000 0.000000
2.694858 0.000000
5.362632 0.000000
8.003322 0.000000
10.616928 0.000000
15.762888 0.000000
20.800512 0.000000
26.941809 0.000000
31.735677 0.000000
47.633985 0.000000
61.209840 0.000000
77.693772 0.000000
88.984360 0.000000
108.322360 0.000000
122.846105 0.000000
132.244293 0.000000
129.620686 0.000000
111.127605 0.000000
60.775531 0.000000
21.556762 0.000000
0.000000 0.000000
0.000000 0.000000
0.000000 0.000000
0.255118 0.000000
19.345251 0.000000
38.240926 0.000000
56.698536 0.000000
74.966798 0.000000
110.935278 0.000000
128.635496 0.000000
172.266793 0.000000
230.928423 0.000000
275.465558 0.000000
307.080628 0.000000
392.490512 0.000000
494.427883 0.000000
594.446554 0.000000
720.707552 0.000000
830.906904 0.000000
911.316951 0.000000
896.448074 0.000000
794.485016 0.000000
485.728792 0.000000
313.625871 0.000000
16.066552 0.000000
0.000000 0.000000
0.000000 0.000000
0.000000 0.000000
32.340883 0.000000
64.356732 0.000000
96.047547 0.000000
127.413328 0.000000
232.884750 0.000000
262.895505 0.000000
393.864718 0.000000
544.323716 0.000000
673.398545 0.000000
852.762913 0.000000
1040.012834 0.000000
1144.935575 0.000000
1339.026860 0.000000
1520.704400 0.000000
1630.221953 0.000000
1670.381249 0.000000
1550.863851 0.000000
983.100643 0.000000
272.786381 0.000000
47.780096 0.000000
59.420400 0.000000
82.335344 0.000000
115.793600 0.000000
126.702576 0.000000
163.908888 0.000000
184.386072 0.000000
247.859248 0.000000
279.824376 0.000000
328.015844 0.000000
354.153202 0.000000
421.458232 0.000000
495.623271 0.000000
555.062716 0.000000
585.690885 0.000000
568.367553 0.000000
451.294129 0.000000
311.065794 0.000000
336.944140 0.000000
336.159486 0.000000
283.743837 0.000000
141.991902 0.000000
60.505965 0.000000
37.777662 0.000000
43.993950 0.000000
53.135550 0.000000
59.706075 0.000000
68.348696 0.000000
74.698299 0.000000
75.719111 0.000000
67.266940 0.000000
43.784327 0.000000
22.613740 0.000000
26.285527 0.000000
29.993495 0.000000
33.970127 0.000000
36.905087 0.000000
38.185151 0.000000
35.572687 0.000000
23.841772 0.000000
4.460295 0.000000
0.000000 0.000000
0.000000 0.000000
0.000000 0.000000
0.000000 0.000000
0.000000 0.000000
0.000000 0.000000
0.000000 0.000000
0.000000 0.000000
0.000000 0.000000
0.000000 0.000000
0.000000 0.000000
0.000000 0.000000
0.000000 0.000000
0.000000 0.000000
0.000000 0.000000
0.000000 0.000000
0.000000 0.000000
0.000000 0.000000
0.000000 0.000000
0.000000 0.000000
0.000000 0.000000
0.000000 0.000000
0.000000 0.000000
0.000000 0.000000
0.000000 0.000000
0.000000 0.000000
0.000000 0.000000
0.000000 0.000000
0.000000 0.000000
0.000000 0.000000
0.000000 0.000000
0.000000 0.000000
0.000000 0.000000
0.000000 0.000000
0.000000 0.000000
0.000000 0.000000
0.000000 0.000000
0.000000 0.000000
0.000000 0.000000
0.000000 0.000000
25.781445 0.000000
51.303780 0.000000
101.571120 0.000000
150.802020 0.000000
175.028805 0.000000
234.429682 0.000000
275.736541 0.000000
287.072516 0.000000
343.364085 0.000000
375.428700 0.000000
501.096935 0.000000
598.791783 0.000000
729.965973 0.000000
885.787937 0.000000
1050.413392 0.000000
1148.188023 0.000000
1135.346138 0.000000
932.282910 0.000000
658.389737 0.000000
558.407433 0.000000
359.376696 0.000000
139.558961 0.000000
191.534512 0.000000
230.645088 0.000000
276.039997 0.000000
330.157977 0.000000
431.942947 0.000000
529.802093 0.000000
610.154192 0.000000
683.547608 0.000000
701.127625 0.000000
648.630822 0.000000
574.976567 0.000000
592.672349 0.000000
545.466703 0.000000
334.032325 0.000000
217.546892 0.000000
277.172660 0.000000
319.847367 0.000000
362.266469 0.000000
382.324002 0.000000
363.256641 0.000000
263.283320 0.000000
194.101246 0.000000
174.041293 0.000000
100.342417 0.000000
50.378189 0.000000
17.696665 0.000000
24.595618 0.000000
28.708884 0.000000
32.667527 0.000000
37.654836 0.000000
47.891948 0.000000
53.437041 0.000000
63.175349 0.000000
73.146498 0.000000
81.822567 0.000000
84.445074 0.000000
80.941806 0.000000
68.953621 0.000000
62.479339 0.000000
50.634160 0.000000
44.207287 0.000000
32.666134 0.000000
17.544701 0.000000
19.548542 0.000000
19.387052 0.000000
16.022800 0.000000
11.949150 0.000000
12.429762 0.000000
13.577427 0.000000
14.072651 0.000000
13.991484 0.000000
12.474052 0.000000
5.726345 0.000000
1.389095 0.000000
0.000000 0.000000
0.000000 0.000000
0.000000 0.000000
0.000000 0.000000
0.000000 0.000000
0.000000 0.000000
0.000000 0.000000
0.000000 0.000000
0.000000 0.000000
0.000000 0.000000
0.000000 0.000000
0.000000 0.000000
0.000000 0.000000
0.000000 0.000000
0.000000 0.000000
0.000000 0.000000
0.000000 0.000000
0.000000 0.000000
0.000000 0.000000
0.000000 0.000000
0.000000 0.000000
0.000000 0.000000
0.000000 0.000000
0.000000 0.000000
0.000000 0.000000
0.000000 0.000000
0.000000 0.000000
0.000000 0.000000
0.000000 0.000000
0.000000 0.000000
0.000000 0.000000
0.000000 0.000000
0.000000 0.000000
0.000000 0.000000
0.000000 0.000000
0.000000 0.000000
0.000000 0.000000
0.000000 0.000000
0.000000 0.000000
0.000000 0.000000
0.000000 0.000000
0.000000 0.000000
0.000000 0.000000
0.000000 0.000000
0.000000 0.000000
0.000000 0.000000
0.000000 0.000000
0.000000 0.000000
0.000000 0.000000
0.000000 0.000000
0.000000 0.000000
0.000000 0.000000
0.000000 0.000000
0.000000 0.000000
0.000000 0.000000
0.000000 0.000000
0.000000 0.000000
0.000000 0.000000
0.000000 0.000000
0.000000 0.000000
0.000000 0.000000
0.000000 0.000000
0.000000 0.000000
0.000000 0.000000
0.000000 0.000000
0.000000 0.000000
0.000000 0.000000
0.000000 0.000000
0.000000 0.000000
0.000000 0.000000
0.000000 0.000000
0.000000 0.000000
0.000000 0.000000
0.000000 0.000000
0.000000 0.000000
0.000000 0.000000
0.000000 0.000000
0.000000 0.000000
0.000000 0.000000
0.000000 0.000000
0.000000 0.000000
0.000000 0.000000
0.000000 0.000000
14.839032 0.000000
29.528928 0.000000
44.069688 0.000000
72.703800 0.000000
86.797152 0.000000
121.359420 0.000000
181.200240 0.000000
206.627928 0.000000
246.540450 0.000000
305.076330 0.000000
385.609770 0.000000
468.510744 0.000000
557.638146 0.000000
646.141041 0.000000
708.340074 0.000000
702.868647 0.000000
551.551533 0.000000
370.509750 0.000000
411.307767 0.000000
436.092306 0.000000
391.528605 0.000000
263.206398 0.000000
132.087891 0.000000
6.464015 0.000000
5.536476 0.000000
8.262771 0.000000
10.961104 0.000000
16.273884 0.000000
25.298529 0.000000
31.526979 0.000000
33.333894 0.000000
43.361574 0.000000
53.871546 0.000000
65.251914 0.000000
79.578684 0.000000
98.054634 0.000000
117.530370 0.000000
125.754841 0.000000
130.842874 0.000000
119.165883 0.000000
82.346952 0.000000
85.845702 0.000000
77.303462 0.000000
46.902478 0.000000
14.985889 0.000000
0.000000 0.000000
0.000000 0.000000
0.000000 0.000000
0.000000 0.000000
0.000000 0.000000
0.000000 0.000000
0.000000 0.000000
0.000000 0.000000
0.000000 0.000000
0.000000 0.000000
0.000000 0.000000
0.000000 0.000000
0.000000 0.000000
0.000000 0.000000
0.000000 0.000000
0.000000 0.000000
6.421133 0.000000
12.777732 0.000000
19.069797 0.000000
25.297328 0.000000
31.460325 0.000000
49.562112 0.000000
61.307300 0.000000
84.023268 0.000000
110.966213 0.000000
138.732042 0.000000
172.265685 0.000000
212.938320 0.000000
243.196725 0.000000
279.013077 0.000000
311.392863 0.000000
320.729893 0.000000
270.259581 0.000000
132.438207 0.000000
0.000000 0.000000
0.000000 0.000000
0.000000 0.000000
0.000000 0.000000
0.000000 0.000000
0.000000 0.000000
0.000000 0.000000
0.000000 0.000000
0.000000 0.000000
0.000000 0.000000
0.000000 0.000000
0.000000 0.000000
0.000000 0.000000
0.000000 0.000000
0.000000 0.000000
0.000000 0.000000
0.000000 0.000000
0.000000 0.000000
0.000000 0.000000
0.000000 0.000000
0.000000 0.000000
0.000000 0.000000
3.362105 0.000000
6.690420 0.000000
9.984945 0.000000
13.245680 0.000000
16.472625 0.000000
21.245369 0.000000
25.933641 0.000000
30.537441 0.000000
35.056769 0.000000
37.962537 0.000000
49.467888 0.000000
59.123328 0.000000
74.227065 0.000000
89.136660 0.000000
104.468720 0.000000
119.462985 0.000000
129.811041 0.000000
145.067529 0.000000
154.681652 0.000000
146.146649 0.000000
112.582580 0.000000
83.698560 0.000000
80.340480 0.000000
59.721024 0.000000
19.105152 0.000000
21.525504 0.000000
25.713600 0.000000
27.468672 0.000000
33.095040 0.000000
37.752000 0.000000
41.021376 0.000000
40.455360 0.000000
33.447744 0.000000
17.561280 0.000000
20.169600 0.000000
21.609456 0.000000
22.574640 0.000000
20.156664 0.000000
13.903032 0.000000
4.258848 0.000000
1.703988 0.000000
2.319636 0.000000
2.903406 0.000000
3.541824 0.000000
4.145394 0.000000
4.637655 0.000000
4.934589 0.000000
4.724709 0.000000
3.344517 0.000000
2.293632 0.000000
1.461372 0.000000
0.377454 0.000000
0.485430 0.000000
0.606078 0.000000
0.765171 0.000000
0.901230 0.000000
1.051281 0.000000
1.178331 0.000000
1.278486 0.000000
1.230603 0.000000
0.891627 0.000000
0.556875 0.000000
0.620235 0.000000
0.657855 0.000000
0.653598 0.000000
0.555027 0.000000
0.296456 0.000000
0.116063 0.000000
