268316.697623 0.000000
250922.387728 0.000000
219614.927359 0.000000
188432.777076 0.000000
171879.741738 0.000000
155185.095176 0.000000
135546.051622 0.000000
132668.909305 0.000000
122081.545859 0.000000
113775.186149 0.000000
106524.776760 0.000000
86837.152198 0.000000
78393.806789 0.000000
83146.796990 0.000000
76692.729370 0.000000
69956.229284 0.000000
62540.365615 0.000000
55828.009798 0.000000
41958.970073 0.000000
38583.162633 0.000000
37829.503999 0.000000
40811.713422 0.000000
38897.241368 0.000000
32075.718739 0.000000
35328.599386 0.000000
32708.127292 0.000000
31016.553480 0.000000
26551.070514 0.000000
21529.976763 0.000000
23490.837783 0.000000
19652.749242 0.000000
16874.007165 0.000000
16050.406981 0.000000
14700.942271 0.000000
10535.891174 0.000000
11918.976442 0.000000
12518.343391 0.000000
12897.915750 0.000000
11112.139032 0.000000
12529.750061 0.000000
13070.330683 0.000000
13775.660961 0.000000
15598.133740 0.000000
16931.139586 0.000000
19330.762161 0.000000
20908.281608 0.000000
20732.250093 0.000000
18471.237674 0.000000
17469.580628 0.000000
15548.218661 0.000000
11747.881128 0.000000
8358.184355 0.000000
9763.861533 0.000000
11305.769252 0.000000
13546.282006 0.000000
15112.909847 0.000000
16491.129603 0.000000
15587.755212 0.000000
13135.497798 0.000000
13378.841306 0.000000
9625.977746 0.000000
8185.690609 0.000000
7849.700632 0.000000
9540.405932 0.000000
13101.075880 0.000000
13982.450030 0.000000
13099.179702 0.000000
9727.268430 0.000000
10442.503430 0.000000
11096.660230 0.000000
10485.151846 0.000000
8447.523884 0.000000
7658.840312 0.000000
7537.378469 0.000000
8462.486814 0.000000
7837.111407 0.000000
5174.553539 0.000000
6601.452037 0.000000
7269.146083 0.000000
7550.196922 0.000000
6055.179889 0.000000
2543.571467 0.000000
323.719808 0.000000
0.000000 0.000000
0.000000 0.000000
0.000000 0.000000
0.000000 0.000000
202.905129 0.000000
397.528416 0.000000
761.929464 0.000000
931.707225 0.000000
1246.417221 0.000000
1888.259976 0.000000
2248.520121 0.000000
2467.988936 0.000000
2561.159641 0.000000
2478.330668 0.000000
1984.692029 0.000000
976.984685 0.000000
1109.699207 0.000000
1268.957602 0.000000
1571.864333 0.000000
1801.083928 0.000000
1323.416516 0.000000
1950.164689 0.000000
2501.428617 0.000000
3219.725488 0.000000
4004.973032 0.000000
4805.906230 0.000000
5254.778951 0.000000
5429.498522 0.000000
4861.210742 0.000000
4115.194095 0.000000
3917.064492 0.000000
2673.438485 0.000000
1910.685077 0.000000
1846.614890 0.000000
1420.309648 0.000000
770.064274 0.000000
310.111754 0.000000
414.397437 0.000000
554.507078 0.000000
679.241628 0.000000
784.618353 0.000000
1136.491506 0.000000
1213.555964 0.000000
1696.347533 0.000000
2149.034119 0.000000
2445.739623 0.000000
2888.646160 0.000000
3023.374343 0.000000
2899.009751 0.000000
2621.679197 0.000000
2300.939557 0.000000
2755.964290 0.000000
3152.553898 0.000000
3072.340573 0.000000
2684.924387 0.000000
938.372228 0.000000
1392.848856 0.000000
1473.879723 0.000000
1816.866998 0.000000
1919.531713 0.000000
1646.555262 0.000000
1253.268535 0.000000
413.915618 0.000000
223.439423 0.000000
205.828434 0.000000
82.551511 0.000000
0.000000 0.000000
0.000000 0.000000
0.000000 0.000000
0.000000 0.000000
25.519543 0.000000
100.934843 0.000000
172.398161 0.000000
221.523949 0.000000
367.546747 0.000000
458.343805 0.000000
537.971260 0.000000
606.541753 0.000000
653.956941 0.000000
754.390024 0.000000
779.785123 0.000000
721.474664 0.000000
457.623150 0.000000
173.786637 0.000000
274.784985 0.000000
387.813820 0.000000
484.398265 0.000000
623.006619 0.000000
776.709607 0.000000
914.074133 0.000000
939.579164 0.000000
842.468855 0.000000
631.448304 0.000000
758.395318 0.000000
873.611499 0.000000
992.613664 0.000000
1021.611958 0.000000
998.225702 0.000000
896.915030 0.000000
851.890945 0.000000
791.097613 0.000000
597.866990 0.000000
421.410853 0.000000
492.940603 0.000000
546.091475 0.000000
513.055081 0.000000
262.037185 0.000000
163.046915 0.000000
189.558609 0.000000
212.535410 0.000000
251.198301 0.000000
271.744862 0.000000
266.221580 0.000000
199.721390 0.000000
69.924534 0.000000
87.488512 0.000000
110.189124 0.000000
119.910057 0.000000
154.628432 0.000000
173.802709 0.000000
191.997031 0.000000
182.466217 0.000000
191.009408 0.000000
265.522018 0.000000
305.441264 0.000000
363.086093 0.000000
405.520769 0.000000
436.531004 0.000000
456.222486 0.000000
389.164370 0.000000
352.109483 0.000000
260.374202 0.000000
89.285131 0.000000
0.000000 0.000000
0.000000 0.000000
10.738448 0.000000
21.038592 0.000000
40.323968 0.000000
65.964752 0.000000
123.235695 0.000000
180.884689 0.000000
241.194807 0.000000
357.466430 0.000000
409.601130 0.000000
462.195643 0.000000
474.422005 0.000000
511.299293 0.000000
583.546316 0.000000
567.300948 0.000000
511.760354 0.000000
314.112801 0.000000
260.506866 0.000000
164.392990 0.000000
106.466631 0.000000
126.950079 0.000000
157.452989 0.000000
158.377342 0.000000
234.641676 0.000000
350.398237 0.000000
475.540464 0.000000
525.597355 0.000000
607.461229 0.000000
646.568175 0.000000
640.945875 0.000000
477.545731 0.000000
50.056891 0.000000
0.000000 0.000000
0.000000 0.000000
0.000000 0.000000
0.000000 0.000000
0.000000 0.000000
0.000000 0.000000
0.000000 0.000000
0.000000 0.000000
0.000000 0.000000
0.000000 0.000000
0.000000 0.000000
0.000000 0.000000
0.000000 0.000000
0.000000 0.000000
0.000000 0.000000
0.000000 0.000000
0.000000 0.000000
0.000000 0.000000
0.000000 0.000000
0.000000 0.000000
0.000000 0.000000
0.000000 0.000000
0.000000 0.000000
0.000000 0.000000
0.000000 0.000000
0.000000 0.000000
0.000000 0.000000
0.000000 0.000000
0.000000 0.000000
0.000000 0.000000
0.000000 0.000000
0.000000 0.000000
0.000000 0.000000
0.000000 0.000000
0.000000 0.000000
0.000000 0.000000
0.000000 0.000000
0.000000 0.000000
0.000000 0.000000
0.000000 0.000000
0.000000 0.000000
0.000000 0.000000
0.000000 0.000000
0.000000 0.000000
0.000000 0.000000
0.000000 0.000000
0.000000 0.000000
0.000000 0.000000
0.000000 0.000000
0.000000 0.000000
0.000000 0.000000
0.000000 0.000000
0.000000 0.000000
0.000000 0.000000
0.000000 0.000000
0.000000 0.000000
0.000000 0.000000
0.000000 0.000000
0.000000 0.000000
0.000000 0.000000
0.000000 0.000000
0.000000 0.000000
0.000000 0.000000
0.000000 0.000000
0.000000 0.000000
0.000000 0.000000
0.000000 0.000000
0.000000 0.000000
0.000000 0.000000
0.000000 0.000000
0.000000 0.000000
0.000000 0.000000
0.000000 0.000000
0.000000 0.000000
0.000000 0.000000
0.000000 0.000000
0.000000 0.000000
0.000000 0.000000
0.000000 0.000000
0.000000 0.000000
0.000000 0.000000
0.000000 0.000000
0.000000 0.000000
0.000000 0.000000
0.000000 0.000000
0.000000 0.000000
0.000000 0.000000
0.000000 0.000000
0.000000 0.000000
0.000000 0.000000
0.000000 0.000000
0.000000 0.000000
0.000000 0.000000
0.000000 0.000000
0.000000 0.000000
0.000000 0.000000
0.000000 0.000000
0.000000 0.000000
0.000000 0.000000
0.000000 0.000000
0.000000 0.000000
0.000000 0.000000
0.000000 0.000000
0.000000 0.000000
0.000000 0.000000
0.000000 0.000000
0.000000 0.000000
0.000000 0.000000
0.000000 0.000000
0.000000 0.000000
0.000000 0.000000
0.000000 0.000000
0.000000 0.000000
0.000000 0.000000
0.000000 0.000000
0.000000 0.000000
0.000000 0.000000
0.000000 0.000000
0.000000 0.000000
0.000000 0.000000
0.000000 0.000000
0.000000 0.000000
0.000000 0.000000
0.000000 0.000000
0.000000 0.000000
0.000000 0.000000
0.000000 0.000000
0.000000 0.000000
0.000000 0.000000
0.000000 0.000000
0.000000 0.000000
0.000000 0.000000
0.000000 0.000000
0.000000 0.000000
0.000000 0.000000
0.000000 0.000000
0.000000 0.000000
0.000000 0.000000
0.000000 0.000000
0.000000 0.000000
0.000000 0.000000
0.000000 0.000000
0.000000 0.000000
0.000000 0.000000
0.000000 0.000000
0.000000 0.000000
0.000000 0.000000
0.000000 0.000000
0.000000 0.000000
0.000000 0.000000
0.000000 0.000000
9.998058 0.000000
19.588032 0.000000
28.769922 0.000000
33.156825 0.000000
45.705408 0.000000
62.895930 0.000000
74.373281 0.000000
95.134554 0.000000
114.365533 0.000000
120.690861 0.000000
119.619675 0.000000
105.489826 0.000000
67.027929 0.000000
22.954725 0.000000
0.000000 0.000000
0.000000 0.000000
0.000000 0.000000
0.000000 0.000000
0.000000 0.000000
0.000000 0.000000
0.000000 0.000000
0.000000 0.000000
0.000000 0.000000
0.000000 0.000000
0.000000 0.000000
0.000000 0.000000
0.000000 0.000000
0.000000 0.000000
0.000000 0.000000
0.000000 0.000000
0.000000 0.000000
0.000000 0.000000
0.000000 0.000000
0.000000 0.000000
0.000000 0.000000
0.000000 0.000000
0.000000 0.000000
0.000000 0.000000
0.000000 0.000000
0.000000 0.000000
0.000000 0.000000
0.000000 0.000000
0.000000 0.000000
0.000000 0.000000
0.000000 0.000000
0.000000 0.000000
0.000000 0.000000
0.000000 0.000000
0.000000 0.000000
0.000000 0.000000
0.000000 0.000000
0.000000 0.000000
0.000000 0.000000
0.000000 0.000000
0.000000 0.000000
0.000000 0.000000
29.680721 0.000000
58.149984 0.000000
111.454136 0.000000
136.289025 0.000000
182.324429 0.000000
242.291600 0.000000
276.212424 0.000000
323.762141 0.000000
358.894416 0.000000
370.706160 0.000000
339.208296 0.000000
167.181384 0.000000
145.375176 0.000000
161.275584 0.000000
179.371765 0.000000
183.536160 0.000000
184.217637 0.000000
146.321791 0.000000
96.743289 0.000000
119.783318 0.000000
139.877234 0.000000
155.315881 0.000000
163.521194 0.000000
169.436454 0.000000
196.149528 0.000000
195.767072 0.000000
207.792066 0.000000
256.704389 0.000000
280.905951 0.000000
274.840391 0.000000
254.646011 0.000000
186.916033 0.000000
26.730403 0.000000
0.000000 0.000000
0.000000 0.000000
0.000000 0.000000
0.000000 0.000000
0.000000 0.000000
0.000000 0.000000
0.000000 0.000000
0.000000 0.000000
0.000000 0.000000
0.000000 0.000000
0.000000 0.000000
0.000000 0.000000
0.000000 0.000000
0.000000 0.000000
0.000000 0.000000
0.000000 0.000000
0.000000 0.000000
0.000000 0.000000
0.000000 0.000000
0.000000 0.000000
0.000000 0.000000
0.000000 0.000000
0.000000 0.000000
0.000000 0.000000
0.000000 0.000000
0.000000 0.000000
0.000000 0.000000
0.000000 0.000000
0.000000 0.000000
0.000000 0.000000
0.000000 0.000000
0.000000 0.000000
0.000000 0.000000
0.000000 0.000000
0.000000 0.000000
0.000000 0.000000
0.000000 0.000000
0.000000 0.000000
0.000000 0.000000
0.000000 0.000000
0.000000 0.000000
0.000000 0.000000
0.000000 0.000000
0.000000 0.000000
0.000000 0.000000
0.000000 0.000000
0.000000 0.000000
0.000000 0.000000
0.000000 0.000000
0.000000 0.000000
0.000000 0.000000
0.000000 0.000000
0.000000 0.000000
0.000000 0.000000
0.000000 0.000000
0.000000 0.000000
0.000000 0.000000
0.000000 0.000000
0.000000 0.000000
0.000000 0.000000
0.000000 0.000000
0.000000 0.000000
0.000000 0.000000
0.000000 0.000000
0.000000 0.000000
0.000000 0.000000
0.000000 0.000000
0.000000 0.000000
0.000000 0.000000
0.000000 0.000000
0.000000 0.000000
0.000000 0.000000
0.000000 0.000000
0.000000 0.000000
0.000000 0.000000
0.000000 0.000000
0.000000 0.000000
0.000000 0.000000
0.000000 0.000000
0.000000 0.000000
0.000000 0.000000
0.000000 0.000000
0.000000 0.000000
0.000000 0.000000
0.000000 0.000000
0.000000 0.000000
0.000000 0.000000
0.000000 0.000000
0.000000 0.000000
0.000000 0.000000
0.000000 0.000000
0.000000 0.000000
0.000000 0.000000
0.000000 0.000000
0.000000 0.000000
0.000000 0.000000
0.000000 0.000000
0.000000 0.000000
0.000000 0.000000
0.000000 0.000000
0.000000 0.000000
0.000000 0.000000
0.000000 0.000000
0.000000 0.000000
0.000000 0.000000
0.000000 0.000000
0.000000 0.000000
0.000000 0.000000
0.000000 0.000000
0.000000 0.000000
0.000000 0.000000
0.000000 0.000000
0.000000 0.000000
13.242936 0.000000
25.945344 0.000000
38.107224 0.000000
49.728576 0.000000
71.349696 0.000000
103.916508 0.000000
135.942792 0.000000
165.536700 0.000000
157.901742 0.000000
132.969888 0.000000
64.457964 0.000000
26.823702 0.000000
20.337366 0.000000
27.026400 0.000000
35.472150 0.000000
41.147694 0.000000
41.620656 0.000000
33.985698 0.000000
10.844343 0.000000
0.000000 0.000000
0.000000 0.000000
0.000000 0.000000
0.000000 0.000000
0.000000 0.000000
0.000000 0.000000
0.000000 0.000000
0.000000 0.000000
0.000000 0.000000
0.000000 0.000000
0.000000 0.000000
0.000000 0.000000
0.000000 0.000000
0.000000 0.000000
0.000000 0.000000
0.000000 0.000000
0.000000 0.000000
0.000000 0.000000
0.000000 0.000000
0.000000 0.000000
0.000000 0.000000
0.000000 0.000000
0.000000 0.000000
0.000000 0.000000
0.000000 0.000000
0.000000 0.000000
0.000000 0.000000
0.000000 0.000000
0.000000 0.000000
0.000000 0.000000
0.000000 0.000000
6.064583 0.000000
11.881632 0.000000
22.773128 0.000000
37.253867 0.000000
45.670023 0.000000
60.955259 0.000000
70.361547 0.000000
75.962001 0.000000
72.310854 0.000000
29.456448 0.000000
0.000000 0.000000
0.000000 0.000000
0.000000 0.000000
0.000000 0.000000
0.000000 0.000000
0.000000 0.000000
0.000000 0.000000
0.000000 0.000000
0.000000 0.000000
0.000000 0.000000
0.000000 0.000000
0.000000 0.000000
0.000000 0.000000
0.000000 0.000000
0.000000 0.000000
0.000000 0.000000
0.000000 0.000000
0.000000 0.000000
0.000000 0.000000
0.000000 0.000000
0.000000 0.000000
0.000000 0.000000
0.000000 0.000000
0.000000 0.000000
0.000000 0.000000
0.000000 0.000000
0.000000 0.000000
3.592533 0.000000
7.038432 0.000000
10.337697 0.000000
16.496325 0.000000
24.634512 0.000000
30.243306 0.000000
38.198197 0.000000
40.837601 0.000000
43.696952 0.000000
45.089961 0.000000
42.523824 0.000000
31.562874 0.000000
9.677712 0.000000
0.000000 0.000000
0.000000 0.000000
0.000000 0.000000
0.000000 0.000000
0.000000 0.000000
0.000000 0.000000
0.000000 0.000000
0.000000 0.000000
0.000000 0.000000
0.000000 0.000000
0.000000 0.000000
0.000000 0.000000
0.000000 0.000000
0.000000 0.000000
0.000000 0.000000
0.000000 0.000000
0.000000 0.000000
0.000000 0.000000
0.000000 0.000000
0.000000 0.000000
0.000000 0.000000
0.000000 0.000000
0.000000 0.000000
0.000000 0.000000
0.000000 0.000000
0.000000 0.000000
0.000000 0.000000
0.000000 0.000000
0.000000 0.000000
0.000000 0.000000
0.000000 0.000000
0.000000 0.000000
0.000000 0.000000
0.000000 0.000000
0.000000 0.000000
0.000000 0.000000
0.000000 0.000000
0.000000 0.000000
0.000000 0.000000
0.000000 0.000000
0.000000 0.000000
0.000000 0.000000
0.000000 0.000000
0.000000 0.000000
0.000000 0.000000
0.000000 0.000000
0.000000 0.000000
0.000000 0.000000
0.000000 0.000000
0.000000 0.000000
0.000000 0.000000
0.000000 0.000000
0.000000 0.000000
0.000000 0.000000
0.000000 0.000000
0.000000 0.000000
0.000000 0.000000
0.000000 0.000000
0.000000 0.000000
0.000000 0.000000
0.000000 0.000000
0.000000 0.000000
0.000000 0.000000
0.000000 0.000000
0.000000 0.000000
0.000000 0.000000
0.000000 0.000000
0.000000 0.000000
0.000000 0.000000
0.000000 0.000000
0.000000 0.000000
0.000000 0.000000
0.000000 0.000000
0.000000 0.000000
0.000000 0.000000
0.000000 0.000000
0.000000 0.000000
0.000000 0.000000
13.786199 0.000000
27.009696 0.000000
45.719516 0.000000
73.995275 0.000000
89.047539 0.000000
93.408464 0.000000
110.008151 0.000000
122.317206 0.000000
138.635574 0.000000
150.241368 0.000000
149.116104 0.000000
104.029902 0.000000
83.315361 0.000000
27.044961 0.000000
0.000000 0.000000
0.000000 0.000000
0.000000 0.000000
0.000000 0.000000
0.000000 0.000000
0.000000 0.000000
0.000000 0.000000
0.000000 0.000000
0.000000 0.000000
0.000000 0.000000
0.000000 0.000000
0.000000 0.000000
0.000000 0.000000
0.000000 0.000000
0.000000 0.000000
0.000000 0.000000
0.000000 0.000000
0.000000 0.000000
0.000000 0.000000
0.000000 0.000000
0.000000 0.000000
0.000000 0.000000
0.000000 0.000000
0.000000 0.000000
0.000000 0.000000
0.000000 0.000000
0.000000 0.000000
0.000000 0.000000
0.000000 0.000000
0.000000 0.000000
0.000000 0.000000
0.000000 0.000000
0.000000 0.000000
0.000000 0.000000
0.000000 0.000000
0.000000 0.000000
0.000000 0.000000
0.000000 0.000000
0.000000 0.000000
0.000000 0.000000
0.000000 0.000000
0.000000 0.000000
0.000000 0.000000
0.000000 0.000000
0.000000 0.000000
0.000000 0.000000
0.000000 0.000000
0.000000 0.000000
0.000000 0.000000
0.000000 0.000000
0.000000 0.000000
0.000000 0.000000
0.000000 0.000000
0.000000 0.000000
0.000000 0.000000
0.000000 0.000000
0.000000 0.000000
0.000000 0.000000
0.000000 0.000000
0.000000 0.000000
0.000000 0.000000
0.000000 0.000000
0.000000 0.000000
0.000000 0.000000
0.000000 0.000000
0.000000 0.000000
0.000000 0.000000
0.000000 0.000000
0.000000 0.000000
0.000000 0.000000
0.000000 0.000000
0.000000 0.000000
0.000000 0.000000
0.000000 0.000000
0.000000 0.000000
0.000000 0.000000
0.000000 0.000000
0.000000 0.000000
0.000000 0.000000
0.000000 0.000000
0.000000 0.000000
0.000000 0.000000
0.000000 0.000000
0.000000 0.000000
0.000000 0.000000
0.000000 0.000000
0.000000 0.000000
0.000000 0.000000
0.000000 0.000000
0.000000 0.000000
0.000000 0.000000
0.000000 0.000000
0.000000 0.000000
0.000000 0.000000
0.000000 0.000000
0.000000 0.000000
0.000000 0.000000
0.000000 0.000000
0.000000 0.000000
0.000000 0.000000
1.059723 0.000000
2.076192 0.000000
3.049407 0.000000
3.979368 0.000000
5.709528 0.000000
7.266672 0.000000
9.569934 0.000000
10.608009 0.000000
12.467933 0.000000
13.073517 0.000000
11.489419 0.000000
7.385866 0.000000
6.601947 0.000000
6.218050 0.000000
3.206351 0.000000
3.268536 0.000000
3.352336 0.000000
2.703456 0.000000
1.946424 0.000000
0.997407 0.000000
1.232568 0.000000
1.362312 0.000000
1.556928 0.000000
1.646127 0.000000
1.686672 0.000000
1.362312 0.000000
0.259488 0.000000
0.000000 0.000000
0.000000 0.000000
0.000000 0.000000
0.000000 0.000000
0.000000 0.000000
0.000000 0.000000
0.000000 0.000000
0.000000 0.000000
0.000000 0.000000
0.000000 0.000000
0.000000 0.000000
0.000000 0.000000
0.000000 0.000000
0.000000 0.000000
0.000000 0.000000
0.000000 0.000000
0.000000 0.000000
0.000000 0.000000
0.000000 0.000000
0.000000 0.000000
0.000000 0.000000
0.000000 0.000000
0.000000 0.000000
0.000000 0.000000
0.000000 0.000000
0.000000 0.000000
0.000000 0.000000
0.000000 0.000000
0.000000 0.000000
0.000000 0.000000
0.000000 0.000000
0.000000 0.000000
0.000000 0.000000
0.000000 0.000000
0.000000 0.000000
0.000000 0.000000
0.000000 0.000000
0.000000 0.000000
0.000000 0.000000
0.000000 0.000000
0.000000 0.000000
0.000000 0.000000
0.000000 0.000000
0.000000 0.000000
0.000000 0.000000
0.000000 0.000000
0.000000 0.000000
0.000000 0.000000
0.000000 0.000000
0.000000 0.000000
0.000000 0.000000
0.000000 0.000000
0.000000 0.000000
0.000000 0.000000
0.000000 0.000000
0.000000 0.000000
0.000000 0.000000
0.000000 0.000000
17.396470 0.000000
34.082880 0.000000
50.059230 0.000000
65.325520 0.000000
93.727920 0.000000
142.012000 0.000000
161.893680 0.000000
193.136320 0.000000
216.213270 0.000000
221.893750 0.000000
220.473630 0.000000
186.035720 0.000000
75.177621 0.000000
39.763400 0.000000
49.793013 0.000000
56.183550 0.000000
73.535667 0.000000
93.239823 0.000000
102.026796 0.000000
102.159897 0.000000
90.798858 0.000000
