290457.300248 0.000000
268533.061150 0.000000
260662.547129 0.000000
243936.937400 0.000000
237012.310603 0.000000
228837.687413 0.000000
216738.700757 0.000000
185335.906389 0.000000
171454.636499 0.000000
172116.545132 0.000000
169209.326081 0.000000
151631.485446 0.000000
135886.560169 0.000000
137790.474336 0.000000
124329.137699 0.000000
84438.480473 0.000000
55620.844781 0.000000
43516.344057 0.000000
19754.066992 0.000000
13579.612734 0.000000
17193.675988 0.000000
22431.888408 0.000000
27164.990965 0.000000
33202.738908 0.000000
33849.166206 0.000000
33957.627250 0.000000
31769.980874 0.000000
28470.111742 0.000000
24474.250641 0.000000
21001.087913 0.000000
22330.606568 0.000000
22973.110792 0.000000
19889.624586 0.000000
9739.916025 0.000000
13522.893599 0.000000
16690.377785 0.000000
20509.740383 0.000000
22684.342273 0.000000
22289.022590 0.000000
19199.918731 0.000000
6744.884584 0.000000
8359.033246 0.000000
10087.645032 0.000000
15294.129325 0.000000
16252.254359 0.000000
18751.863650 0.000000
20249.874117 0.000000
21574.911550 0.000000
18107.069534 0.000000
6973.265218 0.000000
6467.292182 0.000000
6639.857303 0.000000
5532.495400 0.000000
2662.097885 0.000000
1401.693706 0.000000
187.042903 0.000000
1176.710835 0.000000
2420.067479 0.000000
2740.315588 0.000000
3710.116469 0.000000
3961.066424 0.000000
4756.318748 0.000000
5756.338904 0.000000
6122.909545 0.000000
7046.129394 0.000000
6748.937124 0.000000
3711.760263 0.000000
3952.186163 0.000000
3988.385031 0.000000
3413.177166 0.000000
2849.925278 0.000000
3353.834521 0.000000
3642.874863 0.000000
3949.989198 0.000000
3916.888884 0.000000
3849.572382 0.000000
3715.791343 0.000000
2428.874319 0.000000
2087.169472 0.000000
1760.083192 0.000000
1080.146622 0.000000
1238.130629 0.000000
1489.950749 0.000000
1841.601196 0.000000
2121.486965 0.000000
2375.610864 0.000000
2741.962632 0.000000
2941.690178 0.000000
2975.107078 0.000000
2694.261787 0.000000
2808.199977 0.000000
3130.107962 0.000000
2999.148518 0.000000
3287.552344 0.000000
3517.583854 0.000000
3640.056389 0.000000
3832.959506 0.000000
4239.917229 0.000000
4611.749437 0.000000
4509.536856 0.000000
4023.762910 0.000000
3346.207438 0.000000
2596.584312 0.000000
2825.480256 0.000000
2813.795145 0.000000
2835.578566 0.000000
2976.034807 0.000000
2518.459135 0.000000
1752.447690 0.000000
1631.089663 0.000000
1622.443990 0.000000
1423.791284 0.000000
1001.424888 0.000000
843.637392 0.000000
763.331481 0.000000
193.730223 0.000000
258.880392 0.000000
333.135088 0.000000
435.355674 0.000000
485.429181 0.000000
557.633294 0.000000
656.585462 0.000000
727.238373 0.000000
782.411783 0.000000
774.480215 0.000000
737.711713 0.000000
625.349786 0.000000
283.619815 0.000000
0.000000 0.000000
11.244128 0.000000
22.029312 0.000000
42.222848 0.000000
60.580608 0.000000
73.086832 0.000000
88.231984 0.000000
101.541360 0.000000
113.014960 0.000000
272.881734 0.000000
521.385331 0.000000
850.781186 0.000000
970.321918 0.000000
1373.737547 0.000000
1794.265539 0.000000
2152.190314 0.000000
2418.934413 0.000000
2429.641483 0.000000
2034.442158 0.000000
685.921413 0.000000
804.502506 0.000000
1023.800767 0.000000
1158.044498 0.000000
1275.057500 0.000000
1285.654984 0.000000
1057.288778 0.000000
277.784577 0.000000
243.191471 0.000000
368.966154 0.000000
685.472591 0.000000
1057.561894 0.000000
1561.660025 0.000000
1843.751857 0.000000
2198.070411 0.000000
2472.008436 0.000000
2819.614676 0.000000
2931.645465 0.000000
2615.668604 0.000000
1543.484473 0.000000
1464.635389 0.000000
1263.053329 0.000000
1152.283244 0.000000
1044.339818 0.000000
822.216231 0.000000
788.076174 0.000000
792.144128 0.000000
918.109417 0.000000
1018.697818 0.000000
1013.296232 0.000000
905.412017 0.000000
744.366778 0.000000
735.477303 0.000000
874.814563 0.000000
1122.505094 0.000000
1272.636595 0.000000
1334.487151 0.000000
1355.028947 0.000000
1562.064069 0.000000
1601.186607 0.000000
1060.027223 0.000000
230.458619 0.000000
311.111098 0.000000
342.399163 0.000000
514.207049 0.000000
732.374624 0.000000
875.053778 0.000000
988.525664 0.000000
1018.214617 0.000000
832.297584 0.000000
428.019675 0.000000
203.339802 0.000000
54.507382 0.000000
71.130201 0.000000
109.208055 0.000000
123.124834 0.000000
175.892620 0.000000
264.723070 0.000000
338.386490 0.000000
425.719717 0.000000
481.676445 0.000000
484.601899 0.000000
525.590199 0.000000
602.321099 0.000000
749.196556 0.000000
792.401178 0.000000
719.151097 0.000000
443.397512 0.000000
391.269418 0.000000
416.598979 0.000000
424.331097 0.000000
396.349333 0.000000
311.550215 0.000000
362.621842 0.000000
368.158923 0.000000
282.772920 0.000000
311.477691 0.000000
308.692002 0.000000
266.551686 0.000000
226.813807 0.000000
230.212844 0.000000
186.982162 0.000000
100.190362 0.000000
67.643209 0.000000
23.557920 0.000000
29.982807 0.000000
38.281619 0.000000
69.540359 0.000000
74.381626 0.000000
129.314333 0.000000
153.673364 0.000000
195.869966 0.000000
197.726116 0.000000
252.168564 0.000000
281.533694 0.000000
333.850087 0.000000
393.036086 0.000000
456.490868 0.000000
479.129841 0.000000
427.778027 0.000000
382.465660 0.000000
246.542726 0.000000
201.401975 0.000000
190.927412 0.000000
248.912861 0.000000
304.200572 0.000000
381.728780 0.000000
473.404278 0.000000
534.746066 0.000000
637.695110 0.000000
759.900814 0.000000
804.849480 0.000000
759.329574 0.000000
624.404764 0.000000
417.138050 0.000000
306.867951 0.000000
0.000000 0.000000
0.000000 0.000000
0.000000 0.000000
0.000000 0.000000
0.000000 0.000000
0.000000 0.000000
0.000000 0.000000
0.000000 0.000000
0.000000 0.000000
0.000000 0.000000
0.000000 0.000000
0.000000 0.000000
0.000000 0.000000
0.000000 0.000000
0.000000 0.000000
0.000000 0.000000
0.000000 0.000000
0.000000 0.000000
31.010287 0.000000
60.754848 0.000000
116.446792 0.000000
190.491763 0.000000
262.321728 0.000000
343.644627 0.000000
379.084947 0.000000
370.224831 0.000000
268.966719 0.000000
71.196975 0.000000
0.000000 0.000000
0.000000 0.000000
0.000000 0.000000
0.000000 0.000000
0.000000 0.000000
0.000000 0.000000
0.000000 0.000000
0.000000 0.000000
0.000000 0.000000
0.000000 0.000000
0.000000 0.000000
0.000000 0.000000
0.000000 0.000000
0.000000 0.000000
0.000000 0.000000
0.000000 0.000000
0.000000 0.000000
0.000000 0.000000
0.000000 0.000000
0.000000 0.000000
0.000000 0.000000
0.000000 0.000000
0.000000 0.000000
0.000000 0.000000
0.000000 0.000000
0.000000 0.000000
0.000000 0.000000
0.000000 0.000000
0.000000 0.000000
0.000000 0.000000
0.000000 0.000000
0.000000 0.000000
0.000000 0.000000
0.000000 0.000000
0.000000 0.000000
8.162028 0.000000
15.990912 0.000000
51.534466 0.000000
78.419940 0.000000
117.276089 0.000000
170.443096 0.000000
227.377398 0.000000
293.637915 0.000000
358.397507 0.000000
406.108912 0.000000
415.668812 0.000000
373.991854 0.000000
308.738640 0.000000
195.113792 0.000000
13.296723 0.000000
0.000000 0.000000
0.000000 0.000000
0.000000 0.000000
0.000000 0.000000
0.000000 0.000000
0.000000 0.000000
0.000000 0.000000
0.000000 0.000000
0.000000 0.000000
0.000000 0.000000
0.000000 0.000000
0.000000 0.000000
0.000000 0.000000
0.000000 0.000000
0.000000 0.000000
0.000000 0.000000
0.000000 0.000000
0.000000 0.000000
0.000000 0.000000
0.000000 0.000000
0.000000 0.000000
0.000000 0.000000
0.000000 0.000000
0.000000 0.000000
0.000000 0.000000
0.000000 0.000000
0.000000 0.000000
0.000000 0.000000
0.000000 0.000000
0.000000 0.000000
0.000000 0.000000
0.000000 0.000000
0.000000 0.000000
0.000000 0.000000
0.000000 0.000000
0.000000 0.000000
0.000000 0.000000
0.000000 0.000000
0.000000 0.000000
0.000000 0.000000
0.000000 0.000000
0.000000 0.000000
0.000000 0.000000
0.000000 0.000000
0.000000 0.000000
0.000000 0.000000
0.000000 0.000000
0.000000 0.000000
0.000000 0.000000
0.000000 0.000000
0.000000 0.000000
0.000000 0.000000
0.000000 0.000000
0.000000 0.000000
0.000000 0.000000
0.000000 0.000000
0.000000 0.000000
0.000000 0.000000
0.000000 0.000000
0.000000 0.000000
0.000000 0.000000
0.000000 0.000000
0.000000 0.000000
0.000000 0.000000
0.000000 0.000000
0.000000 0.000000
0.000000 0.000000
0.000000 0.000000
0.000000 0.000000
0.000000 0.000000
0.000000 0.000000
0.000000 0.000000
0.000000 0.000000
0.000000 0.000000
0.000000 0.000000
0.000000 0.000000
0.000000 0.000000
0.000000 0.000000
0.000000 0.000000
0.000000 0.000000
0.000000 0.000000
0.000000 0.000000
0.000000 0.000000
0.000000 0.000000
0.000000 0.000000
0.000000 0.000000
0.000000 0.000000
0.000000 0.000000
1.363670 0.000000
2.671680 0.000000
5.120720 0.000000
7.347120 0.000000
8.863855 0.000000
11.104170 0.000000
12.982695 0.000000
15.918760 0.000000
16.698000 0.000000
16.844102 0.000000
13.546237 0.000000
8.662065 0.000000
0.000000 0.000000
0.000000 0.000000
0.000000 0.000000
0.000000 0.000000
0.000000 0.000000
0.000000 0.000000
0.000000 0.000000
0.000000 0.000000
0.000000 0.000000
0.000000 0.000000
0.000000 0.000000
0.000000 0.000000
0.000000 0.000000
0.000000 0.000000
43.154888 0.000000
84.548352 0.000000
124.180392 0.000000
162.051008 0.000000
198.160200 0.000000
265.094312 0.000000
324.982728 0.000000
393.475642 0.000000
485.594286 0.000000
557.445691 0.000000
536.176787 0.000000
420.389922 0.000000
236.852350 0.000000
283.743422 0.000000
316.981363 0.000000
337.346235 0.000000
316.868638 0.000000
260.903293 0.000000
154.463735 0.000000
62.026943 0.000000
0.000000 0.000000
0.000000 0.000000
0.000000 0.000000
0.000000 0.000000
0.000000 0.000000
0.000000 0.000000
0.000000 0.000000
0.000000 0.000000
0.000000 0.000000
0.000000 0.000000
0.000000 0.000000
0.000000 0.000000
0.000000 0.000000
0.000000 0.000000
0.000000 0.000000
0.000000 0.000000
0.000000 0.000000
0.000000 0.000000
0.000000 0.000000
0.000000 0.000000
0.000000 0.000000
0.000000 0.000000
0.000000 0.000000
0.000000 0.000000
0.000000 0.000000
0.000000 0.000000
0.000000 0.000000
0.000000 0.000000
30.125445 0.000000
59.021280 0.000000
113.124120 0.000000
162.308520 0.000000
185.056305 0.000000
226.863045 0.000000
263.751345 0.000000
280.351080 0.000000
354.127680 0.000000
381.793905 0.000000
322.772625 0.000000
30.125445 0.000000
0.000000 0.000000
0.000000 0.000000
0.000000 0.000000
0.000000 0.000000
0.000000 0.000000
0.000000 0.000000
0.000000 0.000000
0.000000 0.000000
0.000000 0.000000
0.000000 0.000000
0.000000 0.000000
24.783465 0.000000
48.555360 0.000000
71.315685 0.000000
123.664452 0.000000
189.795875 0.000000
223.430607 0.000000
255.800847 0.000000
290.320641 0.000000
297.780939 0.000000
269.203934 0.000000
184.864052 0.000000
170.891769 0.000000
120.060477 0.000000
27.122667 0.000000
0.000000 0.000000
0.000000 0.000000
0.000000 0.000000
0.000000 0.000000
0.000000 0.000000
0.000000 0.000000
0.000000 0.000000
0.000000 0.000000
0.000000 0.000000
0.000000 0.000000
0.000000 0.000000
0.000000 0.000000
0.000000 0.000000
0.000000 0.000000
0.000000 0.000000
0.000000 0.000000
0.000000 0.000000
0.000000 0.000000
0.000000 0.000000
0.000000 0.000000
0.000000 0.000000
0.000000 0.000000
0.000000 0.000000
0.000000 0.000000
0.000000 0.000000
0.000000 0.000000
0.000000 0.000000
0.000000 0.000000
0.000000 0.000000
0.000000 0.000000
0.000000 0.000000
0.000000 0.000000
0.000000 0.000000
0.000000 0.000000
0.000000 0.000000
0.000000 0.000000
0.000000 0.000000
0.000000 0.000000
0.000000 0.000000
0.000000 0.000000
0.000000 0.000000
0.000000 0.000000
0.000000 0.000000
0.000000 0.000000
7.929327 0.000000
15.535008 0.000000
29.775432 0.000000
36.410175 0.000000
48.708723 0.000000
64.729200 0.000000
73.791288 0.000000
84.795272 0.000000
92.562784 0.000000
99.521151 0.000000
93.007719 0.000000
73.265207 0.000000
45.310144 0.000000
47.575656 0.000000
50.407551 0.000000
46.645224 0.000000
24.799344 0.000000
5.704296 0.000000
0.000000 0.000000
0.000000 0.000000
0.000000 0.000000
0.000000 0.000000
0.000000 0.000000
0.000000 0.000000
0.000000 0.000000
0.000000 0.000000
0.000000 0.000000
0.000000 0.000000
0.000000 0.000000
0.000000 0.000000
0.000000 0.000000
0.000000 0.000000
0.000000 0.000000
0.000000 0.000000
0.000000 0.000000
0.000000 0.000000
0.000000 0.000000
0.000000 0.000000
0.000000 0.000000
0.000000 0.000000
0.000000 0.000000
0.000000 0.000000
0.000000 0.000000
0.000000 0.000000
0.000000 0.000000
0.000000 0.000000
0.000000 0.000000
0.000000 0.000000
0.000000 0.000000
0.000000 0.000000
0.000000 0.000000
0.000000 0.000000
0.000000 0.000000
0.000000 0.000000
0.000000 0.000000
0.000000 0.000000
0.000000 0.000000
0.000000 0.000000
0.000000 0.000000
0.000000 0.000000
0.000000 0.000000
0.000000 0.000000
0.000000 0.000000
0.000000 0.000000
0.000000 0.000000
0.000000 0.000000
0.000000 0.000000
0.000000 0.000000
0.000000 0.000000
0.000000 0.000000
0.000000 0.000000
0.000000 0.000000
0.000000 0.000000
0.000000 0.000000
0.000000 0.000000
0.000000 0.000000
0.000000 0.000000
0.000000 0.000000
0.000000 0.000000
0.000000 0.000000
0.000000 0.000000
0.000000 0.000000
7.341719 0.000000
17.754951 0.000000
30.640419 0.000000
44.949264 0.000000
55.137776 0.000000
68.173079 0.000000
79.784979 0.000000
90.273164 0.000000
92.895216 0.000000
92.633018 0.000000
89.792547 0.000000
61.270254 0.000000
3.670884 0.000000
0.000000 0.000000
0.000000 0.000000
0.000000 0.000000
0.000000 0.000000
0.000000 0.000000
0.000000 0.000000
0.000000 0.000000
0.000000 0.000000
0.000000 0.000000
0.000000 0.000000
0.000000 0.000000
0.000000 0.000000
0.000000 0.000000
0.000000 0.000000
0.000000 0.000000
0.000000 0.000000
0.000000 0.000000
0.000000 0.000000
0.000000 0.000000
13.537671 0.000000
26.522784 0.000000
38.955339 0.000000
62.162775 0.000000
83.159979 0.000000
106.229260 0.000000
113.965044 0.000000
131.785035 0.000000
147.118491 0.000000
159.620149 0.000000
153.369391 0.000000
107.541765 0.000000
83.402025 0.000000
73.697690 0.000000
46.311435 0.000000
45.793410 0.000000
37.090590 0.000000
11.085735 0.000000
0.000000 0.000000
0.000000 0.000000
0.000000 0.000000
0.000000 0.000000
0.000000 0.000000
0.000000 0.000000
0.000000 0.000000
0.000000 0.000000
0.000000 0.000000
29.302833 0.000000
57.409632 0.000000
84.320397 0.000000
110.035128 0.000000
146.215137 0.000000
238.608753 0.000000
285.254061 0.000000
311.566817 0.000000
344.756768 0.000000
363.594328 0.000000
360.305256 0.000000
286.450253 0.000000
150.999496 0.000000
28.704864 0.000000
0.000000 0.000000
0.000000 0.000000
0.000000 0.000000
0.000000 0.000000
0.000000 0.000000
0.000000 0.000000
0.000000 0.000000
0.000000 0.000000
0.000000 0.000000
0.000000 0.000000
0.000000 0.000000
0.000000 0.000000
0.000000 0.000000
0.000000 0.000000
0.000000 0.000000
0.000000 0.000000
0.000000 0.000000
0.000000 0.000000
0.000000 0.000000
0.000000 0.000000
0.000000 0.000000
0.000000 0.000000
0.000000 0.000000
0.000000 0.000000
0.000000 0.000000
0.000000 0.000000
0.000000 0.000000
0.000000 0.000000
0.000000 0.000000
0.000000 0.000000
0.000000 0.000000
0.000000 0.000000
0.000000 0.000000
0.000000 0.000000
0.000000 0.000000
0.000000 0.000000
0.000000 0.000000
0.000000 0.000000
0.000000 0.000000
0.000000 0.000000
0.000000 0.000000
0.000000 0.000000
0.000000 0.000000
0.000000 0.000000
0.000000 0.000000
0.000000 0.000000
0.000000 0.000000
0.000000 0.000000
0.000000 0.000000
0.000000 0.000000
0.000000 0.000000
0.000000 0.000000
0.000000 0.000000
0.000000 0.000000
0.000000 0.000000
0.000000 0.000000
0.000000 0.000000
0.000000 0.000000
0.000000 0.000000
0.000000 0.000000
0.000000 0.000000
0.000000 0.000000
0.000000 0.000000
0.000000 0.000000
0.000000 0.000000
0.000000 0.000000
0.000000 0.000000
0.000000 0.000000
0.000000 0.000000
0.000000 0.000000
0.000000 0.000000
0.000000 0.000000
0.000000 0.000000
0.000000 0.000000
0.000000 0.000000
0.000000 0.000000
0.000000 0.000000
0.000000 0.000000
0.000000 0.000000
0.000000 0.000000
0.000000 0.000000
12.311544 0.000000
24.120576 0.000000
35.427096 0.000000
56.532600 0.000000
66.331584 0.000000
100.502400 0.000000
120.854136 0.000000
131.909400 0.000000
150.753600 0.000000
156.029976 0.000000
147.989784 0.000000
104.145612 0.000000
23.869320 0.000000
17.713548 0.000000
23.115552 0.000000
35.489910 0.000000
40.012518 0.000000
57.160740 0.000000
65.829072 0.000000
76.193382 0.000000
76.193382 0.000000
69.911982 0.000000
32.977350 0.000000
11.557776 0.000000
0.000000 0.000000
0.000000 0.000000
0.000000 0.000000
0.000000 0.000000
0.000000 0.000000
0.000000 0.000000
0.000000 0.000000
0.000000 0.000000
0.000000 0.000000
0.000000 0.000000
0.000000 0.000000
0.000000 0.000000
0.000000 0.000000
0.000000 0.000000
0.000000 0.000000
0.000000 0.000000
0.000000 0.000000
0.000000 0.000000
0.000000 0.000000
0.000000 0.000000
0.000000 0.000000
0.000000 0.000000
0.000000 0.000000
0.000000 0.000000
0.000000 0.000000
0.000000 0.000000
0.000000 0.000000
0.000000 0.000000
0.000000 0.000000
0.000000 0.000000
0.000000 0.000000
0.000000 0.000000
0.000000 0.000000
4.190627 0.000000
8.210208 0.000000
13.897466 0.000000
14.774046 0.000000
19.948172 0.000000
25.357466 0.000000
36.646473 0.000000
45.091908 0.000000
47.850069 0.000000
48.609217 0.000000
40.377876 0.000000
24.855421 0.000000
6.467775 0.000000
0.000000 0.000000
0.000000 0.000000
0.000000 0.000000
0.000000 0.000000
0.000000 0.000000
0.000000 0.000000
0.000000 0.000000
3.079356 0.000000
3.079356 0.000000
3.079356 0.000000
6.033024 0.000000
8.861004 0.000000
11.563296 0.000000
14.139900 0.000000
18.916044 0.000000
23.189436 0.000000
30.227964 0.000000
35.192640 0.000000
38.774748 0.000000
37.612134 0.000000
31.343445 0.000000
18.334737 0.000000
0.769839 0.000000
0.000000 0.000000
0.000000 0.000000
0.000000 0.000000
0.000000 0.000000
0.000000 0.000000
0.000000 0.000000
0.000000 0.000000
0.000000 0.000000
0.000000 0.000000
0.000000 0.000000
0.000000 0.000000
0.000000 0.000000
0.000000 0.000000
0.000000 0.000000
0.000000 0.000000
0.000000 0.000000
0.000000 0.000000
0.000000 0.000000
0.000000 0.000000
0.000000 0.000000
0.000000 0.000000
0.000000 0.000000
0.000000 0.000000
0.000000 0.000000
0.000000 0.000000
0.000000 0.000000
0.000000 0.000000
0.000000 0.000000
0.000000 0.000000
0.000000 0.000000
0.000000 0.000000
0.000000 0.000000
0.000000 0.000000
0.000000 0.000000
0.000000 0.000000
0.000000 0.000000
0.000000 0.000000
0.000000 0.000000
0.000000 0.000000
0.000000 0.000000
0.000000 0.000000
0.000000 0.000000
0.000000 0.000000
0.000000 0.000000
0.000000 0.000000
0.000000 0.000000
0.000000 0.000000
0.000000 0.000000
0.000000 0.000000
0.000000 0.000000
0.000000 0.000000
0.000000 0.000000
0.000000 0.000000
0.000000 0.000000
0.000000 0.000000
0.000000 0.000000
0.000000 0.000000
0.000000 0.000000
0.000000 0.000000
0.000000 0.000000
0.000000 0.000000
0.000000 0.000000
0.000000 0.000000
0.000000 0.000000
0.000000 0.000000
0.000000 0.000000
0.000000 0.000000
0.000000 0.000000
0.000000 0.000000
0.000000 0.000000
0.000000 0.000000
0.000000 0.000000
1.898701 0.000000
4.591779 0.000000
6.296734 0.000000
9.396691 0.000000
12.864736 0.000000
17.921475 0.000000
20.943894 0.000000
23.191299 0.000000
22.261251 0.000000
12.009246 0.000000
6.842370 0.000000
0.000000 0.000000
0.000000 0.000000
0.000000 0.000000
0.000000 0.000000
