183505.027098 0.000000
160638.804766 0.000000
140060.680674 0.000000
120177.281572 0.000000
105055.491564 0.000000
118045.825371 0.000000
107781.702892 0.000000
96171.399560 0.000000
77252.913543 0.000000
82250.170874 0.000000
77319.945812 0.000000
68993.410275 0.000000
65006.659228 0.000000
54258.877466 0.000000
51213.241044 0.000000
43320.783063 0.000000
47348.529827 0.000000
47401.765448 0.000000
40833.881979 0.000000
36875.752383 0.000000
28965.502796 0.000000
29433.963875 0.000000
31973.134509 0.000000
32124.706512 0.000000
30822.694932 0.000000
25101.282449 0.000000
23465.930868 0.000000
13663.031410 0.000000
15144.565060 0.000000
21692.011368 0.000000
23226.623946 0.000000
29524.869284 0.000000
31023.048908 0.000000
27258.339187 0.000000
17245.709889 0.000000
5783.082795 0.000000
1567.366183 0.000000
2350.538893 0.000000
3094.334594 0.000000
3358.202190 0.000000
3562.421031 0.000000
4674.495843 0.000000
7377.429920 0.000000
10150.715672 0.000000
13039.700787 0.000000
15006.894802 0.000000
16713.451316 0.000000
16701.838929 0.000000
15914.908971 0.000000
19798.438773 0.000000
23959.009355 0.000000
20465.351710 0.000000
12979.471874 0.000000
11878.133044 0.000000
13539.408986 0.000000
13868.217009 0.000000
11295.097919 0.000000
8021.132926 0.000000
441.354133 0.000000
860.074720 0.000000
1256.161762 0.000000
2308.621616 0.000000
3027.236685 0.000000
3768.084481 0.000000
4330.188240 0.000000
4467.378113 0.000000
4834.922076 0.000000
6373.708508 0.000000
6780.037190 0.000000
7512.206868 0.000000
9048.978397 0.000000
10289.670237 0.000000
10716.845963 0.000000
11536.371636 0.000000
13854.002712 0.000000
14478.541280 0.000000
14064.136228 0.000000
13855.429370 0.000000
7292.776220 0.000000
6716.717321 0.000000
8160.074807 0.000000
7686.263779 0.000000
6435.280771 0.000000
7073.445483 0.000000
7132.359825 0.000000
6479.033869 0.000000
4979.905975 0.000000
1834.266481 0.000000
2495.074491 0.000000
4308.121773 0.000000
4876.736103 0.000000
4289.154589 0.000000
3774.983206 0.000000
4224.318580 0.000000
4607.348387 0.000000
4585.518613 0.000000
4344.478595 0.000000
2778.699527 0.000000
3155.515766 0.000000
3179.352652 0.000000
2510.129665 0.000000
1183.483722 0.000000
237.152660 0.000000
304.731782 0.000000
387.328486 0.000000
484.942773 0.000000
492.451564 0.000000
447.398816 0.000000
334.766946 0.000000
71.959249 0.000000
195.690729 0.000000
381.346036 0.000000
639.758136 0.000000
717.532641 0.000000
790.289436 0.000000
1003.542144 0.000000
1243.137812 0.000000
1422.520988 0.000000
1667.134413 0.000000
1813.902497 0.000000
1715.733892 0.000000
1394.689368 0.000000
951.357901 0.000000
553.386787 0.000000
589.731320 0.000000
592.986438 0.000000
551.845120 0.000000
293.899412 0.000000
279.427100 0.000000
288.009449 0.000000
241.504726 0.000000
168.454413 0.000000
121.051614 0.000000
640.626492 0.000000
1234.008198 0.000000
2338.120796 0.000000
3079.407887 0.000000
4539.558149 0.000000
5953.054565 0.000000
6711.149363 0.000000
6871.894781 0.000000
5047.996164 0.000000
1114.384348 0.000000
0.000000 0.000000
0.000000 0.000000
0.000000 0.000000
0.000000 0.000000
0.000000 0.000000
0.000000 0.000000
0.000000 0.000000
0.000000 0.000000
0.000000 0.000000
0.000000 0.000000
49.250916 0.000000
49.250916 0.000000
95.976144 0.000000
140.175684 0.000000
238.663588 0.000000
292.397686 0.000000
379.766205 0.000000
459.906557 0.000000
584.542783 0.000000
744.783130 0.000000
825.088147 0.000000
914.348421 0.000000
892.921107 0.000000
917.888375 0.000000
929.508316 0.000000
635.861899 0.000000
168.286844 0.000000
98.558464 0.000000
135.132894 0.000000
153.612606 0.000000
126.085535 0.000000
28.874550 0.000000
21.367167 0.000000
27.719568 0.000000
33.686975 0.000000
44.466807 0.000000
55.727892 0.000000
61.214064 0.000000
66.796487 0.000000
74.592600 0.000000
70.838864 0.000000
49.230996 0.000000
39.509843 0.000000
39.509843 0.000000
39.159056 0.000000
37.673043 0.000000
28.220269 0.000000
34.336533 0.000000
44.592900 0.000000
66.707013 0.000000
88.124745 0.000000
97.556795 0.000000
105.898517 0.000000
54.644726 0.000000
0.000000 0.000000
0.000000 0.000000
0.000000 0.000000
0.000000 0.000000
0.000000 0.000000
0.000000 0.000000
0.000000 0.000000
0.000000 0.000000
0.000000 0.000000
0.000000 0.000000
0.000000 0.000000
577.284468 0.000000
1124.964604 0.000000
2131.511881 0.000000
3019.641832 0.000000
5094.880757 0.000000
6276.523769 0.000000
7644.771485 0.000000
9187.639845 0.000000
10236.326793 0.000000
9996.848964 0.000000
9010.948559 0.000000
10225.614336 0.000000
11013.527844 0.000000
10746.636118 0.000000
8147.178453 0.000000
5521.099214 0.000000
3811.654788 0.000000
4413.486088 0.000000
5061.385951 0.000000
5531.270627 0.000000
5029.060656 0.000000
4200.824468 0.000000
1303.127206 0.000000
1475.599924 0.000000
1635.296886 0.000000
1782.218091 0.000000
2037.733229 0.000000
2360.321093 0.000000
2550.615700 0.000000
2502.909521 0.000000
1982.805100 0.000000
744.138113 0.000000
917.158189 0.000000
1238.055353 0.000000
1419.540437 0.000000
1519.148023 0.000000
1506.028069 0.000000
1387.513639 0.000000
1284.324705 0.000000
1258.302547 0.000000
1493.011831 0.000000
1597.327066 0.000000
1716.854945 0.000000
1615.799563 0.000000
966.002583 0.000000
638.555214 0.000000
557.087699 0.000000
794.067087 0.000000
794.067087 0.000000
1227.275006 0.000000
1459.304774 0.000000
2034.272583 0.000000
2537.283565 0.000000
2835.350616 0.000000
2867.816830 0.000000
2453.155020 0.000000
947.457481 0.000000
1112.158881 0.000000
1188.566748 0.000000
1290.443899 0.000000
1315.913182 0.000000
1286.198979 0.000000
917.743228 0.000000
506.838676 0.000000
509.385577 0.000000
556.079261 0.000000
603.621923 0.000000
665.597160 0.000000
611.262676 0.000000
331.100565 0.000000
217.337755 0.000000
270.823218 0.000000
328.978044 0.000000
337.467805 0.000000
305.631240 0.000000
201.631764 0.000000
86.595605 0.000000
98.056788 0.000000
140.721337 0.000000
160.865328 0.000000
300.055590 0.000000
403.200870 0.000000
489.507070 0.000000
690.235944 0.000000
759.236731 0.000000
929.836576 0.000000
1124.994406 0.000000
1223.149604 0.000000
1290.006510 0.000000
1253.678304 0.000000
1159.101058 0.000000
815.200327 0.000000
623.164363 0.000000
667.023711 0.000000
863.955136 0.000000
1076.562930 0.000000
1092.365168 0.000000
1011.737878 0.000000
794.012929 0.000000
401.916710 0.000000
483.025964 0.000000
590.583093 0.000000
644.713846 0.000000
656.708468 0.000000
634.588700 0.000000
547.289551 0.000000
109.880806 0.000000
56.263233 0.000000
109.641172 0.000000
207.741168 0.000000
313.775736 0.000000
414.761044 0.000000
513.221690 0.000000
557.583068 0.000000
555.779742 0.000000
483.647358 0.000000
331.087416 0.000000
241.643261 0.000000
217.659181 0.000000
168.969772 0.000000
118.953023 0.000000
62.789403 0.000000
58.476180 0.000000
76.752061 0.000000
98.974605 0.000000
109.411390 0.000000
130.256668 0.000000
190.195484 0.000000
228.494520 0.000000
231.387377 0.000000
230.787389 0.000000
282.552733 0.000000
348.654184 0.000000
378.652281 0.000000
388.759930 0.000000
305.670138 0.000000
197.786129 0.000000
9.137778 0.000000
9.137778 0.000000
9.137778 0.000000
17.806952 0.000000
29.873505 0.000000
37.371169 0.000000
59.747010 0.000000
76.265301 0.000000
84.348720 0.000000
92.197837 0.000000
78.491170 0.000000
23.898804 0.000000
0.000000 0.000000
0.000000 0.000000
0.000000 0.000000
0.000000 0.000000
0.000000 0.000000
0.000000 0.000000
0.000000 0.000000
0.000000 0.000000
0.000000 0.000000
0.000000 0.000000
0.000000 0.000000
0.000000 0.000000
0.000000 0.000000
0.000000 0.000000
0.000000 0.000000
0.000000 0.000000
0.000000 0.000000
0.000000 0.000000
0.000000 0.000000
0.000000 0.000000
0.000000 0.000000
0.000000 0.000000
0.000000 0.000000
27.957267 0.000000
54.480828 0.000000
124.258248 0.000000
169.102872 0.000000
225.617013 0.000000
294.822048 0.000000
328.279647 0.000000
423.716068 0.000000
412.137342 0.000000
415.040670 0.000000
160.914851 0.000000
51.613344 0.000000
62.724550 0.000000
87.276731 0.000000
151.512614 0.000000
189.664426 0.000000
217.409714 0.000000
233.032368 0.000000
266.391378 0.000000
351.226524 0.000000
419.776124 0.000000
438.742704 0.000000
463.729538 0.000000
454.458710 0.000000
501.133240 0.000000
433.028524 0.000000
232.260152 0.000000
0.000000 0.000000
0.000000 0.000000
0.000000 0.000000
0.000000 0.000000
0.000000 0.000000
0.000000 0.000000
0.000000 0.000000
0.000000 0.000000
0.000000 0.000000
0.000000 0.000000
0.000000 0.000000
0.000000 0.000000
0.000000 0.000000
0.000000 0.000000
0.000000 0.000000
0.000000 0.000000
0.000000 0.000000
0.000000 0.000000
0.000000 0.000000
0.000000 0.000000
0.000000 0.000000
0.000000 0.000000
0.000000 0.000000
0.000000 0.000000
0.000000 0.000000
0.000000 0.000000
0.000000 0.000000
0.000000 0.000000
0.000000 0.000000
0.000000 0.000000
0.000000 0.000000
0.000000 0.000000
0.000000 0.000000
0.000000 0.000000
0.000000 0.000000
0.000000 0.000000
0.000000 0.000000
0.000000 0.000000
0.000000 0.000000
0.000000 0.000000
0.000000 0.000000
0.000000 0.000000
0.000000 0.000000
0.000000 0.000000
0.000000 0.000000
0.000000 0.000000
0.000000 0.000000
0.000000 0.000000
0.000000 0.000000
0.000000 0.000000
0.000000 0.000000
0.000000 0.000000
0.000000 0.000000
0.000000 0.000000
24.639771 0.000000
24.639771 0.000000
48.015964 0.000000
70.128579 0.000000
90.977616 0.000000
128.884956 0.000000
161.737984 0.000000
189.536700 0.000000
221.757939 0.000000
248.608969 0.000000
249.556659 0.000000
203.120206 0.000000
88.134705 0.000000
110.563264 0.000000
122.014455 0.000000
124.936472 0.000000
117.828812 0.000000
78.499820 0.000000
17.374204 0.000000
8.766114 0.000000
11.372256 0.000000
13.820450 0.000000
16.110696 0.000000
20.217344 0.000000
22.862973 0.000000
26.456290 0.000000
30.444477 0.000000
31.194730 0.000000
30.562938 0.000000
21.283493 0.000000
13.859937 0.000000
15.163008 0.000000
15.696081 0.000000
13.228129 0.000000
39.563727 0.000000
75.016449 0.000000
109.695952 0.000000
141.764917 0.000000
225.983226 0.000000
250.597733 0.000000
272.521614 0.000000
338.889806 0.000000
380.774606 0.000000
375.884623 0.000000
360.480430 0.000000
267.904144 0.000000
676.010793 0.000000
1111.454526 0.000000
1623.308584 0.000000
1623.308584 0.000000
2105.913838 0.000000
3561.041811 0.000000
4526.252318 0.000000
5469.526225 0.000000
5776.638656 0.000000
5354.796387 0.000000
3269.020936 0.000000
2617.835916 0.000000
2742.144714 0.000000
3060.225111 0.000000
3552.546208 0.000000
3462.952508 0.000000
3039.240756 0.000000
1124.958795 0.000000
617.711561 0.000000
698.542964 0.000000
781.370193 0.000000
773.386825 0.000000
443.075736 0.000000
230.519058 0.000000
278.419122 0.000000
299.375400 0.000000
349.271300 0.000000
384.697389 0.000000
394.676569 0.000000
308.606153 0.000000
185.862245 0.000000
148.939281 0.000000
204.860638 0.000000
234.574322 0.000000
252.188860 0.000000
260.255567 0.000000
244.457827 0.000000
150.829029 0.000000
38.232810 0.000000
25.322220 0.000000
28.315980 0.000000
34.615350 0.000000
40.852350 0.000000
42.224490 0.000000
39.885615 0.000000
24.137190 0.000000
18.929295 0.000000
8.809750 0.000000
8.965656 0.000000
10.353388 0.000000
11.694351 0.000000
11.975040 0.000000
11.515083 0.000000
9.410171 0.000000
6.221607 0.000000
30.077844 0.000000
51.676945 0.000000
95.818272 0.000000
117.477855 0.000000
137.754012 0.000000
188.117127 0.000000
255.098855 0.000000
270.454668 0.000000
269.485623 0.000000
239.497623 0.000000
147.200807 0.000000
12.122880 0.000000
1.407120 0.000000
0.000000 0.000000
0.000000 0.000000
20.317908 0.000000
39.593872 0.000000
57.827892 0.000000
82.511622 0.000000
105.396769 0.000000
120.167152 0.000000
179.691556 0.000000
208.530497 0.000000
225.415729 0.000000
234.344631 0.000000
237.358612 0.000000
219.847805 0.000000
222.348730 0.000000
192.028464 0.000000
115.385550 0.000000
81.275249 0.000000
98.260231 0.000000
107.524770 0.000000
109.911096 0.000000
105.980688 0.000000
75.800778 0.000000
26.600504 0.000000
0.000000 0.000000
0.000000 0.000000
0.000000 0.000000
0.000000 0.000000
0.000000 0.000000
0.000000 0.000000
0.000000 0.000000
0.000000 0.000000
0.000000 0.000000
0.000000 0.000000
0.000000 0.000000
0.000000 0.000000
0.000000 0.000000
0.000000 0.000000
0.000000 0.000000
0.000000 0.000000
0.000000 0.000000
0.000000 0.000000
0.000000 0.000000
0.000000 0.000000
0.000000 0.000000
0.000000 0.000000
0.000000 0.000000
0.000000 0.000000
0.000000 0.000000
0.000000 0.000000
0.000000 0.000000
0.000000 0.000000
0.000000 0.000000
0.000000 0.000000
0.000000 0.000000
0.000000 0.000000
0.000000 0.000000
0.000000 0.000000
0.000000 0.000000
0.000000 0.000000
0.000000 0.000000
0.000000 0.000000
0.000000 0.000000
0.000000 0.000000
0.000000 0.000000
0.000000 0.000000
0.000000 0.000000
0.000000 0.000000
0.000000 0.000000
0.000000 0.000000
0.000000 0.000000
0.000000 0.000000
36.342864 0.000000
66.115802 0.000000
94.273062 0.000000
120.814643 0.000000
149.855205 0.000000
194.625769 0.000000
249.664029 0.000000
267.936723 0.000000
311.770445 0.000000
330.209843 0.000000
317.260689 0.000000
171.296220 0.000000
71.173004 0.000000
163.298665 0.000000
192.633725 0.000000
318.620267 0.000000
398.584892 0.000000
452.745536 0.000000
499.906516 0.000000
517.389347 0.000000
508.379298 0.000000
402.900967 0.000000
289.011357 0.000000
149.756364 0.000000
119.486400 0.000000
133.824768 0.000000
155.730608 0.000000
149.358000 0.000000
130.439320 0.000000
75.475576 0.000000
0.000000 0.000000
0.000000 0.000000
0.000000 0.000000
0.000000 0.000000
0.000000 0.000000
0.000000 0.000000
0.000000 0.000000
0.000000 0.000000
0.000000 0.000000
0.000000 0.000000
0.000000 0.000000
0.000000 0.000000
0.000000 0.000000
0.000000 0.000000
0.000000 0.000000
0.000000 0.000000
0.000000 0.000000
0.000000 0.000000
0.000000 0.000000
103.628421 0.000000
201.942564 0.000000
294.942429 0.000000
464.999325 0.000000
577.927746 0.000000
611.141996 0.000000
691.520454 0.000000
827.034546 0.000000
969.191479 0.000000
1029.052204 0.000000
710.658446 0.000000
560.656156 0.000000
580.584691 0.000000
583.906131 0.000000
423.149314 0.000000
99.642711 0.000000
0.000000 0.000000
0.000000 0.000000
0.000000 0.000000
0.000000 0.000000
0.000000 0.000000
0.000000 0.000000
0.000000 0.000000
0.000000 0.000000
0.000000 0.000000
0.000000 0.000000
0.000000 0.000000
0.000000 0.000000
0.000000 0.000000
0.000000 0.000000
0.000000 0.000000
0.000000 0.000000
0.000000 0.000000
0.000000 0.000000
0.000000 0.000000
0.000000 0.000000
0.000000 0.000000
0.000000 0.000000
225.744005 0.000000
439.911395 0.000000
833.516328 0.000000
1337.099109 0.000000
1791.481267 0.000000
1939.083113 0.000000
2199.556965 0.000000
2231.392676 0.000000
2109.496667 0.000000
1658.927995 0.000000
1422.754133 0.000000
1963.519530 0.000000
2299.287120 0.000000
2633.048174 0.000000
2707.337740 0.000000
2616.343207 0.000000
2510.725486 0.000000
1267.055564 0.000000
421.587597 0.000000
41.469400 0.000000
60.567150 0.000000
78.573600 0.000000
111.312600 0.000000
139.686400 0.000000
152.236350 0.000000
191.523150 0.000000
216.895875 0.000000
208.983950 0.000000
161.512400 0.000000
63.022575 0.000000
79.319624 0.000000
99.605527 0.000000
120.124202 0.000000
141.464229 0.000000
135.968456 0.000000
117.537798 0.000000
121.056401 0.000000
134.502588 0.000000
146.401264 0.000000
155.986991 0.000000
140.958072 0.000000
94.309286 0.000000
40.138879 0.000000
0.000000 0.000000
0.000000 0.000000
0.000000 0.000000
0.000000 0.000000
0.000000 0.000000
0.000000 0.000000
0.000000 0.000000
0.000000 0.000000
0.000000 0.000000
0.000000 0.000000
0.000000 0.000000
0.000000 0.000000
0.000000 0.000000
0.000000 0.000000
0.000000 0.000000
24.447345 0.000000
55.756417 0.000000
77.515599 0.000000
98.021071 0.000000
135.270886 0.000000
167.505860 0.000000
206.455496 0.000000
234.121743 0.000000
250.584843 0.000000
256.314384 0.000000
214.041475 0.000000
168.465035 0.000000
12.223692 0.000000
0.000000 0.000000
302.488471 0.000000
589.464712 0.000000
860.928724 0.000000
1469.783705 0.000000
1574.491236 0.000000
1873.101638 0.000000
2198.858434 0.000000
2679.737549 0.000000
2850.372107 0.000000
2553.700830 0.000000
1694.711306 0.000000
1710.223536 0.000000
1136.270976 0.000000
277.281130 0.000000
0.000000 0.000000
0.000000 0.000000
0.000000 0.000000
0.000000 0.000000
0.000000 0.000000
1.917747 0.000000
1.917747 0.000000
3.737148 0.000000
7.080912 0.000000
10.695141 0.000000
13.153789 0.000000
16.104166 0.000000
16.890933 0.000000
17.849811 0.000000
19.251237 0.000000
18.956181 0.000000
13.829856 0.000000
1.868536 0.000000
0.000000 0.000000
0.000000 0.000000
0.000000 0.000000
0.000000 0.000000
0.000000 0.000000
0.000000 0.000000
0.000000 0.000000
650.373247 0.000000
650.373247 0.000000
1267.394020 0.000000
1851.062318 0.000000
2401.378143 0.000000
3401.952369 0.000000
4460.893435 0.000000
5303.043414 0.000000
6228.574577 0.000000
6462.041881 0.000000
4410.864613 0.000000
2847.467342 0.000000
3051.751237 0.000000
3168.484891 0.000000
2826.622047 0.000000
1600.918682 0.000000
1680.070557 0.000000
1594.002958 0.000000
1121.577885 0.000000
608.756808 0.000000
862.405478 0.000000
1082.234325 0.000000
1420.432552 0.000000
1674.081222 0.000000
1431.959299 0.000000
1153.181474 0.000000
375.112562 0.000000
502.472879 0.000000
687.282061 0.000000
812.875809 0.000000
998.119997 0.000000
1132.147304 0.000000
1122.153132 0.000000
615.260704 0.000000
52.143039 0.000000
0.000000 0.000000
0.000000 0.000000
0.000000 0.000000
0.000000 0.000000
0.000000 0.000000
0.000000 0.000000
0.000000 0.000000
0.000000 0.000000
0.000000 0.000000
0.000000 0.000000
0.000000 0.000000
0.000000 0.000000
0.000000 0.000000
0.000000 0.000000
0.000000 0.000000
0.000000 0.000000
0.000000 0.000000
0.000000 0.000000
0.000000 0.000000
0.000000 0.000000
0.000000 0.000000
0.000000 0.000000
0.000000 0.000000
0.000000 0.000000
0.000000 0.000000
0.000000 0.000000
0.000000 0.000000
0.000000 0.000000
0.000000 0.000000
0.000000 0.000000
0.000000 0.000000
0.000000 0.000000
0.000000 0.000000
31.661604 0.000000
61.699536 0.000000
61.699536 0.000000
90.113796 0.000000
116.904384 0.000000
142.071300 0.000000
187.534116 0.000000
226.502244 0.000000
258.975684 0.000000
295.508304 0.000000
311.745024 0.000000
324.734400 0.000000
306.468090 0.000000
233.402850 0.000000
134.764776 0.000000
7.915401 0.000000
15.424884 0.000000
25.877256 0.000000
41.200649 0.000000
83.120591 0.000000
137.287802 0.000000
208.178611 0.000000
242.236659 0.000000
272.102327 0.000000
312.131999 0.000000
334.455268 0.000000
413.675131 0.000000
429.045345 0.000000
419.714073 0.000000
420.418236 0.000000
320.849323 0.000000
336.490745 0.000000
454.317393 0.000000
592.297521 0.000000
690.715730 0.000000
695.269924 0.000000
652.978038 0.000000
395.320166 0.000000
285.178668 0.000000
314.777528 0.000000
333.587417 0.000000
279.512096 0.000000
149.042664 0.000000
173.267374 0.000000
45.978717 0.000000
34.495125 0.000000
40.211460 0.000000
47.997490 0.000000
58.937365 0.000000
73.129645 0.000000
103.630029 0.000000
123.422902 0.000000
139.475074 0.000000
146.368112 0.000000
158.315066 0.000000
185.066871 0.000000
231.602031 0.000000
258.868548 0.000000
280.033449 0.000000
295.096734 0.000000
306.251132 0.000000
299.768007 0.000000
243.477954 0.000000
164.928257 0.000000
55.074335 0.000000
66.946299 0.000000
106.859254 0.000000
148.665599 0.000000
168.329762 0.000000
192.671481 0.000000
211.247514 0.000000
225.136905 0.000000
217.220248 0.000000
217.729799 0.000000
261.685347 0.000000
272.334505 0.000000
259.842027 0.000000
190.751552 0.000000
122.361681 0.000000
0.000000 0.000000
0.000000 0.000000
0.000000 0.000000
0.000000 0.000000
0.000000 0.000000
0.000000 0.000000
0.000000 0.000000
0.000000 0.000000
