31397377.166218 0.000000
31502237.717416 0.000000
31245845.710612 0.000000
31083791.837498 0.000000
31020792.123973 0.000000
30880463.652015 0.000000
30653487.659050 0.000000
30549388.694687 0.000000
30727750.307288 0.000000
30700582.954305 0.000000
30328911.168557 0.000000
29731004.477709 0.000000
29486394.860311 0.000000
28830802.777850 0.000000
27822805.952631 0.000000
27133907.884526 0.000000
26632028.137412 0.000000
24788834.846121 0.000000
24466701.258286 0.000000
24019379.386485 0.000000
22279780.369518 0.000000
21503694.123480 0.000000
22052495.324876 0.000000
19879163.868349 0.000000
15472997.704264 0.000000
12454582.927644 0.000000
10658312.952494 0.000000
12949797.085715 0.000000
14784233.835891 0.000000
16301710.933862 0.000000
16999636.282794 0.000000
15620025.797918 0.000000
11756219.061401 0.000000
13338871.937260 0.000000
14553727.651785 0.000000
15153786.415771 0.000000
14905236.989362 0.000000
12344011.010467 0.000000
13262951.220882 0.000000
14479364.120730 0.000000
15046133.710865 0.000000
14817366.972848 0.000000
12044111.931618 0.000000
4771382.105382 0.000000
20936.859332 0.000000
812.417772 0.000000
1062.087838 0.000000
1550.194470 0.000000
1875.409516 0.000000
2126.973543 0.000000
2577.801070 0.000000
3277.250956 0.000000
3634.791394 0.000000
4444.629926 0.000000
5110.731882 0.000000
6187.951763 0.000000
7261.293834 0.000000
8165.568602 0.000000
8842.128483 0.000000
9241.939355 0.000000
8455.851713 0.000000
5320.618117 0.000000
3496.839461 0.000000
1248.668372 0.000000
1472.374036 0.000000
1637.880904 0.000000
1876.408930 0.000000
2023.981817 0.000000
2013.202015 0.000000
1676.106936 0.000000
917.413592 0.000000
859.581671 0.000000
957.900396 0.000000
1049.149117 0.000000
1058.596654 0.000000
962.897843 0.000000
480.651243 0.000000
624.662882 0.000000
822.143094 0.000000
1033.712843 0.000000
1171.439628 0.000000
1419.222778 0.000000
1529.855091 0.000000
1790.236369 0.000000
2033.296891 0.000000
2297.419652 0.000000
2649.516661 0.000000
3419.833066 0.000000
4208.466789 0.000000
4697.774969 0.000000
5373.064185 0.000000
6023.820185 0.000000
6786.170969 0.000000
7147.412454 0.000000
6180.817998 0.000000
4734.974822 0.000000
2958.125961 0.000000
63.733639 0.000000
0.000000 0.000000
0.000000 0.000000
0.000000 0.000000
38.294757 0.000000
76.436028 0.000000
133.341209 0.000000
227.389997 0.000000
283.297512 0.000000
357.431244 0.000000
394.267881 0.000000
503.856876 0.000000
683.435481 0.000000
859.176936 0.000000
1081.770208 0.000000
1459.768017 0.000000
1860.981529 0.000000
2138.905749 0.000000
2701.658181 0.000000
3259.490471 0.000000
3667.681973 0.000000
4261.493304 0.000000
4661.856186 0.000000
4779.280211 0.000000
4504.804660 0.000000
3640.400760 0.000000
2627.837486 0.000000
1811.190903 0.000000
1258.620580 0.000000
1792.604897 0.000000
2177.699571 0.000000
2474.621084 0.000000
3126.852812 0.000000
3659.938625 0.000000
4183.216921 0.000000
4973.277438 0.000000
5636.853981 0.000000
6182.878998 0.000000
6347.211484 0.000000
5845.611555 0.000000
3786.162912 0.000000
2855.018800 0.000000
3253.536762 0.000000
3823.239469 0.000000
4639.765271 0.000000
5412.002986 0.000000
5925.892584 0.000000
6316.729579 0.000000
6194.093933 0.000000
5182.371974 0.000000
2961.810763 0.000000
373.298795 0.000000
483.819273 0.000000
550.713792 0.000000
762.106829 0.000000
878.429275 0.000000
1185.715670 0.000000
1487.851814 0.000000
2034.138210 0.000000
2658.551844 0.000000
3040.463905 0.000000
3396.997456 0.000000
4168.249527 0.000000
4890.034096 0.000000
5545.237477 0.000000
6155.297567 0.000000
6379.761985 0.000000
5940.908836 0.000000
3715.608507 0.000000
0.000000 0.000000
0.000000 0.000000
0.000000 0.000000
0.000000 0.000000
0.000000 0.000000
0.000000 0.000000
0.000000 0.000000
0.000000 0.000000
0.000000 0.000000
0.000000 0.000000
0.000000 0.000000
0.000000 0.000000
0.000000 0.000000
0.000000 0.000000
0.000000 0.000000
0.000000 0.000000
0.000000 0.000000
0.000000 0.000000
0.000000 0.000000
0.000000 0.000000
0.000000 0.000000
0.000000 0.000000
0.000000 0.000000
0.000000 0.000000
0.000000 0.000000
0.000000 0.000000
0.000000 0.000000
0.000000 0.000000
0.000000 0.000000
0.000000 0.000000
0.000000 0.000000
0.000000 0.000000
0.000000 0.000000
0.000000 0.000000
61.826100 0.000000
123.404400 0.000000
184.734900 0.000000
306.652500 0.000000
367.239600 0.000000
427.578900 0.000000
577.312050 0.000000
842.891700 0.000000
1017.219000 0.000000
1132.198200 0.000000
1302.808500 0.000000
1582.203000 0.000000
2095.334850 0.000000
2686.152000 0.000000
3183.331725 0.000000
3771.918675 0.000000
4390.334550 0.000000
5229.199500 0.000000
5986.042476 0.000000
6841.816726 0.000000
7408.677002 0.000000
7445.211280 0.000000
6310.299030 0.000000
3426.752510 0.000000
1528.115813 0.000000
0.000000 0.000000
0.000000 0.000000
0.000000 0.000000
0.000000 0.000000
0.000000 0.000000
0.000000 0.000000
0.000000 0.000000
0.000000 0.000000
0.000000 0.000000
0.000000 0.000000
0.000000 0.000000
0.000000 0.000000
0.000000 0.000000
0.000000 0.000000
0.000000 0.000000
0.000000 0.000000
0.000000 0.000000
0.000000 0.000000
0.000000 0.000000
0.000000 0.000000
0.000000 0.000000
0.000000 0.000000
0.000000 0.000000
0.000000 0.000000
0.000000 0.000000
0.000000 0.000000
0.000000 0.000000
0.000000 0.000000
0.000000 0.000000
0.000000 0.000000
0.000000 0.000000
45.113093 0.000000
90.045372 0.000000
179.367488 0.000000
223.757325 0.000000
311.994557 0.000000
355.841952 0.000000
486.299253 0.000000
678.911132 0.000000
971.287377 0.000000
1093.698009 0.000000
1412.653929 0.000000
1719.132849 0.000000
2085.461289 0.000000
2624.896599 0.000000
3073.563557 0.000000
3695.925173 0.000000
4380.034284 0.000000
5006.792294 0.000000
5417.230068 0.000000
5409.808788 0.000000
4539.366231 0.000000
2261.723283 0.000000
1190.112640 0.000000
0.000000 0.000000
0.000000 0.000000
0.000000 0.000000
0.000000 0.000000
20.216985 0.000000
40.352940 0.000000
80.381760 0.000000
100.274625 0.000000
159.467040 0.000000
179.035785 0.000000
256.500465 0.000000
294.746625 0.000000
388.944000 0.000000
444.490065 0.000000
589.047585 0.000000
676.762560 0.000000
779.346540 0.000000
927.752985 0.000000
1130.530560 0.000000
1429.166625 0.000000
1715.243040 0.000000
1899.140625 0.000000
2150.981865 0.000000
2418.380865 0.000000
2523.071625 0.000000
2479.680060 0.000000
2023.967340 0.000000
846.115260 0.000000
0.000000 0.000000
0.000000 0.000000
0.000000 0.000000
0.000000 0.000000
0.000000 0.000000
0.000000 0.000000
0.000000 0.000000
0.000000 0.000000
0.000000 0.000000
0.000000 0.000000
0.000000 0.000000
0.000000 0.000000
0.000000 0.000000
0.000000 0.000000
0.000000 0.000000
0.000000 0.000000
0.000000 0.000000
0.000000 0.000000
0.000000 0.000000
0.000000 0.000000
0.000000 0.000000
0.000000 0.000000
0.000000 0.000000
0.000000 0.000000
0.000000 0.000000
0.000000 0.000000
0.000000 0.000000
0.000000 0.000000
0.000000 0.000000
0.000000 0.000000
0.000000 0.000000
0.000000 0.000000
0.000000 0.000000
0.000000 0.000000
0.000000 0.000000
0.000000 0.000000
0.000000 0.000000
0.000000 0.000000
0.000000 0.000000
0.000000 0.000000
0.000000 0.000000
0.000000 0.000000
0.000000 0.000000
0.000000 0.000000
13.343260 0.000000
26.633040 0.000000
46.460750 0.000000
59.563350 0.000000
85.608110 0.000000
92.039080 0.000000
130.357500 0.000000
145.980345 0.000000
173.676300 0.000000
222.196030 0.000000
290.804185 0.000000
351.831550 0.000000
378.785470 0.000000
483.395514 0.000000
607.104650 0.000000
794.655613 0.000000
922.412741 0.000000
1044.228564 0.000000
1153.518440 0.000000
1203.776609 0.000000
1175.626756 0.000000
853.251112 0.000000
655.170316 0.000000
268.396435 0.000000
165.277237 0.000000
194.367175 0.000000
228.491221 0.000000
260.700385 0.000000
305.435305 0.000000
348.618994 0.000000
387.781057 0.000000
411.514919 0.000000
396.111939 0.000000
310.768317 0.000000
153.109018 0.000000
40.942645 0.000000
0.000000 0.000000
0.000000 0.000000
0.000000 0.000000
0.000000 0.000000
0.000000 0.000000
0.000000 0.000000
0.000000 0.000000
0.000000 0.000000
0.000000 0.000000
0.000000 0.000000
0.000000 0.000000
0.000000 0.000000
0.000000 0.000000
0.000000 0.000000
0.000000 0.000000
0.000000 0.000000
0.000000 0.000000
0.000000 0.000000
0.000000 0.000000
0.000000 0.000000
0.000000 0.000000
0.000000 0.000000
0.000000 0.000000
0.000000 0.000000
0.000000 0.000000
0.000000 0.000000
0.000000 0.000000
0.000000 0.000000
0.000000 0.000000
0.000000 0.000000
0.000000 0.000000
0.000000 0.000000
0.000000 0.000000
0.000000 0.000000
0.000000 0.000000
0.000000 0.000000
0.000000 0.000000
0.000000 0.000000
0.000000 0.000000
0.000000 0.000000
0.000000 0.000000
0.000000 0.000000
0.000000 0.000000
0.000000 0.000000
0.000000 0.000000
0.000000 0.000000
0.000000 0.000000
0.000000 0.000000
0.000000 0.000000
0.000000 0.000000
0.000000 0.000000
0.000000 0.000000
0.000000 0.000000
0.000000 0.000000
0.000000 0.000000
0.000000 0.000000
0.000000 0.000000
0.000000 0.000000
0.000000 0.000000
0.000000 0.000000
0.000000 0.000000
0.000000 0.000000
0.000000 0.000000
0.000000 0.000000
0.000000 0.000000
0.000000 0.000000
0.000000 0.000000
0.000000 0.000000
0.000000 0.000000
0.000000 0.000000
0.000000 0.000000
0.000000 0.000000
0.000000 0.000000
0.000000 0.000000
0.000000 0.000000
0.000000 0.000000
0.000000 0.000000
0.000000 0.000000
0.000000 0.000000
0.000000 0.000000
0.000000 0.000000
0.000000 0.000000
0.000000 0.000000
0.000000 0.000000
0.000000 0.000000
0.000000 0.000000
0.000000 0.000000
0.000000 0.000000
0.000000 0.000000
0.000000 0.000000
0.000000 0.000000
0.000000 0.000000
0.000000 0.000000
0.000000 0.000000
0.000000 0.000000
0.000000 0.000000
0.000000 0.000000
2.408174 0.000000
4.806696 0.000000
7.195566 0.000000
9.574784 0.000000
11.944350 0.000000
18.995136 0.000000
23.647400 0.000000
28.261056 0.000000
37.372544 0.000000
40.748331 0.000000
51.819175 0.000000
59.398408 0.000000
74.252836 0.000000
95.629603 0.000000
110.201710 0.000000
132.590905 0.000000
152.975913 0.000000
205.828800 0.000000
236.187265 0.000000
272.098538 0.000000
307.815323 0.000000
348.348512 0.000000
363.078326 0.000000
310.793211 0.000000
332.877054 0.000000
353.560525 0.000000
356.411794 0.000000
318.177353 0.000000
370.856170 0.000000
510.048685 0.000000
611.907935 0.000000
776.005722 0.000000
945.626942 0.000000
1110.879625 0.000000
1400.711916 0.000000
1644.787308 0.000000
1876.994992 0.000000
2043.503266 0.000000
2145.141650 0.000000
2092.091632 0.000000
1705.656174 0.000000
921.471727 0.000000
1073.244305 0.000000
1190.216849 0.000000
1258.783703 0.000000
1200.796327 0.000000
921.019502 0.000000
389.279456 0.000000
330.778211 0.000000
344.534258 0.000000
21.683292 0.000000
24.302475 0.000000
29.997886 0.000000
35.427425 0.000000
46.130941 0.000000
53.365576 0.000000
60.447037 0.000000
67.220497 0.000000
76.819857 0.000000
85.751730 0.000000
64.605071 0.000000
75.012314 0.000000
92.242306 0.000000
103.712171 0.000000
114.676904 0.000000
84.199217 0.000000
45.087527 0.000000
54.815957 0.000000
64.626237 0.000000
70.170594 0.000000
71.956678 0.000000
66.767765 0.000000
61.773637 0.000000
67.684657 0.000000
71.073132 0.000000
65.486019 0.000000
48.661712 0.000000
41.871114 0.000000
42.761226 0.000000
33.056870 0.000000
22.558207 0.000000
9.609041 0.000000
5.513077 0.000000
6.836419 0.000000
8.262473 0.000000
9.596924 0.000000
11.520875 0.000000
13.093473 0.000000
14.711715 0.000000
16.180088 0.000000
16.978472 0.000000
15.423178 0.000000
10.997062 0.000000
4.661078 0.000000
0.000000 0.000000
0.000000 0.000000
0.000000 0.000000
0.000000 0.000000
0.000000 0.000000
0.000000 0.000000
0.000000 0.000000
0.000000 0.000000
0.000000 0.000000
0.000000 0.000000
0.000000 0.000000
0.000000 0.000000
0.000000 0.000000
0.000000 0.000000
0.000000 0.000000
0.000000 0.000000
0.000000 0.000000
0.000000 0.000000
0.000000 0.000000
0.000000 0.000000
0.000000 0.000000
0.000000 0.000000
0.000000 0.000000
0.000000 0.000000
0.000000 0.000000
0.000000 0.000000
0.000000 0.000000
0.000000 0.000000
0.000000 0.000000
0.000000 0.000000
0.000000 0.000000
0.000000 0.000000
0.000000 0.000000
0.000000 0.000000
0.000000 0.000000
0.000000 0.000000
0.000000 0.000000
0.000000 0.000000
0.000000 0.000000
0.000000 0.000000
0.000000 0.000000
0.000000 0.000000
0.000000 0.000000
0.000000 0.000000
0.000000 0.000000
0.000000 0.000000
0.000000 0.000000
0.000000 0.000000
0.000000 0.000000
0.000000 0.000000
0.000000 0.000000
0.000000 0.000000
0.000000 0.000000
0.000000 0.000000
0.000000 0.000000
0.000000 0.000000
0.000000 0.000000
0.000000 0.000000
0.000000 0.000000
0.000000 0.000000
0.000000 0.000000
0.000000 0.000000
0.000000 0.000000
0.000000 0.000000
0.000000 0.000000
0.000000 0.000000
0.000000 0.000000
0.000000 0.000000
0.000000 0.000000
0.000000 0.000000
0.000000 0.000000
18.372681 0.000000
36.671724 0.000000
54.897129 0.000000
73.048896 0.000000
91.127025 0.000000
109.131516 0.000000
144.919584 0.000000
180.413100 0.000000
250.516476 0.000000
267.858225 0.000000
403.941249 0.000000
453.757356 0.000000
567.417609 0.000000
630.746289 0.000000
744.632520 0.000000
912.678408 0.000000
1098.443149 0.000000
1276.863510 0.000000
1514.463480 0.000000
1773.088992 0.000000
2061.322539 0.000000
2266.668828 0.000000
2381.600885 0.000000
2293.724892 0.000000
1831.184511 0.000000
1098.070135 0.000000
1260.942419 0.000000
1440.723998 0.000000
1713.430953 0.000000
1928.430911 0.000000
2196.203601 0.000000
2344.733404 0.000000
2324.919756 0.000000
2020.279933 0.000000
1374.918958 0.000000
1370.071519 0.000000
1218.684837 0.000000
1014.639383 0.000000
400.420853 0.000000
373.809188 0.000000
9.130368 0.000000
13.640328 0.000000
15.881502 0.000000
22.549800 0.000000
28.042287 0.000000
38.856987 0.000000
49.441587 0.000000
63.864255 0.000000
79.787175 0.000000
96.034536 0.000000
118.720095 0.000000
139.088547 0.000000
176.505108 0.000000
221.420628 0.000000
250.456947 0.000000
274.779450 0.000000
282.744443 0.000000
261.614584 0.000000
177.338604 0.000000
80.350279 0.000000
0.000000 0.000000
0.000000 0.000000
0.000000 0.000000
0.000000 0.000000
0.000000 0.000000
13.767909 0.000000
27.480636 0.000000
41.138181 0.000000
54.740544 0.000000
88.498376 0.000000
128.560505 0.000000
174.651504 0.000000
252.127020 0.000000
327.396156 0.000000
412.955805 0.000000
471.959980 0.000000
563.562840 0.000000
676.072383 0.000000
844.240514 0.000000
1080.255282 0.000000
1288.740041 0.000000
1426.426051 0.000000
1585.038329 0.000000
1668.553153 0.000000
1595.086373 0.000000
1191.693565 0.000000
664.904129 0.000000
288.854202 0.000000
0.000000 0.000000
0.000000 0.000000
0.000000 0.000000
0.000000 0.000000
0.000000 0.000000
10.497463 0.000000
20.952852 0.000000
31.366167 0.000000
52.066575 0.000000
62.353668 0.000000
72.598687 0.000000
108.119422 0.000000
143.114239 0.000000
206.740429 0.000000
282.430693 0.000000
314.711776 0.000000
377.885943 0.000000
487.030170 0.000000
588.590328 0.000000
734.165464 0.000000
865.646295 0.000000
1009.581576 0.000000
1151.319345 0.000000
1266.520006 0.000000
1266.844585 0.000000
1090.951392 0.000000
615.323618 0.000000
342.091236 0.000000
0.000000 0.000000
0.000000 0.000000
0.000000 0.000000
0.000000 0.000000
0.000000 0.000000
0.000000 0.000000
0.000000 0.000000
0.000000 0.000000
0.000000 0.000000
0.000000 0.000000
0.000000 0.000000
0.000000 0.000000
0.000000 0.000000
0.000000 0.000000
0.000000 0.000000
0.000000 0.000000
0.000000 0.000000
0.000000 0.000000
0.000000 0.000000
0.000000 0.000000
0.000000 0.000000
0.000000 0.000000
0.000000 0.000000
0.000000 0.000000
0.000000 0.000000
0.000000 0.000000
0.000000 0.000000
0.000000 0.000000
0.000000 0.000000
0.000000 0.000000
0.000000 0.000000
0.000000 0.000000
0.000000 0.000000
0.000000 0.000000
0.000000 0.000000
0.000000 0.000000
0.000000 0.000000
0.000000 0.000000
0.000000 0.000000
0.000000 0.000000
0.000000 0.000000
0.000000 0.000000
0.000000 0.000000
0.000000 0.000000
0.000000 0.000000
0.000000 0.000000
0.000000 0.000000
0.000000 0.000000
0.000000 0.000000
0.000000 0.000000
0.000000 0.000000
0.000000 0.000000
0.000000 0.000000
0.000000 0.000000
0.000000 0.000000
0.000000 0.000000
0.000000 0.000000
0.000000 0.000000
0.000000 0.000000
0.000000 0.000000
0.000000 0.000000
0.000000 0.000000
0.000000 0.000000
0.000000 0.000000
0.000000 0.000000
0.000000 0.000000
0.000000 0.000000
0.000000 0.000000
0.000000 0.000000
0.000000 0.000000
0.000000 0.000000
0.000000 0.000000
0.000000 0.000000
0.000000 0.000000
0.000000 0.000000
0.000000 0.000000
0.000000 0.000000
0.000000 0.000000
0.000000 0.000000
0.000000 0.000000
0.000000 0.000000
0.000000 0.000000
0.000000 0.000000
0.000000 0.000000
0.000000 0.000000
0.000000 0.000000
0.000000 0.000000
0.000000 0.000000
0.000000 0.000000
0.000000 0.000000
0.000000 0.000000
0.000000 0.000000
0.000000 0.000000
0.000000 0.000000
0.000000 0.000000
0.000000 0.000000
0.000000 0.000000
0.000000 0.000000
0.000000 0.000000
0.000000 0.000000
0.000000 0.000000
0.000000 0.000000
0.000000 0.000000
0.000000 0.000000
0.000000 0.000000
0.000000 0.000000
0.000000 0.000000
0.000000 0.000000
0.000000 0.000000
0.000000 0.000000
0.000000 0.000000
0.000000 0.000000
0.000000 0.000000
0.000000 0.000000
0.000000 0.000000
0.000000 0.000000
3.799386 0.000000
7.583544 0.000000
15.106176 0.000000
18.844650 0.000000
22.567896 0.000000
29.968704 0.000000
35.477433 0.000000
44.579970 0.000000
58.955202 0.000000
74.826585 0.000000
88.653609 0.000000
112.317921 0.000000
133.602858 0.000000
150.966585 0.000000
189.040392 0.000000
243.476685 0.000000
281.636321 0.000000
313.466637 0.000000
367.628802 0.000000
423.281570 0.000000
460.946049 0.000000
460.154504 0.000000
387.921373 0.000000
197.306866 0.000000
58.421072 0.000000
0.000000 0.000000
0.000000 0.000000
0.000000 0.000000
0.000000 0.000000
0.000000 0.000000
0.000000 0.000000
0.000000 0.000000
0.000000 0.000000
0.000000 0.000000
0.000000 0.000000
0.000000 0.000000
0.000000 0.000000
0.000000 0.000000
0.000000 0.000000
0.000000 0.000000
0.000000 0.000000
0.000000 0.000000
0.000000 0.000000
0.000000 0.000000
0.000000 0.000000
0.000000 0.000000
0.000000 0.000000
0.000000 0.000000
0.000000 0.000000
0.000000 0.000000
0.000000 0.000000
0.000000 0.000000
0.000000 0.000000
0.000000 0.000000
0.000000 0.000000
0.000000 0.000000
0.000000 0.000000
0.000000 0.000000
0.000000 0.000000
0.000000 0.000000
0.000000 0.000000
0.000000 0.000000
0.000000 0.000000
0.000000 0.000000
0.000000 0.000000
0.000000 0.000000
0.000000 0.000000
0.000000 0.000000
0.000000 0.000000
0.000000 0.000000
0.000000 0.000000
0.000000 0.000000
0.000000 0.000000
0.000000 0.000000
0.000000 0.000000
0.000000 0.000000
0.000000 0.000000
0.000000 0.000000
0.000000 0.000000
0.000000 0.000000
0.000000 0.000000
0.000000 0.000000
0.000000 0.000000
0.000000 0.000000
0.000000 0.000000
0.000000 0.000000
0.000000 0.000000
0.000000 0.000000
0.000000 0.000000
0.000000 0.000000
0.000000 0.000000
0.000000 0.000000
0.000000 0.000000
0.000000 0.000000
0.000000 0.000000
0.000000 0.000000
0.000000 0.000000
0.000000 0.000000
0.000000 0.000000
0.000000 0.000000
0.000000 0.000000
0.000000 0.000000
0.000000 0.000000
0.000000 0.000000
0.000000 0.000000
0.000000 0.000000
0.000000 0.000000
0.000000 0.000000
0.000000 0.000000
0.000000 0.000000
0.000000 0.000000
0.000000 0.000000
0.000000 0.000000
0.000000 0.000000
0.000000 0.000000
0.000000 0.000000
0.000000 0.000000
0.000000 0.000000
0.000000 0.000000
