31352648.398266 0.000000
30856723.135200 0.000000
30777025.724783 0.000000
30579507.307300 0.000000
29826119.864818 0.000000
30020524.363615 0.000000
29677297.407123 0.000000
29509699.803030 0.000000
29229197.923395 0.000000
29156509.517945 0.000000
29075490.826697 0.000000
28592292.266006 0.000000
28291787.755831 0.000000
28070798.446855 0.000000
27838388.547258 0.000000
27403737.424760 0.000000
25814639.824170 0.000000
24671270.654999 0.000000
24202655.272116 0.000000
23356224.226554 0.000000
22619665.772637 0.000000
20132451.385068 0.000000
19901482.373303 0.000000
16558007.306560 0.000000
16004645.342460 0.000000
17124299.646432 0.000000
17310716.433465 0.000000
16924325.218124 0.000000
15517608.382514 0.000000
11081387.504007 0.000000
4295459.919022 0.000000
5195127.189645 0.000000
6536528.617199 0.000000
7521668.194989 0.000000
9017131.929626 0.000000
10018251.410817 0.000000
11395912.767625 0.000000
11931485.777972 0.000000
11383530.528258 0.000000
8676823.570967 0.000000
4939101.883646 0.000000
4504434.691622 0.000000
5478099.909380 0.000000
6317523.632419 0.000000
7282990.395293 0.000000
8484456.737713 0.000000
9603232.221538 0.000000
10799143.350138 0.000000
11355363.210738 0.000000
10967584.247464 0.000000
8947066.493890 0.000000
4650045.429654 0.000000
2135957.443407 0.000000
2323291.305407 0.000000
2892024.856031 0.000000
3358816.028387 0.000000
4006721.530325 0.000000
4758668.089560 0.000000
5684597.850879 0.000000
6786722.400677 0.000000
7244030.019202 0.000000
2373253.554188 0.000000
1552354.592819 0.000000
894777.823548 0.000000
1032429.592372 0.000000
1167714.736627 0.000000
1259027.459386 0.000000
1243677.286739 0.000000
1079839.220785 0.000000
803067.745572 0.000000
930677.948412 0.000000
1054546.168704 0.000000
1199425.152125 0.000000
1279604.125743 0.000000
1244975.314446 0.000000
1010558.800066 0.000000
657950.610936 0.000000
759220.325735 0.000000
907852.771537 0.000000
1070280.272312 0.000000
1187023.606207 0.000000
1234230.676025 0.000000
1280587.550833 0.000000
1362937.624805 0.000000
1448090.340341 0.000000
1416917.126557 0.000000
1302031.253809 0.000000
934067.237695 0.000000
721379.191215 0.000000
859233.595560 0.000000
1023507.862195 0.000000
1211875.093131 0.000000
1018881.655581 0.000000
723465.763310 0.000000
168579.594066 0.000000
151444.989043 0.000000
168676.099309 0.000000
187829.566820 0.000000
86179.946763 0.000000
68368.938627 0.000000
26973.968520 0.000000
6747.339752 0.000000
7593.258145 0.000000
10641.061413 0.000000
13110.521903 0.000000
14965.470836 0.000000
18940.160389 0.000000
25280.295645 0.000000
31808.455294 0.000000
36985.331454 0.000000
45521.589825 0.000000
55652.768354 0.000000
62719.228369 0.000000
72031.101195 0.000000
77189.787361 0.000000
76321.040439 0.000000
74520.777772 0.000000
71952.302839 0.000000
54883.987425 0.000000
40039.048010 0.000000
45063.074630 0.000000
46777.157575 0.000000
44091.612386 0.000000
34003.316609 0.000000
20180.926326 0.000000
18769.889612 0.000000
12574.732328 0.000000
15092.260472 0.000000
17302.580363 0.000000
19373.333699 0.000000
21441.109223 0.000000
22356.934322 0.000000
20700.984616 0.000000
17647.632075 0.000000
17034.136511 0.000000
15899.393890 0.000000
13257.937784 0.000000
9566.034366 0.000000
9653.558823 0.000000
8919.291641 0.000000
10107.677783 0.000000
11106.696191 0.000000
10775.727370 0.000000
9691.961161 0.000000
11234.491350 0.000000
12687.098418 0.000000
13533.304269 0.000000
13840.588819 0.000000
14122.793847 0.000000
16121.290556 0.000000
17388.266325 0.000000
18392.891003 0.000000
17773.620862 0.000000
16393.193292 0.000000
12068.854015 0.000000
5646.770907 0.000000
1040.783736 0.000000
1544.268097 0.000000
2136.872090 0.000000
2586.011700 0.000000
3362.475829 0.000000
4301.866744 0.000000
5297.522108 0.000000
6156.962801 0.000000
7152.736438 0.000000
8482.893142 0.000000
10050.334424 0.000000
12093.113538 0.000000
13742.355938 0.000000
15307.848704 0.000000
15683.417790 0.000000
15301.472513 0.000000
14120.733358 0.000000
12184.377644 0.000000
11287.461979 0.000000
10727.875583 0.000000
9543.154047 0.000000
6519.625119 0.000000
6218.868168 0.000000
7854.022789 0.000000
9535.401507 0.000000
11263.376996 0.000000
12599.003894 0.000000
13932.307691 0.000000
15567.692089 0.000000
16121.989056 0.000000
12032.069020 0.000000
11193.012557 0.000000
12686.768735 0.000000
15328.031474 0.000000
17875.023382 0.000000
20599.613609 0.000000
21988.737256 0.000000
22016.634295 0.000000
20147.200522 0.000000
17338.431011 0.000000
12600.520223 0.000000
13161.452963 0.000000
12699.184536 0.000000
9646.412894 0.000000
7179.161398 0.000000
7033.789465 0.000000
5490.790159 0.000000
5134.557487 0.000000
4423.517985 0.000000
2695.180683 0.000000
938.586975 0.000000
1093.522001 0.000000
1262.969420 0.000000
1649.181185 0.000000
2146.839200 0.000000
2754.300411 0.000000
3356.669437 0.000000
4554.713344 0.000000
5612.584790 0.000000
7001.072391 0.000000
8427.659406 0.000000
9283.559260 0.000000
10049.144486 0.000000
10626.472483 0.000000
11402.089902 0.000000
12186.003410 0.000000
12267.816186 0.000000
13611.302030 0.000000
14790.750377 0.000000
15898.417368 0.000000
17067.253704 0.000000
17946.163909 0.000000
17187.487804 0.000000
12887.740901 0.000000
5425.027803 0.000000
1065.757140 0.000000
1466.920152 0.000000
1980.721229 0.000000
2495.034630 0.000000
3020.858489 0.000000
3698.182395 0.000000
4441.117995 0.000000
5211.818734 0.000000
5963.154756 0.000000
6951.812979 0.000000
8014.662279 0.000000
8890.930687 0.000000
9595.265974 0.000000
9617.715460 0.000000
8382.195307 0.000000
5345.464440 0.000000
4646.587211 0.000000
2400.484689 0.000000
178.116228 0.000000
266.637847 0.000000
354.801804 0.000000
486.332276 0.000000
660.514211 0.000000
961.755834 0.000000
1404.855554 0.000000
1959.200381 0.000000
2498.815971 0.000000
3098.075912 0.000000
3724.741079 0.000000
4258.636976 0.000000
4909.776204 0.000000
6244.814970 0.000000
7626.553877 0.000000
8876.718948 0.000000
10007.689898 0.000000
10901.273205 0.000000
11020.233683 0.000000
9754.814045 0.000000
6934.123362 0.000000
5216.809156 0.000000
2594.872661 0.000000
3223.978604 0.000000
3712.659985 0.000000
4306.942649 0.000000
5048.459074 0.000000
5835.450163 0.000000
7089.451617 0.000000
8214.629289 0.000000
9048.678854 0.000000
9424.688194 0.000000
8779.489482 0.000000
6146.309385 0.000000
4844.612639 0.000000
2556.622305 0.000000
2567.766995 0.000000
3303.645025 0.000000
3763.002180 0.000000
4256.639265 0.000000
5191.843836 0.000000
5692.703448 0.000000
6132.573989 0.000000
5512.162298 0.000000
6069.176726 0.000000
7488.708130 0.000000
8929.874684 0.000000
10558.799289 0.000000
12278.958237 0.000000
13809.570326 0.000000
14318.555141 0.000000
32735.172100 0.000000
48634.137473 0.000000
67286.480215 0.000000
84534.445099 0.000000
119469.930370 0.000000
156218.770962 0.000000
194208.426119 0.000000
250251.689770 0.000000
323389.682477 0.000000
431423.783817 0.000000
553873.831183 0.000000
754460.108837 0.000000
866410.458988 0.000000
1063034.330785 0.000000
1217329.219333 0.000000
1390414.178640 0.000000
1573695.394680 0.000000
1790374.628411 0.000000
2079249.556258 0.000000
2310726.126109 0.000000
2434831.984632 0.000000
2330641.503390 0.000000
1929865.212562 0.000000
568014.116286 0.000000
2226.287382 0.000000
3599.935292 0.000000
5160.012607 0.000000
6498.542376 0.000000
8750.634788 0.000000
10303.891564 0.000000
13087.617271 0.000000
17004.985044 0.000000
20720.539400 0.000000
25407.697270 0.000000
30599.157800 0.000000
38039.810819 0.000000
45568.537489 0.000000
51251.705957 0.000000
55442.418712 0.000000
54798.365952 0.000000
46561.710208 0.000000
28502.363245 0.000000
30236.478403 0.000000
29064.901256 0.000000
22366.022809 0.000000
11064.808950 0.000000
11930.446983 0.000000
13985.653648 0.000000
16836.259926 0.000000
19662.113787 0.000000
21142.194142 0.000000
21047.847699 0.000000
22636.202140 0.000000
22752.925128 0.000000
22453.807313 0.000000
22154.439116 0.000000
19683.812942 0.000000
13099.284897 0.000000
10116.367606 0.000000
6100.222960 0.000000
6736.150051 0.000000
8207.955628 0.000000
10040.649306 0.000000
13214.035518 0.000000
16414.756080 0.000000
19756.755263 0.000000
23570.721564 0.000000
27348.744528 0.000000
31477.196490 0.000000
33389.918519 0.000000
31350.868971 0.000000
33498.339646 0.000000
24992.722626 0.000000
24321.733972 0.000000
28220.021915 0.000000
31526.245696 0.000000
33432.030170 0.000000
29891.140391 0.000000
29489.422298 0.000000
29701.598460 0.000000
28088.027064 0.000000
25248.273291 0.000000
18765.698943 0.000000
15467.701741 0.000000
18224.290045 0.000000
20873.670786 0.000000
22400.570003 0.000000
23121.042976 0.000000
23213.118602 0.000000
21838.215515 0.000000
18772.252096 0.000000
16966.998493 0.000000
15790.535909 0.000000
13668.318855 0.000000
15960.997999 0.000000
17726.760134 0.000000
18377.577991 0.000000
16641.997619 0.000000
13448.996205 0.000000
8875.094038 0.000000
4787.951686 0.000000
715.171588 0.000000
604.839224 0.000000
720.830803 0.000000
895.976076 0.000000
1210.469216 0.000000
1470.084102 0.000000
1767.021810 0.000000
2123.127231 0.000000
2576.879692 0.000000
3166.721759 0.000000
3625.285531 0.000000
4101.885402 0.000000
4418.122283 0.000000
4468.067934 0.000000
4364.193339 0.000000
3977.145127 0.000000
3935.102838 0.000000
3115.043478 0.000000
2390.074253 0.000000
1776.264605 0.000000
2056.261509 0.000000
2302.124735 0.000000
2486.531988 0.000000
2651.169602 0.000000
2607.112514 0.000000
2174.535846 0.000000
1618.001333 0.000000
1293.086539 0.000000
1050.516530 0.000000
608.034790 0.000000
186.636390 0.000000
189.152237 0.000000
156.581653 0.000000
114.125421 0.000000
52.544787 0.000000
52.544787 0.000000
78.658913 0.000000
78.658913 0.000000
130.570629 0.000000
233.127924 0.000000
333.997032 0.000000
420.859473 0.000000
530.617936 0.000000
720.380584 0.000000
937.022317 0.000000
1201.605902 0.000000
1542.540322 0.000000
1880.559992 0.000000
2201.539534 0.000000
2541.840895 0.000000
2824.994524 0.000000
3113.832573 0.000000
3155.496457 0.000000
2771.394529 0.000000
1779.429545 0.000000
1192.733598 0.000000
293.680266 0.000000
188.010253 0.000000
280.878220 0.000000
418.758723 0.000000
554.933488 0.000000
733.846471 0.000000
974.876749 0.000000
1188.852122 0.000000
1521.281536 0.000000
1721.800525 0.000000
2145.771212 0.000000
2448.468911 0.000000
3160.519927 0.000000
3728.057315 0.000000
4401.210266 0.000000
5059.562527 0.000000
5553.948117 0.000000
5653.965815 0.000000
4943.926498 0.000000
3181.123810 0.000000
3182.771533 0.000000
3048.317489 0.000000
2250.477634 0.000000
1025.554953 0.000000
230.503461 0.000000
277.312998 0.000000
330.726231 0.000000
400.068666 0.000000
479.707741 0.000000
552.545900 0.000000
646.575084 0.000000
713.312556 0.000000
732.699963 0.000000
673.719478 0.000000
413.144247 0.000000
151.957087 0.000000
0.000000 0.000000
0.000000 0.000000
0.000000 0.000000
0.000000 0.000000
0.000000 0.000000
0.000000 0.000000
8.481004 0.000000
16.928016 0.000000
25.341036 0.000000
33.720064 0.000000
42.065100 0.000000
62.774726 0.000000
87.350942 0.000000
158.375525 0.000000
246.082318 0.000000
315.532473 0.000000
353.500322 0.000000
403.289659 0.000000
463.798970 0.000000
589.628007 0.000000
727.355374 0.000000
852.300708 0.000000
1068.989268 0.000000
1294.705365 0.000000
1541.532207 0.000000
1880.601737 0.000000
2106.491299 0.000000
2201.184425 0.000000
1697.526048 0.000000
1704.283357 0.000000
1190.519693 0.000000
1683.416342 0.000000
1968.206157 0.000000
2379.544778 0.000000
2963.474327 0.000000
3789.253559 0.000000
4813.443125 0.000000
5544.920662 0.000000
6336.928604 0.000000
6671.055543 0.000000
6519.872520 0.000000
5609.063629 0.000000
2830.706502 0.000000
1253.121648 0.000000
0.000000 0.000000
0.000000 0.000000
0.000000 0.000000
16.133169 0.000000
32.201676 0.000000
48.205521 0.000000
80.019225 0.000000
111.574281 0.000000
142.870689 0.000000
189.297529 0.000000
235.175224 0.000000
355.999601 0.000000
481.814894 0.000000
548.435929 0.000000
635.987726 0.000000
776.897429 0.000000
1001.851491 0.000000
1330.751962 0.000000
1587.846171 0.000000
1997.500849 0.000000
2359.947661 0.000000
2693.376047 0.000000
3162.693200 0.000000
3453.795924 0.000000
3593.174616 0.000000
3755.431435 0.000000
3891.385290 0.000000
4735.953636 0.000000
5495.995624 0.000000
5883.132018 0.000000
5718.784202 0.000000
4761.640448 0.000000
4188.262566 0.000000
4277.583405 0.000000
4215.177933 0.000000
3785.451622 0.000000
2931.787055 0.000000
3107.537893 0.000000
3734.618257 0.000000
4190.424866 0.000000
4644.734945 0.000000
4950.619652 0.000000
4854.218507 0.000000
4173.860388 0.000000
3925.206396 0.000000
4575.325162 0.000000
5338.802201 0.000000
5760.507055 0.000000
6099.824662 0.000000
6357.462401 0.000000
7852.407030 0.000000
9547.897603 0.000000
11012.067343 0.000000
12895.211230 0.000000
14766.496998 0.000000
15922.215855 0.000000
15709.428847 0.000000
13077.885266 0.000000
10534.460666 0.000000
10706.715706 0.000000
9753.740121 0.000000
7621.735426 0.000000
6901.478706 0.000000
6500.255267 0.000000
4974.897639 0.000000
3301.688595 0.000000
3273.182786 0.000000
3436.094746 0.000000
3917.027884 0.000000
4625.072308 0.000000
5384.975174 0.000000
5971.474921 0.000000
6218.858672 0.000000
5676.717535 0.000000
4014.867293 0.000000
2717.497846 0.000000
1973.561428 0.000000
1615.991412 0.000000
2002.384308 0.000000
2524.873607 0.000000
3024.599997 0.000000
3382.111320 0.000000
4355.205432 0.000000
5210.065893 0.000000
6306.424946 0.000000
7384.751733 0.000000
8163.323856 0.000000
8430.776235 0.000000
7559.123238 0.000000
4773.347718 0.000000
2114.438299 0.000000
304.875539 0.000000
396.372171 0.000000
486.863617 0.000000
580.489752 0.000000
810.797112 0.000000
896.545922 0.000000
1234.147938 0.000000
1563.166707 0.000000
1951.321417 0.000000
2300.264676 0.000000
2764.255690 0.000000
3122.808139 0.000000
3453.409136 0.000000
3977.170707 0.000000
4234.952406 0.000000
4206.033733 0.000000
4368.330817 0.000000
4382.504298 0.000000
3955.190513 0.000000
3143.646710 0.000000
2750.981469 0.000000
416.750303 0.000000
394.507306 0.000000
484.948394 0.000000
558.446066 0.000000
815.720313 0.000000
1136.723450 0.000000
1359.915189 0.000000
1683.475394 0.000000
2060.133692 0.000000
2691.425942 0.000000
3301.401611 0.000000
4121.135064 0.000000
5166.501158 0.000000
6162.666147 0.000000
7029.138711 0.000000
7868.114661 0.000000
8354.489528 0.000000
7862.159491 0.000000
7876.025271 0.000000
7820.530956 0.000000
6732.703501 0.000000
5045.118245 0.000000
3342.927503 0.000000
2233.728252 0.000000
2502.201165 0.000000
3081.321707 0.000000
3700.019295 0.000000
4374.183071 0.000000
4957.942224 0.000000
5501.956614 0.000000
5868.079949 0.000000
5719.692905 0.000000
4662.768763 0.000000
2237.370334 0.000000
271.788229 0.000000
316.149336 0.000000
454.130598 0.000000
577.987953 0.000000
691.291639 0.000000
913.561621 0.000000
1093.751356 0.000000
1318.601594 0.000000
1683.691140 0.000000
2051.294788 0.000000
2537.511707 0.000000
2883.115043 0.000000
3465.251440 0.000000
3920.692911 0.000000
4429.155400 0.000000
4637.849639 0.000000
4659.072185 0.000000
4980.762792 0.000000
5213.347161 0.000000
5151.039383 0.000000
4176.185100 0.000000
3048.346803 0.000000
3028.587160 0.000000
2599.651398 0.000000
2284.629168 0.000000
2677.112898 0.000000
3167.271408 0.000000
3585.699857 0.000000
3912.576301 0.000000
4194.823996 0.000000
4329.121303 0.000000
4198.451423 0.000000
4279.374962 0.000000
3756.769567 0.000000
2970.466991 0.000000
1463.409300 0.000000
147.233720 0.000000
181.624304 0.000000
285.958371 0.000000
389.749051 0.000000
492.996341 0.000000
661.541177 0.000000
864.573854 0.000000
1233.749787 0.000000
1532.912728 0.000000
1807.178078 0.000000
2371.965177 0.000000
2687.769170 0.000000
3116.720734 0.000000
3793.089667 0.000000
4675.470712 0.000000
5550.495796 0.000000
6750.045774 0.000000
7910.457831 0.000000
8841.630802 0.000000
9475.742565 0.000000
9480.128758 0.000000
9261.176002 0.000000
7164.037178 0.000000
3731.382404 0.000000
4177.481100 0.000000
4448.252857 0.000000
4152.700493 0.000000
3231.468146 0.000000
2627.828792 0.000000
3129.764322 0.000000
3542.333299 0.000000
4004.037883 0.000000
4339.138148 0.000000
4645.358615 0.000000
4501.407314 0.000000
4082.646956 0.000000
3818.926036 0.000000
2950.782029 0.000000
2097.255933 0.000000
2519.472764 0.000000
3058.428364 0.000000
3776.582391 0.000000
4642.240762 0.000000
5448.260634 0.000000
6029.748632 0.000000
6426.834416 0.000000
6062.700055 0.000000
5421.905656 0.000000
6005.250775 0.000000
6379.968851 0.000000
6517.404571 0.000000
6755.545375 0.000000
6872.777160 0.000000
7254.453725 0.000000
7519.044717 0.000000
7774.304482 0.000000
7260.775207 0.000000
6219.655355 0.000000
6459.701403 0.000000
6679.416262 0.000000
6259.187923 0.000000
5572.183156 0.000000
4867.649622 0.000000
4422.637891 0.000000
2516.585282 0.000000
1347.567765 0.000000
1558.703243 0.000000
1851.390060 0.000000
2146.422212 0.000000
2438.328779 0.000000
2573.080223 0.000000
2305.331813 0.000000
1840.436359 0.000000
1497.690708 0.000000
1482.497222 0.000000
1554.173257 0.000000
1453.939366 0.000000
1102.714431 0.000000
807.096002 0.000000
111.538004 0.000000
138.571646 0.000000
156.403964 0.000000
200.319374 0.000000
255.974283 0.000000
302.427889 0.000000
351.248131 0.000000
441.845644 0.000000
602.413281 0.000000
724.569584 0.000000
856.885855 0.000000
966.945590 0.000000
1085.574359 0.000000
1198.397850 0.000000
1304.233162 0.000000
1291.019880 0.000000
1056.746948 0.000000
581.140204 0.000000
344.750636 0.000000
385.939481 0.000000
460.339621 0.000000
563.495514 0.000000
668.400116 0.000000
809.382044 0.000000
953.324926 0.000000
1092.589584 0.000000
1226.022559 0.000000
1301.048311 0.000000
1245.787572 0.000000
894.085132 0.000000
428.262251 0.000000
125.543841 0.000000
0.000000 0.000000
0.000000 0.000000
43.370086 0.000000
86.566344 0.000000
129.588774 0.000000
172.437376 0.000000
257.613096 0.000000
342.093504 0.000000
529.610459 0.000000
753.978950 0.000000
953.185838 0.000000
1157.368334 0.000000
1533.054120 0.000000
1849.789564 0.000000
2248.709688 0.000000
2646.896967 0.000000
3220.187366 0.000000
3799.207628 0.000000
4330.540940 0.000000
4949.935507 0.000000
5293.763933 0.000000
5216.974105 0.000000
4199.004967 0.000000
2991.811250 0.000000
1818.437066 0.000000
1981.387271 0.000000
2563.172495 0.000000
3186.121419 0.000000
3863.496039 0.000000
4505.190902 0.000000
5115.732614 0.000000
5561.792051 0.000000
5784.314728 0.000000
5443.957451 0.000000
3634.248660 0.000000
2826.773645 0.000000
1574.053859 0.000000
331.536787 0.000000
383.627862 0.000000
497.498175 0.000000
658.083196 0.000000
832.403308 0.000000
1077.031575 0.000000
1268.806646 0.000000
1511.703962 0.000000
1744.386659 0.000000
1942.317074 0.000000
2107.918352 0.000000
2075.892762 0.000000
1255.904415 0.000000
1359.890424 0.000000
1463.206492 0.000000
1370.538809 0.000000
1134.502059 0.000000
1364.453634 0.000000
1587.541182 0.000000
1965.042642 0.000000
2473.534291 0.000000
3040.309151 0.000000
3589.657583 0.000000
3998.584597 0.000000
4255.906811 0.000000
4268.243305 0.000000
3641.238352 0.000000
2399.230622 0.000000
1917.428121 0.000000
2309.263274 0.000000
2744.722978 0.000000
2922.081619 0.000000
3006.685998 0.000000
2713.329882 0.000000
3223.777244 0.000000
3890.860681 0.000000
4086.530865 0.000000
4822.451602 0.000000
5464.530553 0.000000
6189.902075 0.000000
7217.030126 0.000000
8302.692166 0.000000
9085.512051 0.000000
9729.465577 0.000000
10029.631500 0.000000
9755.134735 0.000000
8268.734001 0.000000
5331.519234 0.000000
5290.956694 0.000000
5070.398378 0.000000
4036.916637 0.000000
2169.072396 0.000000
2096.599783 0.000000
2253.219459 0.000000
2427.332923 0.000000
2651.262304 0.000000
2926.706078 0.000000
2937.696399 0.000000
2591.760961 0.000000
2762.175475 0.000000
2859.255646 0.000000
2981.921374 0.000000
2907.240350 0.000000
2427.226110 0.000000
2119.114676 0.000000
1857.192207 0.000000
831.883488 0.000000
1151.445695 0.000000
1442.555902 0.000000
1778.752799 0.000000
2241.774080 0.000000
2627.525460 0.000000
3091.921364 0.000000
3517.682387 0.000000
4177.172721 0.000000
4617.884078 0.000000
4754.122112 0.000000
4870.379594 0.000000
3444.337163 0.000000
3777.114345 0.000000
4145.617897 0.000000
4338.038514 0.000000
4180.092412 0.000000
3403.428910 0.000000
3349.625111 0.000000
2956.334463 0.000000
3108.187789 0.000000
3179.924807 0.000000
3597.882742 0.000000
4364.833247 0.000000
4994.955382 0.000000
5773.159530 0.000000
6316.790700 0.000000
6941.132782 0.000000
7891.986828 0.000000
8639.782935 0.000000
9902.182151 0.000000
10565.248964 0.000000
10736.601014 0.000000
9795.085110 0.000000
7551.504662 0.000000
6711.233423 0.000000
4086.402055 0.000000
2661.659885 0.000000
1331.431356 0.000000
1451.134240 0.000000
1453.025661 0.000000
1351.690354 0.000000
1483.639443 0.000000
1479.903255 0.000000
1495.749846 0.000000
1659.752931 0.000000
1889.351549 0.000000
2080.071947 0.000000
2165.611367 0.000000
2054.396678 0.000000
1451.561641 0.000000
616.328842 0.000000
77.027759 0.000000
0.000000 0.000000
0.000000 0.000000
0.000000 0.000000
0.000000 0.000000
0.000000 0.000000
0.000000 0.000000
0.000000 0.000000
0.000000 0.000000
0.000000 0.000000
0.000000 0.000000
0.000000 0.000000
0.000000 0.000000
0.000000 0.000000
0.000000 0.000000
