28726438.417164 0.000000
26243145.889248 0.000000
23852817.497045 0.000000
22020282.715276 0.000000
20086906.734020 0.000000
18403561.104483 0.000000
17105890.828939 0.000000
16132426.407395 0.000000
15140232.987620 0.000000
14171425.225563 0.000000
13111962.327999 0.000000
12238366.755105 0.000000
11632185.308419 0.000000
11221037.748904 0.000000
10550026.632077 0.000000
10124001.749587 0.000000
9426613.059987 0.000000
9005208.532511 0.000000
7904126.372735 0.000000
7687151.596224 0.000000
7310492.754439 0.000000
6855513.224759 0.000000
6410810.960335 0.000000
5923676.001143 0.000000
5696627.962473 0.000000
5372095.754260 0.000000
4979047.107736 0.000000
4848735.255261 0.000000
4915000.958300 0.000000
4490925.808684 0.000000
4306300.821258 0.000000
4093906.204164 0.000000
4120755.168391 0.000000
4157632.585006 0.000000
3988734.835238 0.000000
3759997.022478 0.000000
3635503.405158 0.000000
3048923.537622 0.000000
2609132.914163 0.000000
2535056.231502 0.000000
2427375.579355 0.000000
2350794.600742 0.000000
2180632.371833 0.000000
2098932.662229 0.000000
2033626.828819 0.000000
2026511.374456 0.000000
1771418.142779 0.000000
1519767.605139 0.000000
1343518.156693 0.000000
1188279.158268 0.000000
1169787.725270 0.000000
1031391.220245 0.000000
815539.968037 0.000000
924235.956328 0.000000
952928.651454 0.000000
920617.357757 0.000000
812539.502457 0.000000
785440.685004 0.000000
619931.507770 0.000000
450461.152866 0.000000
496998.774352 0.000000
552157.695225 0.000000
567537.253431 0.000000
555862.049018 0.000000
505102.842049 0.000000
478823.584104 0.000000
492437.784333 0.000000
471744.740834 0.000000
444679.992229 0.000000
423004.092098 0.000000
381904.233877 0.000000
348685.979478 0.000000
390266.359280 0.000000
410056.123504 0.000000
424018.870403 0.000000
418873.424973 0.000000
390886.247318 0.000000
375057.907796 0.000000
353656.074035 0.000000
298920.391775 0.000000
308058.223790 0.000000
306339.890049 0.000000
285732.870673 0.000000
241903.084694 0.000000
228660.933277 0.000000
207912.402448 0.000000
211831.386760 0.000000
202669.857062 0.000000
191626.857950 0.000000
169655.858768 0.000000
162806.665386 0.000000
155291.413061 0.000000
165218.397888 0.000000
167846.215526 0.000000
154692.948433 0.000000
141171.332177 0.000000
112402.526122 0.000000
88590.508803 0.000000
90057.603890 0.000000
98681.346415 0.000000
102530.182474 0.000000
94884.416988 0.000000
88272.584343 0.000000
91878.167595 0.000000
98986.366639 0.000000
103529.303430 0.000000
96761.085716 0.000000
98457.520793 0.000000
95021.809417 0.000000
70724.197479 0.000000
63214.572951 0.000000
55467.963329 0.000000
45674.766741 0.000000
48908.339578 0.000000
57928.722145 0.000000
69158.218882 0.000000
77742.146769 0.000000
74688.642074 0.000000
79084.361590 0.000000
80637.768647 0.000000
67592.218780 0.000000
53364.395853 0.000000
40900.205283 0.000000
27943.249935 0.000000
22608.969713 0.000000
25873.339319 0.000000
29421.283038 0.000000
32931.886098 0.000000
35624.519619 0.000000
35188.625399 0.000000
30113.556838 0.000000
16815.264111 0.000000
7933.516064 0.000000
9510.258345 0.000000
10560.943216 0.000000
13416.003420 0.000000
16901.775667 0.000000
20609.749218 0.000000
24606.766623 0.000000
28660.780985 0.000000
32863.479337 0.000000
35960.904671 0.000000
37479.822127 0.000000
39029.482763 0.000000
39267.282185 0.000000
41577.685097 0.000000
38766.762241 0.000000
32600.467593 0.000000
31109.592506 0.000000
34642.284861 0.000000
37662.962009 0.000000
37863.737400 0.000000
35537.359328 0.000000
41178.772970 0.000000
49652.797362 0.000000
52611.828762 0.000000
54415.925067 0.000000
53937.638804 0.000000
50855.372812 0.000000
37004.738086 0.000000
33789.561511 0.000000
25119.476942 0.000000
17276.352704 0.000000
14812.828050 0.000000
15913.915915 0.000000
16639.752614 0.000000
15982.408085 0.000000
18329.324399 0.000000
20942.917198 0.000000
23632.807418 0.000000
26418.446253 0.000000
28334.054135 0.000000
29504.615967 0.000000
30339.213207 0.000000
31581.551102 0.000000
32714.984223 0.000000
32819.772119 0.000000
31530.556236 0.000000
25568.918098 0.000000
21034.014698 0.000000
14053.773645 0.000000
12494.559758 0.000000
13249.479701 0.000000
13180.776100 0.000000
9621.595430 0.000000
7140.435008 0.000000
5995.531367 0.000000
5223.286826 0.000000
6146.767632 0.000000
6947.620876 0.000000
7493.002840 0.000000
7489.666670 0.000000
6573.282167 0.000000
4164.782227 0.000000
5076.405780 0.000000
5843.928801 0.000000
6635.090015 0.000000
7022.634410 0.000000
6828.724280 0.000000
6041.284265 0.000000
5671.730337 0.000000
6025.028260 0.000000
6947.497935 0.000000
7543.849018 0.000000
7934.821827 0.000000
8413.842308 0.000000
9446.913414 0.000000
10179.544922 0.000000
9776.206797 0.000000
10467.985071 0.000000
10835.755236 0.000000
11196.056540 0.000000
12390.100460 0.000000
12600.824975 0.000000
12262.084346 0.000000
12427.406869 0.000000
13139.337034 0.000000
12991.203282 0.000000
13965.079788 0.000000
14267.645385 0.000000
13293.012301 0.000000
10068.147383 0.000000
8183.337308 0.000000
6068.861089 0.000000
6216.158325 0.000000
6893.036269 0.000000
7585.251271 0.000000
7830.537614 0.000000
6998.605343 0.000000
5140.344695 0.000000
4470.538896 0.000000
4012.617571 0.000000
4397.025759 0.000000
4389.338765 0.000000
4080.516559 0.000000
4467.976906 0.000000
4544.510927 0.000000
4050.945706 0.000000
3686.433375 0.000000
3816.986887 0.000000
4285.329027 0.000000
4618.737974 0.000000
4728.550566 0.000000
4254.605493 0.000000
3164.998129 0.000000
3327.623359 0.000000
3992.884885 0.000000
4674.004789 0.000000
5074.500223 0.000000
5029.111449 0.000000
4729.374695 0.000000
4819.236092 0.000000
4315.017351 0.000000
2750.757662 0.000000
2523.763521 0.000000
2224.105107 0.000000
2813.795633 0.000000
3274.459653 0.000000
3933.292584 0.000000
4561.273285 0.000000
5730.645218 0.000000
6753.498643 0.000000
7762.386180 0.000000
8395.895780 0.000000
8536.130804 0.000000
8029.282598 0.000000
7420.577065 0.000000
6643.645616 0.000000
4778.655599 0.000000
4385.812369 0.000000
3589.548893 0.000000
3035.430374 0.000000
3107.344544 0.000000
3376.416864 0.000000
3443.292556 0.000000
3929.011545 0.000000
4731.998873 0.000000
5683.448368 0.000000
6738.770932 0.000000
7960.666138 0.000000
9024.942408 0.000000
9392.636247 0.000000
9646.761013 0.000000
9090.368599 0.000000
9469.801374 0.000000
9229.246927 0.000000
7266.401089 0.000000
5872.775598 0.000000
5022.675710 0.000000
3249.223997 0.000000
1923.757884 0.000000
2253.529724 0.000000
2572.335074 0.000000
3049.158271 0.000000
3375.554125 0.000000
3654.814043 0.000000
3581.799073 0.000000
3175.526027 0.000000
3016.233563 0.000000
2640.033177 0.000000
2403.138774 0.000000
1995.307638 0.000000
1660.404972 0.000000
1530.300860 0.000000
1035.766446 0.000000
469.842930 0.000000
258.951328 0.000000
302.308946 0.000000
414.527154 0.000000
494.252433 0.000000
592.252397 0.000000
718.414773 0.000000
822.905464 0.000000
916.735427 0.000000
926.853537 0.000000
803.008199 0.000000
605.022009 0.000000
578.387646 0.000000
586.423398 0.000000
671.766299 0.000000
818.720102 0.000000
1018.521466 0.000000
1167.983099 0.000000
1346.157468 0.000000
1641.901208 0.000000
1960.978194 0.000000
2224.898575 0.000000
2385.068536 0.000000
2411.867359 0.000000
2091.427147 0.000000
1386.441234 0.000000
1307.922917 0.000000
1069.057308 0.000000
507.515860 0.000000
319.439872 0.000000
477.227712 0.000000
633.727488 0.000000
866.062032 0.000000
1209.089576 0.000000
1396.744400 0.000000
1692.516096 0.000000
2090.125352 0.000000
2582.487816 0.000000
3369.213156 0.000000
4227.345544 0.000000
5363.297236 0.000000
6582.449812 0.000000
7518.228308 0.000000
8466.505050 0.000000
9291.791806 0.000000
9250.432876 0.000000
7790.512962 0.000000
4948.621132 0.000000
5113.776752 0.000000
4833.078720 0.000000
3446.308358 0.000000
1920.571483 0.000000
2369.191549 0.000000
2764.513900 0.000000
3268.612713 0.000000
3884.562815 0.000000
4451.033454 0.000000
4519.259108 0.000000
4278.973846 0.000000
4877.797122 0.000000
5860.506907 0.000000
6946.981583 0.000000
8059.219069 0.000000
8997.963750 0.000000
10024.975492 0.000000
10915.498487 0.000000
10997.959833 0.000000
9944.326381 0.000000
6372.556103 0.000000
6519.201815 0.000000
5738.083174 0.000000
3462.942428 0.000000
2392.800949 0.000000
2226.858617 0.000000
2113.440978 0.000000
648.448153 0.000000
867.401053 0.000000
1037.734495 0.000000
1238.128012 0.000000
1617.661565 0.000000
1922.085667 0.000000
2234.258443 0.000000
2513.623713 0.000000
2716.774863 0.000000
2707.262115 0.000000
2225.492055 0.000000
2228.807391 0.000000
2147.015027 0.000000
1945.315243 0.000000
933.653985 0.000000
254.169897 0.000000
20.332244 0.000000
25.364065 0.000000
40.326985 0.000000
59.973268 0.000000
84.056949 0.000000
122.665004 0.000000
145.227388 0.000000
176.816570 0.000000
229.803722 0.000000
292.320312 0.000000
358.264192 0.000000
415.428130 0.000000
494.396142 0.000000
549.384215 0.000000
581.512690 0.000000
551.077662 0.000000
410.934541 0.000000
367.882566 0.000000
295.579822 0.000000
149.213504 0.000000
97.441373 0.000000
46.509834 0.000000
85.964918 0.000000
88.927566 0.000000
169.579403 0.000000
305.406145 0.000000
382.938806 0.000000
498.407977 0.000000
648.956201 0.000000
835.660662 0.000000
1117.671988 0.000000
1360.665377 0.000000
1661.081607 0.000000
2043.712925 0.000000
2448.429635 0.000000
2815.946714 0.000000
3312.175139 0.000000
3842.734841 0.000000
4272.643464 0.000000
4601.988028 0.000000
4542.318464 0.000000
3698.228849 0.000000
2184.293217 0.000000
1407.433505 0.000000
691.285394 0.000000
876.975927 0.000000
1003.379363 0.000000
1163.588169 0.000000
1315.099856 0.000000
1379.415003 0.000000
1360.032888 0.000000
1068.566839 0.000000
509.758806 0.000000
148.327885 0.000000
59.609474 0.000000
94.325986 0.000000
126.489885 0.000000
208.326861 0.000000
249.487198 0.000000
331.302838 0.000000
532.895901 0.000000
572.709479 0.000000
691.140143 0.000000
885.157684 0.000000
1074.966601 0.000000
1351.767765 0.000000
1774.818593 0.000000
2026.873051 0.000000
2285.450876 0.000000
2717.360855 0.000000
3167.367916 0.000000
3606.180039 0.000000
4193.924953 0.000000
4731.660744 0.000000
5018.120677 0.000000
5121.747512 0.000000
4492.884350 0.000000
2845.502719 0.000000
1361.857501 0.000000
426.490753 0.000000
549.418951 0.000000
672.204929 0.000000
817.170854 0.000000
961.652019 0.000000
1099.726226 0.000000
1237.190891 0.000000
1295.389756 0.000000
1248.539035 0.000000
985.976746 0.000000
416.334925 0.000000
44.421737 0.000000
55.320183 0.000000
68.349334 0.000000
82.186256 0.000000
103.301971 0.000000
127.579486 0.000000
149.434419 0.000000
189.469630 0.000000
238.075843 0.000000
282.406322 0.000000
317.681881 0.000000
346.300370 0.000000
358.051696 0.000000
328.789303 0.000000
288.876400 0.000000
346.771903 0.000000
399.636607 0.000000
432.398529 0.000000
468.316826 0.000000
519.206614 0.000000
662.728898 0.000000
812.615427 0.000000
954.477025 0.000000
1180.683047 0.000000
1351.277285 0.000000
1516.754251 0.000000
1696.944779 0.000000
1874.584116 0.000000
2143.711833 0.000000
2381.173589 0.000000
2769.790946 0.000000
3089.892474 0.000000
3159.237128 0.000000
2895.011698 0.000000
2032.657726 0.000000
744.106459 0.000000
64.020210 0.000000
76.045100 0.000000
102.603847 0.000000
143.057960 0.000000
176.740897 0.000000
217.494422 0.000000
262.352006 0.000000
336.903820 0.000000
407.022614 0.000000
486.570219 0.000000
553.696824 0.000000
659.213679 0.000000
734.488536 0.000000
779.103266 0.000000
776.356741 0.000000
647.710814 0.000000
396.335518 0.000000
260.912742 0.000000
175.070812 0.000000
181.973812 0.000000
172.980085 0.000000
135.682034 0.000000
36.654880 0.000000
0.000000 0.000000
4.361759 0.000000
8.706036 0.000000
13.032831 0.000000
21.633975 0.000000
34.404576 0.000000
42.830900 0.000000
55.339271 0.000000
73.804866 0.000000
101.811474 0.000000
121.303889 0.000000
164.462751 0.000000
201.791745 0.000000
248.591330 0.000000
294.692246 0.000000
341.053665 0.000000
405.132871 0.000000
465.109882 0.000000
515.488287 0.000000
531.046554 0.000000
498.924584 0.000000
364.994134 0.000000
190.664581 0.000000
17.686053 0.000000
0.000000 0.000000
0.000000 0.000000
0.000000 0.000000
0.000000 0.000000
0.000000 0.000000
0.000000 0.000000
0.000000 0.000000
0.000000 0.000000
0.000000 0.000000
0.000000 0.000000
0.000000 0.000000
0.000000 0.000000
0.000000 0.000000
0.000000 0.000000
0.000000 0.000000
0.000000 0.000000
0.000000 0.000000
0.000000 0.000000
0.000000 0.000000
0.000000 0.000000
0.000000 0.000000
0.000000 0.000000
0.000000 0.000000
0.000000 0.000000
0.000000 0.000000
0.000000 0.000000
0.000000 0.000000
0.000000 0.000000
0.000000 0.000000
0.000000 0.000000
0.000000 0.000000
0.000000 0.000000
0.000000 0.000000
0.000000 0.000000
0.000000 0.000000
0.000000 0.000000
0.000000 0.000000
0.000000 0.000000
0.000000 0.000000
0.000000 0.000000
0.000000 0.000000
0.000000 0.000000
0.000000 0.000000
0.000000 0.000000
0.000000 0.000000
0.000000 0.000000
0.000000 0.000000
0.000000 0.000000
0.000000 0.000000
0.000000 0.000000
0.000000 0.000000
0.000000 0.000000
0.000000 0.000000
0.000000 0.000000
0.000000 0.000000
0.000000 0.000000
0.000000 0.000000
0.000000 0.000000
3.395695 0.000000
6.777780 0.000000
15.171993 0.000000
20.163703 0.000000
28.415002 0.000000
38.187450 0.000000
43.766436 0.000000
59.565135 0.000000
67.889920 0.000000
96.356236 0.000000
121.617580 0.000000
146.001570 0.000000
185.472066 0.000000
241.812740 0.000000
287.544459 0.000000
317.984233 0.000000
337.808203 0.000000
339.467136 0.000000
307.424728 0.000000
239.223061 0.000000
191.748994 0.000000
125.503430 0.000000
39.158353 0.000000
47.478017 0.000000
57.007414 0.000000
67.893101 0.000000
77.589626 0.000000
87.437123 0.000000
94.604236 0.000000
97.329598 0.000000
88.504157 0.000000
59.066575 0.000000
49.366488 0.000000
34.913805 0.000000
13.454854 0.000000
15.897367 0.000000
18.752638 0.000000
22.108341 0.000000
24.911974 0.000000
25.936925 0.000000
25.117862 0.000000
21.030517 0.000000
12.377114 0.000000
12.436936 0.000000
13.171935 0.000000
12.893276 0.000000
11.310725 0.000000
5.831737 0.000000
7.429592 0.000000
9.428545 0.000000
11.176459 0.000000
12.671066 0.000000
14.256042 0.000000
16.265981 0.000000
15.892386 0.000000
17.097459 0.000000
20.236924 0.000000
24.219850 0.000000
29.672901 0.000000
39.520392 0.000000
50.253517 0.000000
63.117161 0.000000
76.107503 0.000000
89.644631 0.000000
103.476176 0.000000
112.488245 0.000000
113.769800 0.000000
98.614958 0.000000
60.642409 0.000000
28.647462 0.000000
0.000000 0.000000
0.000000 0.000000
0.000000 0.000000
0.000000 0.000000
0.000000 0.000000
0.000000 0.000000
0.000000 0.000000
0.000000 0.000000
0.000000 0.000000
0.000000 0.000000
0.000000 0.000000
0.000000 0.000000
0.000000 0.000000
0.000000 0.000000
0.000000 0.000000
0.000000 0.000000
0.000000 0.000000
0.000000 0.000000
0.000000 0.000000
0.000000 0.000000
0.000000 0.000000
0.000000 0.000000
0.000000 0.000000
0.000000 0.000000
0.000000 0.000000
0.000000 0.000000
0.000000 0.000000
0.000000 0.000000
0.000000 0.000000
0.000000 0.000000
0.000000 0.000000
0.000000 0.000000
0.000000 0.000000
0.000000 0.000000
0.000000 0.000000
0.000000 0.000000
0.000000 0.000000
0.000000 0.000000
0.000000 0.000000
0.000000 0.000000
0.000000 0.000000
0.000000 0.000000
0.000000 0.000000
0.000000 0.000000
0.000000 0.000000
0.000000 0.000000
0.000000 0.000000
0.000000 0.000000
0.000000 0.000000
0.000000 0.000000
0.000000 0.000000
0.000000 0.000000
0.000000 0.000000
0.000000 0.000000
0.000000 0.000000
0.000000 0.000000
0.000000 0.000000
0.000000 0.000000
0.000000 0.000000
0.000000 0.000000
0.000000 0.000000
0.000000 0.000000
0.000000 0.000000
0.000000 0.000000
0.000000 0.000000
0.000000 0.000000
0.000000 0.000000
0.000000 0.000000
0.000000 0.000000
0.000000 0.000000
0.000000 0.000000
0.000000 0.000000
0.000000 0.000000
0.000000 0.000000
0.000000 0.000000
0.000000 0.000000
0.000000 0.000000
0.000000 0.000000
0.000000 0.000000
0.000000 0.000000
0.000000 0.000000
0.000000 0.000000
0.000000 0.000000
0.000000 0.000000
0.000000 0.000000
0.000000 0.000000
0.000000 0.000000
0.000000 0.000000
0.000000 0.000000
0.000000 0.000000
0.000000 0.000000
0.000000 0.000000
0.000000 0.000000
0.000000 0.000000
0.000000 0.000000
0.000000 0.000000
0.000000 0.000000
0.000000 0.000000
0.000000 0.000000
0.000000 0.000000
0.000000 0.000000
0.000000 0.000000
0.000000 0.000000
0.000000 0.000000
0.000000 0.000000
0.000000 0.000000
0.000000 0.000000
0.000000 0.000000
0.000000 0.000000
0.000000 0.000000
0.000000 0.000000
0.000000 0.000000
0.000000 0.000000
9.830799 0.000000
19.622196 0.000000
29.374191 0.000000
48.759975 0.000000
72.725367 0.000000
96.484422 0.000000
124.750457 0.000000
180.218671 0.000000
220.880255 0.000000
291.165907 0.000000
329.785937 0.000000
375.559859 0.000000
468.651806 0.000000
578.397560 0.000000
726.348578 0.000000
835.280157 0.000000
971.382429 0.000000
1103.084751 0.000000
1219.956527 0.000000
1249.072573 0.000000
1106.680440 0.000000
744.757007 0.000000
405.288708 0.000000
85.816865 0.000000
0.000000 0.000000
0.000000 0.000000
0.000000 0.000000
0.000000 0.000000
0.000000 0.000000
0.000000 0.000000
0.000000 0.000000
0.000000 0.000000
0.000000 0.000000
0.000000 0.000000
0.000000 0.000000
0.000000 0.000000
0.000000 0.000000
0.000000 0.000000
0.000000 0.000000
0.000000 0.000000
0.000000 0.000000
0.000000 0.000000
0.000000 0.000000
0.000000 0.000000
0.000000 0.000000
0.000000 0.000000
0.000000 0.000000
0.000000 0.000000
0.000000 0.000000
0.000000 0.000000
0.000000 0.000000
0.000000 0.000000
0.000000 0.000000
0.000000 0.000000
0.000000 0.000000
0.000000 0.000000
0.000000 0.000000
0.000000 0.000000
0.000000 0.000000
0.000000 0.000000
0.000000 0.000000
0.000000 0.000000
0.000000 0.000000
0.000000 0.000000
0.000000 0.000000
0.000000 0.000000
0.000000 0.000000
0.000000 0.000000
0.000000 0.000000
0.000000 0.000000
0.000000 0.000000
0.000000 0.000000
0.000000 0.000000
0.000000 0.000000
0.000000 0.000000
0.000000 0.000000
0.000000 0.000000
0.000000 0.000000
0.000000 0.000000
0.000000 0.000000
0.000000 0.000000
0.000000 0.000000
0.000000 0.000000
0.000000 0.000000
0.000000 0.000000
0.000000 0.000000
0.000000 0.000000
0.000000 0.000000
0.000000 0.000000
0.000000 0.000000
0.000000 0.000000
0.000000 0.000000
0.000000 0.000000
0.000000 0.000000
0.000000 0.000000
0.000000 0.000000
0.000000 0.000000
0.000000 0.000000
0.000000 0.000000
0.000000 0.000000
0.000000 0.000000
0.000000 0.000000
0.000000 0.000000
0.000000 0.000000
0.000000 0.000000
0.000000 0.000000
0.000000 0.000000
0.000000 0.000000
0.000000 0.000000
0.000000 0.000000
0.000000 0.000000
0.000000 0.000000
0.000000 0.000000
0.000000 0.000000
0.000000 0.000000
0.000000 0.000000
0.000000 0.000000
0.000000 0.000000
0.000000 0.000000
0.000000 0.000000
0.000000 0.000000
0.000000 0.000000
0.000000 0.000000
0.000000 0.000000
0.000000 0.000000
0.000000 0.000000
0.000000 0.000000
0.000000 0.000000
0.000000 0.000000
0.000000 0.000000
0.000000 0.000000
0.000000 0.000000
0.000000 0.000000
0.000000 0.000000
0.000000 0.000000
0.000000 0.000000
0.000000 0.000000
0.000000 0.000000
0.000000 0.000000
0.000000 0.000000
0.000000 0.000000
0.000000 0.000000
0.000000 0.000000
0.000000 0.000000
0.000000 0.000000
0.000000 0.000000
0.000000 0.000000
0.000000 0.000000
0.000000 0.000000
0.000000 0.000000
0.000000 0.000000
0.000000 0.000000
0.000000 0.000000
0.000000 0.000000
0.000000 0.000000
0.000000 0.000000
0.000000 0.000000
0.000000 0.000000
0.000000 0.000000
0.000000 0.000000
0.000000 0.000000
0.000000 0.000000
0.000000 0.000000
0.000000 0.000000
0.000000 0.000000
0.000000 0.000000
0.000000 0.000000
0.000000 0.000000
0.000000 0.000000
0.000000 0.000000
0.000000 0.000000
0.000000 0.000000
0.000000 0.000000
0.000000 0.000000
0.000000 0.000000
0.000000 0.000000
0.000000 0.000000
0.000000 0.000000
0.000000 0.000000
0.000000 0.000000
0.000000 0.000000
0.000000 0.000000
0.000000 0.000000
0.000000 0.000000
0.000000 0.000000
0.000000 0.000000
0.000000 0.000000
0.000000 0.000000
0.000000 0.000000
0.000000 0.000000
