30881070.675209 0.000000
30031957.738010 0.000000
29643304.069857 0.000000
29211043.803514 0.000000
29251192.837010 0.000000
29470198.223852 0.000000
29441668.441819 0.000000
29144837.031875 0.000000
29062710.448257 0.000000
28559374.794165 0.000000
28505950.880981 0.000000
28817569.421663 0.000000
28278518.454290 0.000000
28383488.654550 0.000000
28470290.746116 0.000000
27816009.295396 0.000000
27719150.238902 0.000000
27281785.364644 0.000000
27660690.028048 0.000000
27153395.642526 0.000000
27430792.734204 0.000000
25506871.199079 0.000000
23305160.490398 0.000000
21072503.297075 0.000000
19280469.494883 0.000000
14764401.795769 0.000000
8839312.175052 0.000000
3924349.074022 0.000000
4576182.686827 0.000000
5251491.168990 0.000000
6466219.629826 0.000000
7743851.459874 0.000000
9051864.285907 0.000000
10477663.344761 0.000000
12575938.184764 0.000000
14157490.107023 0.000000
15699998.868688 0.000000
9349320.031363 0.000000
982068.749576 0.000000
1018860.864979 0.000000
1067412.405799 0.000000
955036.619196 0.000000
958236.990798 0.000000
1005501.781571 0.000000
980530.496995 0.000000
824246.002593 0.000000
855764.003984 0.000000
731954.973792 0.000000
833938.173573 0.000000
919629.820556 0.000000
970763.602912 0.000000
920584.039148 0.000000
579484.281888 0.000000
135527.864596 0.000000
86710.477524 0.000000
94709.730596 0.000000
97077.674422 0.000000
78997.215771 0.000000
61083.325010 0.000000
42785.934148 0.000000
49042.358593 0.000000
54005.384703 0.000000
54591.366979 0.000000
49502.472446 0.000000
37042.452340 0.000000
29416.522748 0.000000
31366.415800 0.000000
35940.858893 0.000000
42179.964277 0.000000
47471.320433 0.000000
49952.446494 0.000000
49413.659864 0.000000
45498.161446 0.000000
29037.613700 0.000000
32018.748359 0.000000
34298.616221 0.000000
33640.925992 0.000000
25884.042201 0.000000
21628.210061 0.000000
23417.140418 0.000000
23507.910181 0.000000
21038.006431 0.000000
15014.118844 0.000000
15065.844067 0.000000
14938.224320 0.000000
15633.709526 0.000000
14324.102366 0.000000
11890.873818 0.000000
7747.057306 0.000000
1960.123045 0.000000
1731.094301 0.000000
2219.168578 0.000000
2664.980581 0.000000
3098.549536 0.000000
3819.333041 0.000000
4450.766786 0.000000
5086.668007 0.000000
5260.597806 0.000000
4648.019791 0.000000
3542.952565 0.000000
2342.540855 0.000000
2376.490583 0.000000
2676.587198 0.000000
2900.807977 0.000000
2909.106750 0.000000
2439.560927 0.000000
1392.786912 0.000000
1672.953913 0.000000
2055.385071 0.000000
2497.524017 0.000000
2555.864870 0.000000
2585.451674 0.000000
3255.463062 0.000000
3997.061077 0.000000
4703.366148 0.000000
5695.771556 0.000000
6434.669573 0.000000
7258.491835 0.000000
7465.038784 0.000000
6997.431599 0.000000
5615.989532 0.000000
3782.841742 0.000000
3916.023085 0.000000
3563.395946 0.000000
2584.262399 0.000000
1115.913452 0.000000
1321.519624 0.000000
1492.345360 0.000000
1750.512042 0.000000
1919.988396 0.000000
2015.653074 0.000000
2003.457782 0.000000
1756.079691 0.000000
1585.598154 0.000000
1178.985749 0.000000
1339.137388 0.000000
1431.784027 0.000000
1393.734970 0.000000
1137.146583 0.000000
868.978002 0.000000
852.880235 0.000000
779.401694 0.000000
833.274856 0.000000
785.461489 0.000000
589.645016 0.000000
433.997320 0.000000
311.088518 0.000000
269.555444 0.000000
234.064641 0.000000
188.401574 0.000000
92.442425 0.000000
22.023365 0.000000
43.958460 0.000000
65.805285 0.000000
109.234125 0.000000
152.309885 0.000000
216.261500 0.000000
310.688097 0.000000
382.870661 0.000000
484.027637 0.000000
646.035890 0.000000
787.841051 0.000000
1004.234259 0.000000
1248.168011 0.000000
1403.897783 0.000000
1617.080081 0.000000
1957.912188 0.000000
2246.753673 0.000000
2509.627406 0.000000
2639.557508 0.000000
2519.062439 0.000000
1868.873943 0.000000
1221.320358 0.000000
1337.874750 0.000000
1397.067123 0.000000
1257.608361 0.000000
708.816093 0.000000
474.818096 0.000000
537.794651 0.000000
589.086348 0.000000
645.674205 0.000000
676.879335 0.000000
628.341254 0.000000
467.270013 0.000000
275.515093 0.000000
318.057953 0.000000
338.917516 0.000000
339.406983 0.000000
297.580066 0.000000
185.607244 0.000000
78.627059 0.000000
91.468359 0.000000
111.462789 0.000000
129.865889 0.000000
147.320496 0.000000
166.911171 0.000000
176.325645 0.000000
169.821039 0.000000
133.380043 0.000000
69.534447 0.000000
31.319743 0.000000
0.000000 0.000000
0.000000 0.000000
0.000000 0.000000
0.000000 0.000000
0.000000 0.000000
0.000000 0.000000
0.000000 0.000000
0.000000 0.000000
0.000000 0.000000
25.749398 0.000000
51.395592 0.000000
76.938582 0.000000
127.714950 0.000000
152.948328 0.000000
203.105472 0.000000
252.849800 0.000000
277.567158 0.000000
351.100008 0.000000
411.654955 0.000000
542.595030 0.000000
704.625310 0.000000
894.340063 0.000000
1044.398679 0.000000
1330.583371 0.000000
1590.799170 0.000000
1792.356591 0.000000
2148.448950 0.000000
2583.769830 0.000000
2928.825934 0.000000
3089.929581 0.000000
3012.772849 0.000000
2389.438478 0.000000
1623.297799 0.000000
1734.250253 0.000000
1674.197359 0.000000
1328.949183 0.000000
491.270256 0.000000
77.149425 0.000000
93.909653 0.000000
114.659164 0.000000
139.275749 0.000000
167.584822 0.000000
209.192961 0.000000
280.157686 0.000000
336.428829 0.000000
422.503949 0.000000
482.847306 0.000000
576.639116 0.000000
678.400764 0.000000
834.986691 0.000000
942.874113 0.000000
1028.569635 0.000000
1067.898570 0.000000
1006.719166 0.000000
706.183993 0.000000
319.954766 0.000000
0.000000 0.000000
0.000000 0.000000
0.000000 0.000000
0.000000 0.000000
0.000000 0.000000
0.000000 0.000000
0.000000 0.000000
0.000000 0.000000
0.000000 0.000000
0.000000 0.000000
0.000000 0.000000
0.000000 0.000000
0.000000 0.000000
0.000000 0.000000
0.000000 0.000000
0.000000 0.000000
0.000000 0.000000
0.000000 0.000000
0.000000 0.000000
0.000000 0.000000
0.000000 0.000000
0.000000 0.000000
0.000000 0.000000
0.000000 0.000000
0.000000 0.000000
0.000000 0.000000
0.000000 0.000000
0.000000 0.000000
0.000000 0.000000
0.000000 0.000000
0.000000 0.000000
0.000000 0.000000
18.435056 0.000000
36.796224 0.000000
55.083504 0.000000
58.014287 0.000000
76.222242 0.000000
94.356309 0.000000
157.232174 0.000000
219.184438 0.000000
323.333897 0.000000
395.631579 0.000000
546.734159 0.000000
660.632804 0.000000
816.695468 0.000000
934.002980 0.000000
1183.092378 0.000000
1529.311205 0.000000
1792.860385 0.000000
2056.241377 0.000000
2244.865762 0.000000
2321.277172 0.000000
2187.356963 0.000000
1689.332290 0.000000
968.916434 0.000000
532.967998 0.000000
205.343988 0.000000
239.080787 0.000000
310.197987 0.000000
377.200549 0.000000
457.939352 0.000000
524.498586 0.000000
565.293998 0.000000
599.289405 0.000000
580.912074 0.000000
444.835777 0.000000
189.428051 0.000000
14.618279 0.000000
0.000000 0.000000
0.000000 0.000000
0.000000 0.000000
0.000000 0.000000
0.000000 0.000000
0.000000 0.000000
0.000000 0.000000
0.000000 0.000000
0.000000 0.000000
0.000000 0.000000
0.000000 0.000000
0.000000 0.000000
0.000000 0.000000
0.000000 0.000000
0.000000 0.000000
0.000000 0.000000
0.000000 0.000000
0.000000 0.000000
0.000000 0.000000
0.000000 0.000000
0.000000 0.000000
0.000000 0.000000
0.000000 0.000000
0.000000 0.000000
0.000000 0.000000
0.000000 0.000000
0.000000 0.000000
0.000000 0.000000
0.000000 0.000000
0.000000 0.000000
0.000000 0.000000
0.000000 0.000000
0.000000 0.000000
0.000000 0.000000
0.000000 0.000000
0.000000 0.000000
0.000000 0.000000
0.000000 0.000000
0.000000 0.000000
0.000000 0.000000
0.000000 0.000000
0.000000 0.000000
0.000000 0.000000
0.000000 0.000000
0.000000 0.000000
0.000000 0.000000
0.000000 0.000000
0.000000 0.000000
0.000000 0.000000
0.000000 0.000000
0.000000 0.000000
0.000000 0.000000
0.000000 0.000000
0.000000 0.000000
24.968463 0.000000
24.968463 0.000000
49.836852 0.000000
99.273408 0.000000
172.677687 0.000000
221.113503 0.000000
269.149023 0.000000
387.486528 0.000000
445.704809 0.000000
650.056353 0.000000
797.653516 0.000000
898.340977 0.000000
1093.560864 0.000000
1387.266407 0.000000
1596.409166 0.000000
1964.181893 0.000000
2284.100692 0.000000
2638.769276 0.000000
2865.679713 0.000000
2967.289157 0.000000
2739.402285 0.000000
1952.797217 0.000000
1724.505489 0.000000
1750.557356 0.000000
1578.576686 0.000000
1058.982636 0.000000
367.382852 0.000000
77.018010 0.000000
96.224044 0.000000
118.547697 0.000000
151.156053 0.000000
184.930780 0.000000
218.580133 0.000000
258.991614 0.000000
289.895520 0.000000
342.538343 0.000000
365.012856 0.000000
358.723342 0.000000
299.813065 0.000000
188.268324 0.000000
195.123236 0.000000
178.937049 0.000000
131.026032 0.000000
45.855569 0.000000
59.240574 0.000000
74.477953 0.000000
85.489899 0.000000
97.566697 0.000000
103.423264 0.000000
102.227138 0.000000
85.508368 0.000000
43.021125 0.000000
12.444727 0.000000
5.599144 0.000000
7.925209 0.000000
9.489961 0.000000
10.792290 0.000000
12.615495 0.000000
14.812724 0.000000
16.893730 0.000000
19.650943 0.000000
22.156559 0.000000
23.706638 0.000000
23.791184 0.000000
21.361025 0.000000
13.101865 0.000000
12.388145 0.000000
13.546839 0.000000
14.342468 0.000000
13.563102 0.000000
10.441961 0.000000
5.281213 0.000000
1.026831 0.000000
0.838944 0.000000
1.130491 0.000000
1.328356 0.000000
1.524384 0.000000
1.715139 0.000000
2.069880 0.000000
2.402955 0.000000
2.684952 0.000000
2.970135 0.000000
2.972236 0.000000
2.594967 0.000000
1.547082 0.000000
1.240917 0.000000
1.420809 0.000000
1.537605 0.000000
1.537332 0.000000
1.339656 0.000000
0.822918 0.000000
0.541938 0.000000
0.642099 0.000000
0.727905 0.000000
0.790528 0.000000
0.779881 0.000000
0.684433 0.000000
0.366394 0.000000
0.349903 0.000000
0.395442 0.000000
0.425328 0.000000
0.428911 0.000000
0.365495 0.000000
0.183436 0.000000
0.170747 0.000000
0.184740 0.000000
0.189375 0.000000
0.176452 0.000000
0.134779 0.000000
0.046528 0.000000
0.047124 0.000000
0.047859 0.000000
0.047371 0.000000
0.046624 0.000000
0.045600 0.000000
0.044275 0.000000
0.042336 0.000000
0.037536 0.000000
0.032224 0.000000
0.027156 0.000000
0.016275 0.000000
0.004419 0.000000
0.003936 0.000000
0.001984 0.000000
0.001491 0.000000
0.001491 0.000000
0.001491 0.000000
0.002475 0.000000
0.001984 0.000000
0.002475 0.000000
0.002475 0.000000
0.002964 0.000000
0.002964 0.000000
0.003936 0.000000
0.003936 0.000000
0.003936 0.000000
0.003936 0.000000
0.003451 0.000000
0.002964 0.000000
0.002475 0.000000
0.001491 0.000000
0.000996 0.000000
0.000499 0.000000
0.000000 0.000000
0.000000 0.000000
0.000000 0.000000
0.000000 0.000000
0.000000 0.000000
0.000000 0.000000
0.000000 0.000000
0.000000 0.000000
0.000000 0.000000
0.000000 0.000000
0.000000 0.000000
0.000000 0.000000
0.000000 0.000000
0.000000 0.000000
0.000000 0.000000
0.000000 0.000000
0.000000 0.000000
0.000000 0.000000
0.000000 0.000000
0.000000 0.000000
0.000000 0.000000
5.510457 0.000000
10.998828 0.000000
19.186966 0.000000
21.897777 0.000000
32.719921 0.000000
32.719921 0.000000
43.453721 0.000000
64.656289 0.000000
80.326312 0.000000
98.342742 0.000000
133.592019 0.000000
167.759082 0.000000
214.647275 0.000000
276.576102 0.000000
328.008057 0.000000
385.853001 0.000000
457.435534 0.000000
535.771418 0.000000
594.586074 0.000000
659.540425 0.000000
666.891265 0.000000
581.110082 0.000000
319.089420 0.000000
168.609946 0.000000
0.000000 0.000000
0.000000 0.000000
0.000000 0.000000
0.000000 0.000000
0.000000 0.000000
0.000000 0.000000
0.000000 0.000000
0.000000 0.000000
0.000000 0.000000
0.000000 0.000000
0.000000 0.000000
0.000000 0.000000
0.000000 0.000000
0.000000 0.000000
0.000000 0.000000
0.000000 0.000000
0.000000 0.000000
0.000000 0.000000
0.000000 0.000000
0.000000 0.000000
0.000000 0.000000
0.000000 0.000000
0.000000 0.000000
0.000000 0.000000
0.000000 0.000000
0.000000 0.000000
0.000000 0.000000
0.000000 0.000000
0.000000 0.000000
0.000000 0.000000
0.000000 0.000000
0.000000 0.000000
0.000000 0.000000
0.000000 0.000000
0.000000 0.000000
0.000000 0.000000
0.000000 0.000000
0.000000 0.000000
0.000000 0.000000
0.000000 0.000000
0.000000 0.000000
0.000000 0.000000
0.000000 0.000000
0.000000 0.000000
0.000000 0.000000
0.000000 0.000000
0.000000 0.000000
0.000000 0.000000
0.000000 0.000000
0.000000 0.000000
0.000000 0.000000
0.000000 0.000000
0.000000 0.000000
0.000000 0.000000
0.000000 0.000000
0.000000 0.000000
0.000000 0.000000
0.000000 0.000000
0.000000 0.000000
0.000000 0.000000
0.000000 0.000000
0.000000 0.000000
0.000000 0.000000
0.000000 0.000000
0.000000 0.000000
0.000000 0.000000
0.000000 0.000000
0.000000 0.000000
0.000000 0.000000
0.000000 0.000000
0.000000 0.000000
0.000000 0.000000
0.000000 0.000000
0.000000 0.000000
0.000000 0.000000
0.000000 0.000000
0.000000 0.000000
0.000000 0.000000
0.000000 0.000000
0.000000 0.000000
0.000000 0.000000
0.000000 0.000000
0.000000 0.000000
0.000000 0.000000
0.000000 0.000000
0.000000 0.000000
0.000000 0.000000
0.000000 0.000000
0.000000 0.000000
0.000000 0.000000
0.000000 0.000000
0.000000 0.000000
0.000000 0.000000
0.000000 0.000000
0.000000 0.000000
0.000000 0.000000
0.000000 0.000000
0.000000 0.000000
0.000000 0.000000
0.000000 0.000000
0.000000 0.000000
0.000000 0.000000
0.000000 0.000000
0.000000 0.000000
0.000000 0.000000
0.000000 0.000000
0.000000 0.000000
0.000000 0.000000
0.000000 0.000000
0.000000 0.000000
0.000000 0.000000
0.000000 0.000000
0.000000 0.000000
0.000000 0.000000
0.000000 0.000000
0.000000 0.000000
0.000000 0.000000
0.000000 0.000000
0.000000 0.000000
0.000000 0.000000
0.000000 0.000000
0.000000 0.000000
0.000000 0.000000
0.000000 0.000000
0.000000 0.000000
0.000000 0.000000
0.000000 0.000000
0.000000 0.000000
0.000000 0.000000
0.000000 0.000000
0.000000 0.000000
0.000000 0.000000
0.000000 0.000000
0.000000 0.000000
0.000000 0.000000
0.000000 0.000000
0.000000 0.000000
3.663159 0.000000
7.311636 0.000000
10.945431 0.000000
16.367005 0.000000
25.326936 0.000000
37.715106 0.000000
44.718414 0.000000
57.221852 0.000000
72.105320 0.000000
81.764904 0.000000
101.712152 0.000000
113.586993 0.000000
129.766084 0.000000
146.875445 0.000000
187.075493 0.000000
210.859603 0.000000
255.045922 0.000000
318.675188 0.000000
377.930344 0.000000
443.370549 0.000000
500.086494 0.000000
559.454437 0.000000
591.622310 0.000000
583.755871 0.000000
614.184407 0.000000
641.615658 0.000000
671.652532 0.000000
646.822412 0.000000
508.225173 0.000000
258.911455 0.000000
152.819866 0.000000
0.000000 0.000000
0.000000 0.000000
0.000000 0.000000
0.000000 0.000000
0.000000 0.000000
0.000000 0.000000
0.000000 0.000000
0.000000 0.000000
0.000000 0.000000
0.000000 0.000000
0.000000 0.000000
0.000000 0.000000
0.000000 0.000000
0.000000 0.000000
0.000000 0.000000
0.000000 0.000000
0.000000 0.000000
0.000000 0.000000
0.000000 0.000000
0.000000 0.000000
0.000000 0.000000
0.000000 0.000000
0.000000 0.000000
0.000000 0.000000
0.000000 0.000000
0.000000 0.000000
0.000000 0.000000
0.000000 0.000000
0.000000 0.000000
0.000000 0.000000
0.000000 0.000000
0.000000 0.000000
0.000000 0.000000
0.000000 0.000000
0.000000 0.000000
0.000000 0.000000
0.000000 0.000000
0.000000 0.000000
0.000000 0.000000
0.000000 0.000000
0.000000 0.000000
0.000000 0.000000
0.000000 0.000000
0.000000 0.000000
0.000000 0.000000
0.000000 0.000000
0.000000 0.000000
0.000000 0.000000
0.000000 0.000000
0.000000 0.000000
0.000000 0.000000
0.000000 0.000000
0.000000 0.000000
0.000000 0.000000
0.000000 0.000000
0.000000 0.000000
0.000000 0.000000
0.000000 0.000000
0.000000 0.000000
0.000000 0.000000
0.000000 0.000000
0.000000 0.000000
0.000000 0.000000
0.000000 0.000000
0.000000 0.000000
0.000000 0.000000
0.000000 0.000000
0.000000 0.000000
0.000000 0.000000
0.000000 0.000000
0.000000 0.000000
0.000000 0.000000
0.000000 0.000000
0.000000 0.000000
0.000000 0.000000
0.000000 0.000000
0.000000 0.000000
0.000000 0.000000
0.000000 0.000000
0.000000 0.000000
0.000000 0.000000
0.000000 0.000000
0.000000 0.000000
0.000000 0.000000
0.000000 0.000000
0.000000 0.000000
0.000000 0.000000
0.000000 0.000000
0.000000 0.000000
0.000000 0.000000
0.000000 0.000000
0.000000 0.000000
0.000000 0.000000
0.000000 0.000000
0.000000 0.000000
0.000000 0.000000
0.000000 0.000000
0.000000 0.000000
0.000000 0.000000
0.000000 0.000000
0.000000 0.000000
0.000000 0.000000
5.670636 0.000000
11.318544 0.000000
16.943724 0.000000
22.546176 0.000000
33.682896 0.000000
55.683600 0.000000
88.002816 0.000000
103.855596 0.000000
129.822336 0.000000
160.232400 0.000000
192.227742 0.000000
225.524262 0.000000
262.139070 0.000000
308.038266 0.000000
380.671272 0.000000
434.911644 0.000000
514.485213 0.000000
598.807570 0.000000
662.572257 0.000000
678.245028 0.000000
625.832453 0.000000
456.647750 0.000000
493.088353 0.000000
489.578395 0.000000
416.218025 0.000000
288.936655 0.000000
253.455832 0.000000
168.483159 0.000000
165.928495 0.000000
227.247969 0.000000
257.230971 0.000000
330.478801 0.000000
412.007306 0.000000
479.046172 0.000000
572.797559 0.000000
675.923119 0.000000
792.371345 0.000000
968.307956 0.000000
1112.536086 0.000000
1240.634760 0.000000
1274.974511 0.000000
1198.814492 0.000000
903.245000 0.000000
786.726938 0.000000
680.941957 0.000000
316.861872 0.000000
97.946011 0.000000
45.378745 0.000000
0.689119 0.000000
1.375476 0.000000
2.059071 0.000000
