30009595.891452 0.000000
29013229.693027 0.000000
27074196.576081 0.000000
25416366.433964 0.000000
23597578.083755 0.000000
22175626.856280 0.000000
20805171.112700 0.000000
20349162.933512 0.000000
19651798.261960 0.000000
18824901.569427 0.000000
17953557.159293 0.000000
17308761.492760 0.000000
17037863.979006 0.000000
15940100.418583 0.000000
15026712.191026 0.000000
14435839.425515 0.000000
13785154.522103 0.000000
13368218.188493 0.000000
12826541.928579 0.000000
12268634.650520 0.000000
12023196.393361 0.000000
11704717.393915 0.000000
11503868.779986 0.000000
11241972.631641 0.000000
11086391.878380 0.000000
10721887.608660 0.000000
9890565.413655 0.000000
9407127.696078 0.000000
8858785.097275 0.000000
8722539.090857 0.000000
8290302.351054 0.000000
7405836.063713 0.000000
6909382.849350 0.000000
6329701.671190 0.000000
6557596.304572 0.000000
6465335.288146 0.000000
6048439.397079 0.000000
5798062.159973 0.000000
5341055.740671 0.000000
4589433.978453 0.000000
3820795.412101 0.000000
3913966.403448 0.000000
4435235.218612 0.000000
4708445.507392 0.000000
4576630.070511 0.000000
4437996.984093 0.000000
4313787.771089 0.000000
4197639.879138 0.000000
4164067.658316 0.000000
4309966.956928 0.000000
4430876.419723 0.000000
4809943.400920 0.000000
4801940.341698 0.000000
4793264.015685 0.000000
4655095.101584 0.000000
4364029.598791 0.000000
3522396.945092 0.000000
3003725.602045 0.000000
1934528.773760 0.000000
2000050.567416 0.000000
2331225.175613 0.000000
2671178.424036 0.000000
2823765.231508 0.000000
2811252.704047 0.000000
2645630.897150 0.000000
2315056.522999 0.000000
2141039.726672 0.000000
1975627.024838 0.000000
1903063.662004 0.000000
1820429.969915 0.000000
1787573.638513 0.000000
1691378.391357 0.000000
1617019.316442 0.000000
1585055.434524 0.000000
1534292.628591 0.000000
1627129.862268 0.000000
1601873.027893 0.000000
1525415.379362 0.000000
1515422.490870 0.000000
1187620.759505 0.000000
802730.766614 0.000000
906011.940654 0.000000
990621.453364 0.000000
1031147.254009 0.000000
1075261.258976 0.000000
1055783.798395 0.000000
1063384.707205 0.000000
1034159.510661 0.000000
994750.449866 0.000000
860575.667963 0.000000
703482.155757 0.000000
583732.000899 0.000000
473250.850165 0.000000
419431.204583 0.000000
318372.180326 0.000000
198835.439937 0.000000
217602.101755 0.000000
280884.485566 0.000000
346443.781212 0.000000
443161.913394 0.000000
518522.196613 0.000000
585815.780517 0.000000
631967.977238 0.000000
712589.008523 0.000000
757189.082834 0.000000
727133.075918 0.000000
707513.231684 0.000000
737008.541781 0.000000
731938.497145 0.000000
612135.511533 0.000000
355929.782231 0.000000
276269.708404 0.000000
135393.027864 0.000000
167194.845720 0.000000
194470.547402 0.000000
246325.870684 0.000000
298118.582241 0.000000
346915.369932 0.000000
388430.175093 0.000000
423161.518191 0.000000
425420.432539 0.000000
379298.320142 0.000000
335703.916950 0.000000
329664.922753 0.000000
358808.571584 0.000000
374252.344648 0.000000
390846.044693 0.000000
435218.857106 0.000000
461594.635235 0.000000
449105.905262 0.000000
377305.019674 0.000000
396947.688231 0.000000
364053.614763 0.000000
333876.322025 0.000000
283794.584445 0.000000
282145.370267 0.000000
233347.323129 0.000000
200887.201353 0.000000
215281.842797 0.000000
209802.165494 0.000000
216559.610733 0.000000
241948.072384 0.000000
251613.679288 0.000000
239221.196325 0.000000
244993.973571 0.000000
228133.755629 0.000000
189102.652986 0.000000
163884.623179 0.000000
130408.929443 0.000000
89363.892997 0.000000
7621.983479 0.000000
463.619516 0.000000
1939.806984 0.000000
2382.393444 0.000000
2721.784996 0.000000
3383.738420 0.000000
5423.628750 0.000000
8429.461679 0.000000
10035.550682 0.000000
12648.871784 0.000000
15068.380682 0.000000
20065.498566 0.000000
25376.498562 0.000000
31355.412539 0.000000
38507.218041 0.000000
47155.536284 0.000000
54477.538995 0.000000
62812.354417 0.000000
67918.977379 0.000000
71922.290420 0.000000
88465.165928 0.000000
101364.099220 0.000000
116103.795300 0.000000
127720.900545 0.000000
129196.745217 0.000000
125330.936706 0.000000
109360.488530 0.000000
105964.310974 0.000000
112093.319247 0.000000
111713.303461 0.000000
126742.010110 0.000000
137009.995903 0.000000
139636.399448 0.000000
129640.475386 0.000000
88767.880582 0.000000
86461.760479 0.000000
82764.137486 0.000000
75137.892303 0.000000
56928.592261 0.000000
29902.144749 0.000000
14123.521148 0.000000
14374.696656 0.000000
18156.342207 0.000000
21023.872509 0.000000
25029.109610 0.000000
33599.667501 0.000000
40607.468077 0.000000
51147.937017 0.000000
59692.706931 0.000000
61720.137033 0.000000
67996.508602 0.000000
84130.265079 0.000000
102534.482209 0.000000
124477.981398 0.000000
147763.438633 0.000000
182266.126670 0.000000
216497.540157 0.000000
238460.847421 0.000000
252740.163989 0.000000
283465.275182 0.000000
331790.815092 0.000000
374672.638112 0.000000
416344.850351 0.000000
449823.807860 0.000000
449588.767448 0.000000
391531.605406 0.000000
370734.166286 0.000000
398539.044827 0.000000
396432.984159 0.000000
352141.952572 0.000000
262916.399355 0.000000
203382.006249 0.000000
118662.015236 0.000000
18612.425060 0.000000
0.000000 0.000000
0.000000 0.000000
0.000000 0.000000
0.000000 0.000000
0.000000 0.000000
0.000000 0.000000
0.000000 0.000000
341.965199 0.000000
689.477822 0.000000
1028.688039 0.000000
1373.390287 0.000000
1709.845522 0.000000
2044.930156 0.000000
3148.995900 0.000000
3754.221830 0.000000
4897.122756 0.000000
6434.463010 0.000000
8648.576858 0.000000
12182.186184 0.000000
14780.883966 0.000000
18415.273546 0.000000
22839.629030 0.000000
26930.647806 0.000000
31614.233354 0.000000
35398.863023 0.000000
39195.930035 0.000000
41572.245012 0.000000
40073.454361 0.000000
29995.642355 0.000000
28984.479822 0.000000
28686.135133 0.000000
23522.954615 0.000000
10175.066409 0.000000
4898.455522 0.000000
1151.750271 0.000000
1493.023309 0.000000
1766.890498 0.000000
2214.017037 0.000000
2827.536913 0.000000
3581.697982 0.000000
4036.283808 0.000000
4408.050870 0.000000
4386.750661 0.000000
4414.492509 0.000000
5528.311764 0.000000
6479.435942 0.000000
8156.311581 0.000000
10085.753455 0.000000
12323.442257 0.000000
14474.133250 0.000000
16393.605534 0.000000
18186.398604 0.000000
19790.510150 0.000000
19878.423141 0.000000
20308.210570 0.000000
16505.882551 0.000000
18079.562612 0.000000
19071.676938 0.000000
18832.963077 0.000000
16228.637043 0.000000
7931.444929 0.000000
8924.156713 0.000000
10227.930673 0.000000
11297.641017 0.000000
12000.271111 0.000000
11328.270332 0.000000
8097.961522 0.000000
7449.322206 0.000000
8060.319473 0.000000
8643.273466 0.000000
9224.837384 0.000000
9902.696098 0.000000
10162.380158 0.000000
9801.172775 0.000000
10558.400359 0.000000
11077.994739 0.000000
12848.613070 0.000000
14626.994612 0.000000
16235.919973 0.000000
17205.359071 0.000000
17770.293441 0.000000
15723.518030 0.000000
13607.672132 0.000000
10738.847388 0.000000
9036.839913 0.000000
7204.608320 0.000000
4090.010693 0.000000
5246.224746 0.000000
6048.208075 0.000000
6910.332834 0.000000
8102.306214 0.000000
9884.895307 0.000000
11120.504986 0.000000
12196.377890 0.000000
14322.110305 0.000000
15574.080182 0.000000
17353.470436 0.000000
18004.354790 0.000000
17946.717916 0.000000
18944.090082 0.000000
17838.565153 0.000000
7496.946492 0.000000
8642.995978 0.000000
10158.444563 0.000000
11773.444824 0.000000
13652.948222 0.000000
14941.223078 0.000000
15034.324401 0.000000
13971.609216 0.000000
14628.741651 0.000000
16122.522920 0.000000
19217.825373 0.000000
22233.774250 0.000000
24261.266792 0.000000
25852.776052 0.000000
26559.068377 0.000000
22754.243252 0.000000
20610.481383 0.000000
9359.198371 0.000000
10717.923547 0.000000
12423.605666 0.000000
14298.384542 0.000000
15400.227744 0.000000
15393.757797 0.000000
13809.199672 0.000000
10300.943485 0.000000
6786.695502 0.000000
2565.748568 0.000000
1586.566312 0.000000
1985.560651 0.000000
2421.073631 0.000000
2862.112148 0.000000
3513.311602 0.000000
4637.875416 0.000000
5440.455385 0.000000
6911.322521 0.000000
8626.553118 0.000000
9957.809294 0.000000
10689.115990 0.000000
11826.788190 0.000000
14382.751613 0.000000
17063.700613 0.000000
19944.456101 0.000000
23641.319925 0.000000
26542.059409 0.000000
30124.652962 0.000000
27987.799385 0.000000
24796.136836 0.000000
19405.959165 0.000000
12708.220768 0.000000
5642.401970 0.000000
1015.699352 0.000000
880.073599 0.000000
701.587517 0.000000
881.185120 0.000000
1174.787944 0.000000
1501.968939 0.000000
1722.883186 0.000000
2063.783025 0.000000
2453.478006 0.000000
2855.058934 0.000000
3367.186986 0.000000
3787.645300 0.000000
4138.118771 0.000000
4372.017292 0.000000
4491.469783 0.000000
4148.283614 0.000000
2821.318076 0.000000
806.384351 0.000000
185.712064 0.000000
296.996034 0.000000
407.374565 0.000000
544.027457 0.000000
648.623135 0.000000
948.612166 0.000000
1299.093775 0.000000
1710.915334 0.000000
2607.845729 0.000000
3509.634323 0.000000
4510.449474 0.000000
5806.597347 0.000000
6892.015462 0.000000
7879.608966 0.000000
10175.176098 0.000000
13066.257279 0.000000
15580.419821 0.000000
17911.073534 0.000000
19889.618349 0.000000
20958.385884 0.000000
24543.432300 0.000000
27265.879206 0.000000
28540.676005 0.000000
29743.334880 0.000000
27391.940755 0.000000
23514.092483 0.000000
24397.459796 0.000000
25151.152395 0.000000
29308.711823 0.000000
34044.082134 0.000000
39196.136892 0.000000
42545.155945 0.000000
45960.026913 0.000000
51152.726286 0.000000
52577.200114 0.000000
48404.964058 0.000000
36874.916945 0.000000
20499.926584 0.000000
17895.348531 0.000000
20684.570575 0.000000
23185.157679 0.000000
24952.052453 0.000000
25360.984170 0.000000
23402.429088 0.000000
14891.789468 0.000000
12481.720838 0.000000
14400.056016 0.000000
16390.438282 0.000000
17331.120555 0.000000
16871.205022 0.000000
13711.421312 0.000000
11132.452469 0.000000
12505.863753 0.000000
14984.429335 0.000000
18269.243328 0.000000
20424.016404 0.000000
21838.409369 0.000000
21250.253871 0.000000
19666.009671 0.000000
19333.519239 0.000000
19042.327141 0.000000
19762.240358 0.000000
19581.950602 0.000000
16486.226667 0.000000
12145.125947 0.000000
14777.315412 0.000000
16448.111332 0.000000
18519.178979 0.000000
20355.000036 0.000000
20324.902452 0.000000
19069.059404 0.000000
20885.337250 0.000000
20220.602972 0.000000
21414.129388 0.000000
21191.167827 0.000000
18172.285862 0.000000
18198.455958 0.000000
19024.572698 0.000000
19549.895318 0.000000
19131.101747 0.000000
19676.086763 0.000000
21042.232720 0.000000
24045.063886 0.000000
25731.969826 0.000000
25114.276480 0.000000
21501.484481 0.000000
19611.375110 0.000000
14819.799135 0.000000
14525.793113 0.000000
16524.363537 0.000000
18049.901766 0.000000
18658.621532 0.000000
19061.547433 0.000000
18139.266427 0.000000
16375.104982 0.000000
11024.131420 0.000000
5554.969752 0.000000
922.311314 0.000000
1200.940660 0.000000
1463.372737 0.000000
2042.244183 0.000000
2399.585436 0.000000
3208.073351 0.000000
3806.689539 0.000000
3926.671813 0.000000
5365.280987 0.000000
6278.774531 0.000000
7473.223123 0.000000
10067.475487 0.000000
12254.188845 0.000000
25052.300766 0.000000
43592.043445 0.000000
56806.719070 0.000000
69567.250625 0.000000
104691.607186 0.000000
143791.737197 0.000000
171609.160921 0.000000
226160.640433 0.000000
248332.822073 0.000000
295022.119527 0.000000
362928.972455 0.000000
457683.680100 0.000000
523561.789205 0.000000
665227.418826 0.000000
790971.891151 0.000000
936593.673035 0.000000
1095243.621313 0.000000
1257139.410465 0.000000
1374311.403792 0.000000
1452715.514353 0.000000
1381967.305451 0.000000
1015222.000632 0.000000
727499.827217 0.000000
745704.637244 0.000000
694263.899747 0.000000
707616.839950 0.000000
722883.074723 0.000000
649127.698854 0.000000
500128.474403 0.000000
549097.298762 0.000000
588253.999390 0.000000
573132.887617 0.000000
514847.390437 0.000000
579604.348705 0.000000
595743.320149 0.000000
536623.648504 0.000000
478473.346611 0.000000
543290.672842 0.000000
595768.519517 0.000000
648712.864678 0.000000
516725.312778 0.000000
532510.773080 0.000000
510317.459642 0.000000
514709.515237 0.000000
529537.068593 0.000000
491340.612348 0.000000
423377.308705 0.000000
449469.690823 0.000000
429364.907166 0.000000
373424.278040 0.000000
230236.312978 0.000000
103896.275307 0.000000
940.471925 0.000000
2456.379473 0.000000
2646.709459 0.000000
4052.534307 0.000000
5466.342097 0.000000
7336.713989 0.000000
10517.753669 0.000000
13029.211143 0.000000
16148.509612 0.000000
21680.662703 0.000000
28762.473574 0.000000
35419.211793 0.000000
43876.734292 0.000000
52402.432076 0.000000
62255.610518 0.000000
73039.602710 0.000000
79926.740467 0.000000
87472.829796 0.000000
98366.687948 0.000000
108233.927105 0.000000
114143.722593 0.000000
107839.451077 0.000000
76064.452221 0.000000
55865.564767 0.000000
61104.320103 0.000000
61978.878472 0.000000
54529.138115 0.000000
42206.002657 0.000000
43322.406247 0.000000
42885.362969 0.000000
52019.445018 0.000000
58537.107048 0.000000
64393.287918 0.000000
64473.013886 0.000000
55464.207155 0.000000
43278.348921 0.000000
25653.209077 0.000000
14800.342394 0.000000
13781.127942 0.000000
14867.396106 0.000000
16003.787573 0.000000
15978.306327 0.000000
13322.195202 0.000000
15670.387143 0.000000
19837.897894 0.000000
24488.370404 0.000000
29866.676535 0.000000
35521.304616 0.000000
40883.826970 0.000000
45319.107056 0.000000
48234.590489 0.000000
47672.864393 0.000000
39968.750676 0.000000
21620.630860 0.000000
17190.835227 0.000000
6615.933005 0.000000
0.000000 0.000000
0.000000 0.000000
0.000000 0.000000
88.639366 0.000000
176.923464 0.000000
264.852294 0.000000
352.425856 0.000000
483.075663 0.000000
569.761055 0.000000
784.787012 0.000000
1053.092173 0.000000
1533.407237 0.000000
2152.332217 0.000000
2656.214194 0.000000
3133.262176 0.000000
4036.233777 0.000000
5235.032393 0.000000
6118.762874 0.000000
7827.295916 0.000000
9897.132885 0.000000
11215.196392 0.000000
12066.138292 0.000000
11817.174257 0.000000
9814.645046 0.000000
6151.414349 0.000000
3905.134158 0.000000
4521.520407 0.000000
5882.708155 0.000000
7496.181547 0.000000
8521.657291 0.000000
10761.378019 0.000000
13414.777164 0.000000
16194.893774 0.000000
19401.799148 0.000000
20846.169437 0.000000
22851.155107 0.000000
25851.653478 0.000000
28314.515432 0.000000
25161.844144 0.000000
26555.763235 0.000000
28290.129506 0.000000
32131.526420 0.000000
37610.177622 0.000000
42301.661255 0.000000
45983.001229 0.000000
44556.985312 0.000000
33643.679217 0.000000
26916.481901 0.000000
23305.204573 0.000000
19842.777739 0.000000
19172.512790 0.000000
20723.034440 0.000000
21427.537016 0.000000
19227.706701 0.000000
13051.201354 0.000000
11981.386026 0.000000
13029.783385 0.000000
12950.595555 0.000000
11907.939109 0.000000
11271.547824 0.000000
9261.069404 0.000000
7760.597691 0.000000
7234.337397 0.000000
7591.251613 0.000000
8845.720768 0.000000
10745.375830 0.000000
12122.561578 0.000000
12196.201226 0.000000
13892.980911 0.000000
15482.086455 0.000000
17256.943616 0.000000
19092.053321 0.000000
20331.460703 0.000000
20493.587762 0.000000
19213.351055 0.000000
16810.634408 0.000000
10152.054683 0.000000
5504.859455 0.000000
5891.386600 0.000000
7308.725692 0.000000
9115.281230 0.000000
10672.720753 0.000000
12204.377807 0.000000
13650.948501 0.000000
14687.631965 0.000000
15419.924747 0.000000
14483.165445 0.000000
13019.571716 0.000000
13493.918615 0.000000
14530.314301 0.000000
14070.691991 0.000000
12284.428291 0.000000
9628.100989 0.000000
8081.796707 0.000000
4482.780753 0.000000
6150.444014 0.000000
7335.388665 0.000000
8567.072693 0.000000
10920.101243 0.000000
13196.326350 0.000000
15256.981802 0.000000
17998.862473 0.000000
21372.904627 0.000000
30554.736711 0.000000
39738.074617 0.000000
46986.492974 0.000000
54928.019165 0.000000
65404.236759 0.000000
72572.523567 0.000000
86470.395096 0.000000
111538.832756 0.000000
137421.648023 0.000000
169255.988002 0.000000
222090.994438 0.000000
274901.666884 0.000000
327387.118811 0.000000
399721.692063 0.000000
461598.608207 0.000000
541061.341579 0.000000
620725.642416 0.000000
677188.843591 0.000000
717557.896940 0.000000
688082.378335 0.000000
564423.313625 0.000000
392337.095383 0.000000
333210.351980 0.000000
146277.717697 0.000000
67993.288601 0.000000
82782.783629 0.000000
98213.763020 0.000000
117579.418477 0.000000
139332.858865 0.000000
159022.986331 0.000000
181227.076341 0.000000
196023.224849 0.000000
194247.188997 0.000000
169585.080624 0.000000
130865.716784 0.000000
113985.865078 0.000000
115299.363631 0.000000
102001.758414 0.000000
78074.567566 0.000000
48822.515962 0.000000
56694.839504 0.000000
64496.031877 0.000000
80530.974456 0.000000
96581.012745 0.000000
99974.719802 0.000000
87881.098833 0.000000
91357.545436 0.000000
80988.324989 0.000000
79297.662036 0.000000
73858.175969 0.000000
77882.701706 0.000000
49761.982713 0.000000
36549.395733 0.000000
24171.084388 0.000000
25654.528210 0.000000
28570.099664 0.000000
29206.073170 0.000000
26460.907994 0.000000
18798.344842 0.000000
6875.723674 0.000000
3354.927783 0.000000
4291.770503 0.000000
5689.842429 0.000000
6445.929252 0.000000
7783.652613 0.000000
9606.808923 0.000000
12116.517846 0.000000
15293.643052 0.000000
17870.798329 0.000000
20346.472755 0.000000
22377.801564 0.000000
22860.437558 0.000000
23522.343885 0.000000
24774.078387 0.000000
23316.986035 0.000000
18375.123487 0.000000
10935.111630 0.000000
5657.470310 0.000000
4163.889636 0.000000
3024.844969 0.000000
1501.957232 0.000000
1858.540005 0.000000
2354.818843 0.000000
3011.522266 0.000000
3575.908545 0.000000
4114.241387 0.000000
4696.688914 0.000000
5477.084978 0.000000
6025.161712 0.000000
6356.736264 0.000000
6049.069109 0.000000
5598.602806 0.000000
5952.144013 0.000000
5281.407787 0.000000
4738.184667 0.000000
3961.934964 0.000000
4935.986550 0.000000
6186.447004 0.000000
7584.416902 0.000000
8414.370139 0.000000
9168.596003 0.000000
9724.840248 0.000000
12039.515351 0.000000
13785.212353 0.000000
15545.092249 0.000000
18178.258709 0.000000
20450.389574 0.000000
24019.649769 0.000000
27931.385720 0.000000
31717.231841 0.000000
34012.132373 0.000000
35526.018376 0.000000
33814.583091 0.000000
29789.200480 0.000000
25706.168376 0.000000
17175.572425 0.000000
17191.369317 0.000000
19182.347151 0.000000
19536.163848 0.000000
19622.516349 0.000000
17564.478321 0.000000
14616.426051 0.000000
16091.466562 0.000000
17282.078034 0.000000
16918.291651 0.000000
13985.733717 0.000000
10747.285781 0.000000
10624.461144 0.000000
11039.205216 0.000000
10646.684420 0.000000
8773.811523 0.000000
5308.323386 0.000000
5037.442688 0.000000
5952.373243 0.000000
7020.765022 0.000000
8681.754332 0.000000
10661.065226 0.000000
12655.976191 0.000000
14868.456381 0.000000
17246.096159 0.000000
19969.315323 0.000000
22235.064917 0.000000
23073.257092 0.000000
21810.909116 0.000000
15414.662305 0.000000
14010.799918 0.000000
14492.163960 0.000000
13978.886544 0.000000
10787.000586 0.000000
3857.022679 0.000000
4403.473169 0.000000
5136.888399 0.000000
5952.698098 0.000000
7146.786890 0.000000
8137.513447 0.000000
9038.214280 0.000000
9006.362639 0.000000
7794.917034 0.000000
6962.123315 0.000000
7561.221373 0.000000
8318.255552 0.000000
8999.530784 0.000000
8839.960853 0.000000
7381.149059 0.000000
4414.001944 0.000000
4353.114278 0.000000
4907.043214 0.000000
5407.773903 0.000000
5452.478310 0.000000
4729.642922 0.000000
3656.194019 0.000000
2934.499033 0.000000
2020.890233 0.000000
920.873965 0.000000
1245.323336 0.000000
1635.335639 0.000000
2109.072321 0.000000
2663.750984 0.000000
3484.944474 0.000000
4594.656429 0.000000
5424.630944 0.000000
6484.477902 0.000000
7281.723980 0.000000
7773.979323 0.000000
7554.134034 0.000000
7745.630815 0.000000
8705.743220 0.000000
9097.247112 0.000000
8907.502917 0.000000
7381.525290 0.000000
6118.892351 0.000000
5842.551066 0.000000
4656.377874 0.000000
3217.395060 0.000000
2045.266976 0.000000
2151.171147 0.000000
2014.960704 0.000000
1521.761057 0.000000
689.922208 0.000000
78.942223 0.000000
86.492640 0.000000
214.842160 0.000000
243.259454 0.000000
334.660211 0.000000
439.093477 0.000000
528.525460 0.000000
629.933461 0.000000
846.290861 0.000000
999.056325 0.000000
1229.355679 0.000000
1415.785738 0.000000
1702.217558 0.000000
2383.437434 0.000000
3267.917915 0.000000
4459.054312 0.000000
5607.960612 0.000000
6733.354534 0.000000
9234.973358 0.000000
12024.475589 0.000000
14071.248851 0.000000
15226.296636 0.000000
16948.244185 0.000000
18889.856912 0.000000
21744.469225 0.000000
25423.711488 0.000000
29709.313935 0.000000
33928.696055 0.000000
39218.528814 0.000000
42854.174980 0.000000
44222.941214 0.000000
40596.247116 0.000000
29760.995377 0.000000
21827.938536 0.000000
26334.939793 0.000000
31048.935761 0.000000
35764.779362 0.000000
32931.058198 0.000000
29379.306410 0.000000
39793.924610 0.000000
52131.115974 0.000000
68342.895583 0.000000
81331.291055 0.000000
97488.481205 0.000000
115895.387420 0.000000
137569.875954 0.000000
164069.875922 0.000000
191341.089255 0.000000
228491.953423 0.000000
259805.630387 0.000000
284893.269346 0.000000
292208.392253 0.000000
268794.221174 0.000000
181951.833209 0.000000
117809.923006 0.000000
36793.191956 0.000000
326.075887 0.000000
650.259063 0.000000
845.175207 0.000000
1289.177437 0.000000
1633.400511 0.000000
2083.524394 0.000000
2514.873538 0.000000
3346.131600 0.000000
4206.081753 0.000000
5867.743000 0.000000
6892.347791 0.000000
8485.695544 0.000000
9213.949977 0.000000
11084.404941 0.000000
13628.901822 0.000000
16323.261296 0.000000
19025.031399 0.000000
22140.717244 0.000000
26211.858335 0.000000
25842.956691 0.000000
21343.382045 0.000000
15339.004022 0.000000
12630.041738 0.000000
11226.694511 0.000000
6136.751632 0.000000
5202.827343 0.000000
6245.282171 0.000000
7334.183215 0.000000
8504.899211 0.000000
10056.464370 0.000000
10709.599637 0.000000
11357.538525 0.000000
10977.522843 0.000000
10377.532676 0.000000
8821.055586 0.000000
9667.667855 0.000000
11034.334330 0.000000
13060.126970 0.000000
15386.535823 0.000000
17449.285537 0.000000
20272.536969 0.000000
22118.559227 0.000000
15813.984498 0.000000
10221.435925 0.000000
5401.139944 0.000000
1986.472759 0.000000
0.000000 0.000000
0.000000 0.000000
0.000000 0.000000
0.000000 0.000000
0.000000 0.000000
0.000000 0.000000
0.000000 0.000000
0.000000 0.000000
0.000000 0.000000
0.000000 0.000000
0.000000 0.000000
0.000000 0.000000
0.000000 0.000000
0.000000 0.000000
0.000000 0.000000
0.000000 0.000000
0.000000 0.000000
0.000000 0.000000
0.000000 0.000000
97.970666 0.000000
244.141329 0.000000
533.537645 0.000000
628.563301 0.000000
773.656740 0.000000
847.630413 0.000000
1038.531743 0.000000
1223.675884 0.000000
1522.362751 0.000000
1930.705948 0.000000
2458.792678 0.000000
3042.612221 0.000000
3823.866186 0.000000
4592.769134 0.000000
5437.992109 0.000000
6464.971261 0.000000
7366.493555 0.000000
8239.030108 0.000000
8642.798711 0.000000
8415.664145 0.000000
6471.013407 0.000000
3568.854998 0.000000
2573.893305 0.000000
599.996450 0.000000
80.716509 0.000000
113.004074 0.000000
183.070733 0.000000
1564.998515 0.000000
2912.292503 0.000000
4320.072645 0.000000
5772.953870 0.000000
7199.833021 0.000000
11212.331451 0.000000
15233.896553 0.000000
18516.301642 0.000000
23658.321562 0.000000
30855.463710 0.000000
39405.985560 0.000000
52394.337572 0.000000
65857.234745 0.000000
83248.961311 0.000000
103673.262757 0.000000
118994.381288 0.000000
137034.667421 0.000000
149626.456325 0.000000
158589.696544 0.000000
159047.697693 0.000000
138581.101748 0.000000
73237.657136 0.000000
40721.240782 0.000000
51192.753055 0.000000
61774.977541 0.000000
72027.187580 0.000000
78834.629137 0.000000
79875.263917 0.000000
70521.237326 0.000000
41722.591906 0.000000
40336.009719 0.000000
41581.905947 0.000000
40435.488390 0.000000
33642.285895 0.000000
18187.266264 0.000000
18874.810608 0.000000
11107.563802 0.000000
6618.032118 0.000000
806.105690 0.000000
1041.521454 0.000000
1273.976013 0.000000
1692.410812 0.000000
2246.403242 0.000000
2746.518040 0.000000
3261.850505 0.000000
3948.768490 0.000000
4973.386957 0.000000
5711.591162 0.000000
6855.974904 0.000000
7978.004120 0.000000
9048.767165 0.000000
9534.033280 0.000000
9525.927790 0.000000
8326.940804 0.000000
5722.428068 0.000000
5335.568667 0.000000
5229.202837 0.000000
4173.660523 0.000000
2269.030523 0.000000
2060.754273 0.000000
2407.293530 0.000000
2833.096991 0.000000
3496.089902 0.000000
4148.428940 0.000000
4795.780957 0.000000
5351.501990 0.000000
5461.902264 0.000000
5878.000290 0.000000
6818.069433 0.000000
7746.216001 0.000000
8572.012858 0.000000
8806.063180 0.000000
7958.302084 0.000000
5037.339748 0.000000
3040.852316 0.000000
736.790568 0.000000
0.000000 0.000000
0.000000 0.000000
0.000000 0.000000
0.000000 0.000000
0.000000 0.000000
0.000000 0.000000
0.000000 0.000000
0.000000 0.000000
0.000000 0.000000
0.000000 0.000000
0.000000 0.000000
0.000000 0.000000
0.000000 0.000000
0.000000 0.000000
9.375212 0.000000
18.712848 0.000000
28.012908 0.000000
46.500300 0.000000
60.262510 0.000000
69.393478 0.000000
92.042412 0.000000
105.504014 0.000000
132.032670 0.000000
158.260718 0.000000
188.565171 0.000000
205.758934 0.000000
243.496010 0.000000
316.882720 0.000000
395.446702 0.000000
471.850273 0.000000
583.148610 0.000000
698.128691 0.000000
820.279946 0.000000
933.976549 0.000000
1047.475474 0.000000
1109.669852 0.000000
1103.825002 0.000000
936.934311 0.000000
1001.003283 0.000000
1057.980789 0.000000
1062.405236 0.000000
1231.623787 0.000000
1347.536893 0.000000
1363.902780 0.000000
1174.248503 0.000000
686.316237 0.000000
413.866907 0.000000
215.049477 0.000000
326.167914 0.000000
438.364390 0.000000
517.481290 0.000000
713.797632 0.000000
887.170042 0.000000
985.125201 0.000000
1215.958927 0.000000
1466.831220 0.000000
1778.010916 0.000000
2160.189626 0.000000
2420.943648 0.000000
2713.005478 0.000000
2876.443519 0.000000
2760.459667 0.000000
2139.734098 0.000000
1400.974513 0.000000
1069.225258 0.000000
375.825900 0.000000
504.337022 0.000000
664.498451 0.000000
924.137429 0.000000
1232.338378 0.000000
1591.625991 0.000000
1851.990942 0.000000
2185.755460 0.000000
2426.460597 0.000000
2622.653973 0.000000
2932.990086 0.000000
3337.791756 0.000000
3804.671837 0.000000
4798.959697 0.000000
5602.746516 0.000000
6797.056320 0.000000
7942.991137 0.000000
9220.391566 0.000000
9725.322571 0.000000
9993.689172 0.000000
10462.390403 0.000000
11055.558850 0.000000
10629.305166 0.000000
10550.065507 0.000000
8739.447229 0.000000
4864.044007 0.000000
2491.741628 0.000000
391.201290 0.000000
15.221995 0.000000
30.382980 0.000000
45.482955 0.000000
60.521920 0.000000
75.499875 0.000000
120.067680 0.000000
205.054303 0.000000
310.045419 0.000000
385.132314 0.000000
453.889902 0.000000
526.766730 0.000000
656.989024 0.000000
770.399875 0.000000
968.049622 0.000000
1185.824695 0.000000
1529.069923 0.000000
1855.175012 0.000000
2150.583152 0.000000
2398.779452 0.000000
2622.217555 0.000000
2743.827237 0.000000
2610.631581 0.000000
2571.020282 0.000000
2884.152050 0.000000
3159.770961 0.000000
3177.439896 0.000000
3271.634419 0.000000
3335.712802 0.000000
3254.745613 0.000000
2531.308678 0.000000
1571.183790 0.000000
879.484673 0.000000
28.454400 0.000000
52.792376 0.000000
77.010476 0.000000
130.136844 0.000000
208.486868 0.000000
259.645549 0.000000
286.320576 0.000000
381.742891 0.000000
514.989476 0.000000
580.015168 0.000000
730.640967 0.000000
922.101772 0.000000
1179.089889 0.000000
1368.819939 0.000000
1649.356271 0.000000
1949.466671 0.000000
2193.752771 0.000000
2320.179590 0.000000
2405.990540 0.000000
2581.981669 0.000000
2640.214293 0.000000
2659.154060 0.000000
2580.655522 0.000000
2078.626188 0.000000
1652.736169 0.000000
2054.507022 0.000000
2541.868577 0.000000
2851.825387 0.000000
3097.651870 0.000000
3314.188621 0.000000
3496.368604 0.000000
4049.892287 0.000000
4458.161178 0.000000
4776.997011 0.000000
4788.990782 0.000000
3701.259876 0.000000
2509.738410 0.000000
1907.491486 0.000000
1401.242129 0.000000
1653.713634 0.000000
1911.411396 0.000000
2155.964654 0.000000
2349.674714 0.000000
2398.784777 0.000000
2151.080310 0.000000
1623.162912 0.000000
1204.979308 0.000000
1254.911228 0.000000
1183.063464 0.000000
819.718608 0.000000
499.121016 0.000000
580.782669 0.000000
686.603866 0.000000
826.002083 0.000000
941.427515 0.000000
1092.332509 0.000000
1191.698170 0.000000
1232.130941 0.000000
1149.261190 0.000000
1177.126054 0.000000
1365.774753 0.000000
1632.931494 0.000000
1908.243396 0.000000
2299.674821 0.000000
2707.485786 0.000000
3078.339144 0.000000
3364.709639 0.000000
3501.030656 0.000000
3231.781974 0.000000
2066.443488 0.000000
1387.520321 0.000000
710.041390 0.000000
0.000000 0.000000
0.000000 0.000000
0.000000 0.000000
0.000000 0.000000
3.125237 0.000000
6.237948 0.000000
9.338133 0.000000
15.500925 0.000000
24.651168 0.000000
32.188928 0.000000
41.132489 0.000000
49.963316 0.000000
68.705564 0.000000
84.147201 0.000000
95.145017 0.000000
135.904699 0.000000
195.781552 0.000000
261.548471 0.000000
325.721912 0.000000
438.483047 0.000000
502.792911 0.000000
616.377676 0.000000
735.845848 0.000000
891.391676 0.000000
1031.168871 0.000000
1063.945597 0.000000
1159.270257 0.000000
1341.042738 0.000000
1720.425277 0.000000
2117.807914 0.000000
2488.903706 0.000000
2879.702393 0.000000
3226.024754 0.000000
3612.913159 0.000000
3925.773047 0.000000
3905.653044 0.000000
3217.378685 0.000000
2658.311318 0.000000
2249.575110 0.000000
1431.952853 0.000000
1043.926101 0.000000
1312.369252 0.000000
1801.070202 0.000000
2227.170900 0.000000
2613.997162 0.000000
2931.449777 0.000000
3809.841505 0.000000
4613.681025 0.000000
5705.359595 0.000000
6393.792546 0.000000
7140.920851 0.000000
7662.803248 0.000000
7811.040041 0.000000
7082.117266 0.000000
4755.811811 0.000000
2568.040315 0.000000
559.972131 0.000000
549.368879 0.000000
683.919591 0.000000
817.353699 0.000000
949.671203 0.000000
1339.924096 0.000000
1688.792581 0.000000
2028.727677 0.000000
2565.952439 0.000000
2939.331954 0.000000
3420.406267 0.000000
4128.934584 0.000000
5194.597347 0.000000
6269.591656 0.000000
7276.861637 0.000000
7885.939118 0.000000
8424.401047 0.000000
8287.688820 0.000000
6969.365383 0.000000
4439.672500 0.000000
4777.144825 0.000000
4799.630934 0.000000
3743.267881 0.000000
2339.731166 0.000000
2711.337963 0.000000
3440.631371 0.000000
3903.132544 0.000000
4459.737546 0.000000
4609.495782 0.000000
4025.892807 0.000000
4065.769569 0.000000
4336.191345 0.000000
5265.220727 0.000000
6050.364716 0.000000
6575.794626 0.000000
6647.562237 0.000000
6002.450469 0.000000
4435.859527 0.000000
3020.609073 0.000000
1915.379816 0.000000
115.176349 0.000000
91.758424 0.000000
135.083634 0.000000
181.374710 0.000000
230.107966 0.000000
281.336619 0.000000
361.217584 0.000000
440.345647 0.000000
497.579994 0.000000
596.959749 0.000000
691.090173 0.000000
818.671518 0.000000
916.787777 0.000000
975.568409 0.000000
989.976125 0.000000
830.395957 0.000000
546.126999 0.000000
519.694175 0.000000
399.589987 0.000000
315.734339 0.000000
316.258088 0.000000
338.517743 0.000000
303.187748 0.000000
359.793509 0.000000
400.504807 0.000000
529.935296 0.000000
656.307726 0.000000
720.641684 0.000000
915.866070 0.000000
1185.362113 0.000000
1520.114381 0.000000
1947.563391 0.000000
2328.244226 0.000000
2794.118465 0.000000
3444.690603 0.000000
4141.559437 0.000000
4658.817546 0.000000
5194.626573 0.000000
5371.513272 0.000000
5264.901184 0.000000
4301.453422 0.000000
3412.566968 0.000000
3058.286504 0.000000
1802.756887 0.000000
645.361783 0.000000
65.229962 0.000000
71.522729 0.000000
73.121416 0.000000
68.581855 0.000000
44.267913 0.000000
2.989992 0.000000
4.475982 0.000000
5.955968 0.000000
8.897928 0.000000
10.359902 0.000000
91.591060 0.000000
96.607496 0.000000
178.835227 0.000000
338.720896 0.000000
498.578784 0.000000
581.578943 0.000000
781.236568 0.000000
1193.944608 0.000000
1549.313889 0.000000
1894.319332 0.000000
2274.310760 0.000000
2699.853185 0.000000
3245.850835 0.000000
3993.375878 0.000000
4776.370087 0.000000
5870.206348 0.000000
6757.308035 0.000000
7931.413827 0.000000
9227.982207 0.000000
10193.784985 0.000000
11004.160647 0.000000
11001.235412 0.000000
9640.695770 0.000000
9345.803514 0.000000
9121.749246 0.000000
7695.930491 0.000000
8824.720793 0.000000
10241.791520 0.000000
11294.371400 0.000000
12395.161332 0.000000
12717.751361 0.000000
12116.580869 0.000000
8725.439068 0.000000
4503.010726 0.000000
1224.427578 0.000000
1594.255186 0.000000
2213.904290 0.000000
2761.390086 0.000000
3480.563776 0.000000
4174.275854 0.000000
5144.939077 0.000000
5930.594487 0.000000
7208.770199 0.000000
8626.855068 0.000000
9470.121938 0.000000
9973.242171 0.000000
10712.455235 0.000000
11098.205774 0.000000
8400.555334 0.000000
7279.866744 0.000000
6899.138226 0.000000
6431.787532 0.000000
4879.951204 0.000000
1784.107780 0.000000
338.715396 0.000000
0.000000 0.000000
0.000000 0.000000
0.000000 0.000000
0.000000 0.000000
0.000000 0.000000
0.000000 0.000000
0.000000 0.000000
0.000000 0.000000
0.000000 0.000000
0.000000 0.000000
0.000000 0.000000
0.000000 0.000000
0.000000 0.000000
0.000000 0.000000
0.000000 0.000000
0.000000 0.000000
0.000000 0.000000
0.000000 0.000000
0.000000 0.000000
0.000000 0.000000
0.000000 0.000000
0.000000 0.000000
0.000000 0.000000
0.000000 0.000000
12.797354 0.000000
25.543416 0.000000
38.238186 0.000000
50.881664 0.000000
76.014744 0.000000
94.723501 0.000000
119.497537 0.000000
168.430105 0.000000
222.479050 0.000000
275.476509 0.000000
338.834952 0.000000
417.157836 0.000000
492.916120 0.000000
626.429196 0.000000
765.674137 0.000000
921.121104 0.000000
1101.338791 0.000000
1254.484028 0.000000
1417.842486 0.000000
1541.071312 0.000000
1547.168050 0.000000
1267.266767 0.000000
680.672698 0.000000
328.835360 0.000000
0.000000 0.000000
0.000000 0.000000
0.000000 0.000000
0.000000 0.000000
0.000000 0.000000
0.000000 0.000000
0.000000 0.000000
0.000000 0.000000
0.000000 0.000000
0.000000 0.000000
0.000000 0.000000
0.000000 0.000000
0.000000 0.000000
0.000000 0.000000
0.000000 0.000000
0.000000 0.000000
0.000000 0.000000
0.000000 0.000000
0.000000 0.000000
0.000000 0.000000
0.000000 0.000000
0.000000 0.000000
0.000000 0.000000
0.000000 0.000000
0.000000 0.000000
0.000000 0.000000
0.000000 0.000000
0.000000 0.000000
0.000000 0.000000
0.000000 0.000000
0.000000 0.000000
0.000000 0.000000
0.000000 0.000000
0.000000 0.000000
0.000000 0.000000
0.000000 0.000000
0.000000 0.000000
0.000000 0.000000
0.000000 0.000000
0.000000 0.000000
0.000000 0.000000
0.000000 0.000000
0.000000 0.000000
0.000000 0.000000
0.000000 0.000000
0.000000 0.000000
0.000000 0.000000
0.000000 0.000000
0.000000 0.000000
0.000000 0.000000
0.000000 0.000000
0.000000 0.000000
0.000000 0.000000
0.000000 0.000000
0.000000 0.000000
0.000000 0.000000
0.000000 0.000000
0.000000 0.000000
0.000000 0.000000
1.753486 0.000000
3.499944 0.000000
6.971776 0.000000
6.971776 0.000000
12.126814 0.000000
21.412559 0.000000
26.388383 0.000000
33.730886 0.000000
39.340987 0.000000
51.075990 0.000000
61.660158 0.000000
98.028713 0.000000
144.024980 0.000000
163.973292 0.000000
181.460616 0.000000
204.177739 0.000000
260.251593 0.000000
356.840898 0.000000
448.720257 0.000000
475.441779 0.000000
557.412066 0.000000
624.327767 0.000000
745.709891 0.000000
184.319462 0.000000
251.149598 0.000000
309.363960 0.000000
415.752542 0.000000
532.195781 0.000000
688.788016 0.000000
835.841229 0.000000
1028.121504 0.000000
1301.994700 0.000000
1527.535450 0.000000
1738.549897 0.000000
1870.672403 0.000000
1899.008692 0.000000
1717.056980 0.000000
1112.750494 0.000000
844.095655 0.000000
541.758065 0.000000
114.345577 0.000000
149.641112 0.000000
178.444425 0.000000
230.854990 0.000000
292.890874 0.000000
342.621757 0.000000
382.363867 0.000000
433.912269 0.000000
469.647079 0.000000
473.765034 0.000000
405.326120 0.000000
220.584561 0.000000
244.098828 0.000000
256.693437 0.000000
242.474529 0.000000
163.313025 0.000000
61.883624 0.000000
0.000000 0.000000
0.000000 0.000000
0.000000 0.000000
0.000000 0.000000
0.000000 0.000000
0.000000 0.000000
0.000000 0.000000
0.000000 0.000000
0.000000 0.000000
0.000000 0.000000
0.000000 0.000000
0.000000 0.000000
0.000000 0.000000
0.000000 0.000000
0.000000 0.000000
0.000000 0.000000
0.000000 0.000000
0.000000 0.000000
0.000000 0.000000
0.000000 0.000000
0.000000 0.000000
0.000000 0.000000
0.000000 0.000000
0.000000 0.000000
0.000000 0.000000
0.000000 0.000000
0.000000 0.000000
0.000000 0.000000
0.000000 0.000000
0.000000 0.000000
0.000000 0.000000
0.000000 0.000000
0.000000 0.000000
0.000000 0.000000
0.000000 0.000000
0.000000 0.000000
0.000000 0.000000
0.000000 0.000000
0.000000 0.000000
16.311811 0.000000
32.558244 0.000000
48.739299 0.000000
64.854976 0.000000
80.905275 0.000000
112.809739 0.000000
160.176100 0.000000
191.426784 0.000000
237.812475 0.000000
328.818651 0.000000
402.859236 0.000000
539.025480 0.000000
709.090596 0.000000
837.885216 0.000000
977.843304 0.000000
1174.255236 0.000000
1364.407611 0.000000
1581.087459 0.000000
1820.828371 0.000000
1979.802564 0.000000
2020.473867 0.000000
1857.171784 0.000000
1287.221487 0.000000
347.963760 0.000000
0.000000 0.000000
0.000000 0.000000
0.000000 0.000000
0.000000 0.000000
0.000000 0.000000
0.000000 0.000000
0.000000 0.000000
0.000000 0.000000
0.000000 0.000000
0.000000 0.000000
0.000000 0.000000
0.000000 0.000000
0.000000 0.000000
0.000000 0.000000
0.000000 0.000000
0.000000 0.000000
0.000000 0.000000
0.000000 0.000000
0.000000 0.000000
0.000000 0.000000
0.000000 0.000000
139.842754 0.000000
348.485901 0.000000
417.566540 0.000000
554.887080 0.000000
826.165208 0.000000
960.122796 0.000000
1228.318218 0.000000
1424.630541 0.000000
1910.366695 0.000000
2345.588303 0.000000
2656.520823 0.000000
3280.837872 0.000000
4166.345114 0.000000
5219.053740 0.000000
6748.074681 0.000000
8123.959566 0.000000
9474.798186 0.000000
10709.597998 0.000000
11508.249153 0.000000
11553.864553 0.000000
10631.549782 0.000000
7534.000823 0.000000
3423.923508 0.000000
1060.245496 0.000000
180.041585 0.000000
221.640189 0.000000
238.034229 0.000000
303.366604 0.000000
335.419525 0.000000
409.938246 0.000000
537.007359 0.000000
632.036790 0.000000
751.828509 0.000000
889.940547 0.000000
1057.342809 0.000000
1254.117096 0.000000
1416.620635 0.000000
1593.823622 0.000000
1727.317322 0.000000
1735.842561 0.000000
1504.326446 0.000000
1027.747379 0.000000
737.256696 0.000000
230.782058 0.000000
273.753185 0.000000
329.272507 0.000000
389.256330 0.000000
451.637785 0.000000
500.910024 0.000000
533.879234 0.000000
504.041771 0.000000
379.216706 0.000000
262.385390 0.000000
289.603157 0.000000
298.219230 0.000000
273.189829 0.000000
182.922131 0.000000
90.927420 0.000000
5.375346 0.000000
0.000000 0.000000
0.000000 0.000000
0.000000 0.000000
0.000000 0.000000
0.000000 0.000000
0.000000 0.000000
0.000000 0.000000
0.000000 0.000000
0.000000 0.000000
0.000000 0.000000
0.000000 0.000000
0.000000 0.000000
0.000000 0.000000
0.000000 0.000000
0.000000 0.000000
0.000000 0.000000
0.000000 0.000000
0.000000 0.000000
0.000000 0.000000
0.000000 0.000000
0.000000 0.000000
0.000000 0.000000
0.000000 0.000000
0.000000 0.000000
0.000000 0.000000
0.000000 0.000000
0.000000 0.000000
0.000000 0.000000
0.000000 0.000000
0.000000 0.000000
0.000000 0.000000
0.000000 0.000000
0.000000 0.000000
0.000000 0.000000
0.000000 0.000000
0.000000 0.000000
0.000000 0.000000
0.000000 0.000000
0.000000 0.000000
0.000000 0.000000
0.000000 0.000000
0.000000 0.000000
0.000000 0.000000
0.000000 0.000000
0.000000 0.000000
0.000000 0.000000
0.000000 0.000000
0.000000 0.000000
0.000000 0.000000
0.000000 0.000000
0.000000 0.000000
29.413056 0.000000
58.708224 0.000000
87.885504 0.000000
87.885504 0.000000
116.944896 0.000000
145.886400 0.000000
203.415744 0.000000
232.003584 0.000000
345.176064 0.000000
497.693664 0.000000
619.796160 0.000000
713.075040 0.000000
1009.239168 0.000000
1210.606608 0.000000
1545.939024 0.000000
1781.125584 0.000000
2051.542998 0.000000
2488.960190 0.000000
2922.459275 0.000000
3273.079364 0.000000
3463.227418 0.000000
3401.232519 0.000000
2677.304440 0.000000
1965.743695 0.000000
2016.045732 0.000000
1849.813194 0.000000
1267.884894 0.000000
904.074169 0.000000
1089.653749 0.000000
1290.436594 0.000000
1532.736419 0.000000
1717.093201 0.000000
1981.316085 0.000000
2152.491244 0.000000
2369.991520 0.000000
2432.057962 0.000000
2272.146709 0.000000
2127.778677 0.000000
1880.931740 0.000000
1822.129746 0.000000
1855.182776 0.000000
1548.725688 0.000000
748.611768 0.000000
894.985223 0.000000
1019.450498 0.000000
1093.154944 0.000000
1102.784873 0.000000
953.924893 0.000000
677.395331 0.000000
448.324764 0.000000
453.179285 0.000000
511.210630 0.000000
663.703475 0.000000
770.150367 0.000000
935.380989 0.000000
1140.005210 0.000000
1403.588334 0.000000
1745.572188 0.000000
2115.787547 0.000000
2457.347412 0.000000
2823.000541 0.000000
3082.982014 0.000000
3293.510815 0.000000
3363.395047 0.000000
3425.377193 0.000000
3459.554538 0.000000
3096.237174 0.000000
2222.992892 0.000000
2763.728759 0.000000
3279.069138 0.000000
3855.800006 0.000000
4384.300608 0.000000
4914.464524 0.000000
5293.446311 0.000000
5214.284468 0.000000
5191.968518 0.000000
4778.775852 0.000000
4267.548157 0.000000
3359.080262 0.000000
3417.649147 0.000000
3411.792232 0.000000
3055.882285 0.000000
1719.071425 0.000000
1438.850638 0.000000
1298.147685 0.000000
1469.711712 0.000000
1543.676350 0.000000
1537.130094 0.000000
1364.364844 0.000000
1239.344877 0.000000
1360.699625 0.000000
1696.410854 0.000000
2056.436785 0.000000
2414.204178 0.000000
2890.973153 0.000000
3354.131931 0.000000
3828.192097 0.000000
4366.765166 0.000000
4819.905140 0.000000
4997.230959 0.000000
4583.720277 0.000000
3050.237757 0.000000
2896.943726 0.000000
2869.513796 0.000000
3228.670314 0.000000
3443.040624 0.000000
3300.813994 0.000000
3040.286056 0.000000
3271.622313 0.000000
3270.727837 0.000000
2869.548521 0.000000
2926.832711 0.000000
2544.694278 0.000000
1600.115022 0.000000
1776.745659 0.000000
1873.753046 0.000000
1800.047454 0.000000
1509.053686 0.000000
1281.602807 0.000000
1442.839570 0.000000
1658.174880 0.000000
1853.307380 0.000000
1860.308499 0.000000
1904.074188 0.000000
2082.909091 0.000000
2097.208300 0.000000
2399.371332 0.000000
2787.430633 0.000000
2974.316155 0.000000
3452.391859 0.000000
3988.952996 0.000000
4744.391141 0.000000
5639.212317 0.000000
6788.563854 0.000000
7665.907061 0.000000
8624.003083 0.000000
9140.173533 0.000000
8952.869128 0.000000
6704.966531 0.000000
5945.801791 0.000000
3642.178905 0.000000
1729.361925 0.000000
1090.066769 0.000000
643.582709 0.000000
614.633552 0.000000
429.863308 0.000000
616.560910 0.000000
781.189300 0.000000
906.977892 0.000000
1048.194717 0.000000
1191.608448 0.000000
1509.643331 0.000000
1874.938429 0.000000
2296.955837 0.000000
2776.146028 0.000000
3274.231208 0.000000
3832.648784 0.000000
4320.670264 0.000000
4664.643033 0.000000
4680.242134 0.000000
4074.149524 0.000000
2749.573982 0.000000
2866.718726 0.000000
2763.632279 0.000000
2113.967896 0.000000
886.761845 0.000000
109.204495 0.000000
93.025323 0.000000
104.258856 0.000000
129.297165 0.000000
149.643739 0.000000
185.165894 0.000000
263.469821 0.000000
310.831262 0.000000
385.360789 0.000000
463.373411 0.000000
561.595403 0.000000
669.632399 0.000000
776.058890 0.000000
876.557358 0.000000
982.545141 0.000000
1028.192594 0.000000
1029.461614 0.000000
901.075799 0.000000
996.081917 0.000000
1253.479901 0.000000
1403.869183 0.000000
1631.272180 0.000000
2008.580266 0.000000
2365.284337 0.000000
2899.554864 0.000000
3567.200563 0.000000
4073.117326 0.000000
4712.592827 0.000000
5745.881790 0.000000
4615.909462 0.000000
5571.164022 0.000000
6163.121027 0.000000
7075.794329 0.000000
7507.504254 0.000000
7308.205574 0.000000
5251.806085 0.000000
4949.480938 0.000000
6270.735895 0.000000
6246.614320 0.000000
7854.814670 0.000000
11505.775206 0.000000
16996.984115 0.000000
22401.418933 0.000000
27727.246666 0.000000
34694.657493 0.000000
46369.370310 0.000000
52820.563988 0.000000
63610.408170 0.000000
86769.823458 0.000000
108162.858908 0.000000
126912.980918 0.000000
147675.860186 0.000000
176660.125956 0.000000
194679.181566 0.000000
210518.808929 0.000000
217232.602509 0.000000
196963.149462 0.000000
120398.036648 0.000000
128118.912994 0.000000
129269.023758 0.000000
113580.662862 0.000000
69597.314773 0.000000
27477.879866 0.000000
14883.718665 0.000000
18151.442300 0.000000
23232.012738 0.000000
32379.269051 0.000000
40977.505826 0.000000
49560.991823 0.000000
59619.931023 0.000000
70978.819327 0.000000
84101.749811 0.000000
98155.097658 0.000000
110127.188630 0.000000
117485.282216 0.000000
113149.679155 0.000000
101742.940884 0.000000
102272.603599 0.000000
86463.586786 0.000000
62336.325209 0.000000
29090.208887 0.000000
19121.987616 0.000000
23280.548185 0.000000
27962.799087 0.000000
31998.170692 0.000000
35998.223600 0.000000
38404.394659 0.000000
39756.302117 0.000000
41498.528895 0.000000
39929.934135 0.000000
29573.418754 0.000000
24089.787078 0.000000
17550.562357 0.000000
10427.263746 0.000000
12305.386106 0.000000
15033.468043 0.000000
17209.896695 0.000000
20761.972192 0.000000
24361.049644 0.000000
27543.318516 0.000000
31849.250162 0.000000
34506.578954 0.000000
34587.635721 0.000000
28437.269172 0.000000
16483.100710 0.000000
17832.949361 0.000000
18558.324662 0.000000
17694.821348 0.000000
15640.711060 0.000000
9091.592868 0.000000
5445.735009 0.000000
6616.556303 0.000000
7660.369695 0.000000
8724.542417 0.000000
9754.697392 0.000000
9162.517915 0.000000
7597.568361 0.000000
4575.114926 0.000000
4022.488565 0.000000
2959.549576 0.000000
0.000000 0.000000
0.000000 0.000000
0.000000 0.000000
0.000000 0.000000
0.000000 0.000000
0.000000 0.000000
0.000000 0.000000
0.000000 0.000000
0.000000 0.000000
0.000000 0.000000
0.000000 0.000000
0.000000 0.000000
19.962994 0.000000
39.845976 0.000000
220.013867 0.000000
389.275229 0.000000
576.694421 0.000000
781.431317 0.000000
974.501570 0.000000
1147.723953 0.000000
1660.649935 0.000000
2219.684372 0.000000
2820.019445 0.000000
3391.767186 0.000000
4389.798253 0.000000
5470.802116 0.000000
6711.316171 0.000000
7966.078431 0.000000
9707.983167 0.000000
10962.063205 0.000000
11896.077053 0.000000
12889.862205 0.000000
13771.424868 0.000000
14208.149923 0.000000
14358.972469 0.000000
12873.358055 0.000000
8428.478633 0.000000
9081.050191 0.000000
9066.847454 0.000000
7898.487145 0.000000
4460.830568 0.000000
4438.280251 0.000000
4831.753176 0.000000
4969.156807 0.000000
5080.825752 0.000000
5323.818130 0.000000
5796.803799 0.000000
6099.501183 0.000000
6756.374514 0.000000
7127.413529 0.000000
7159.062070 0.000000
8014.104982 0.000000
8725.057839 0.000000
8724.680269 0.000000
7831.432805 0.000000
7205.319531 0.000000
4876.898686 0.000000
3512.269412 0.000000
1114.786884 0.000000
156.922300 0.000000
195.757406 0.000000
311.313595 0.000000
387.560116 0.000000
526.349062 0.000000
700.529927 0.000000
835.678961 0.000000
1129.213657 0.000000
1379.729831 0.000000
1749.968422 0.000000
2137.952849 0.000000
2719.812702 0.000000
3280.022480 0.000000
3918.533215 0.000000
4533.558986 0.000000
5361.151938 0.000000
5793.265290 0.000000
5930.475893 0.000000
5233.209776 0.000000
5858.644669 0.000000
6300.121324 0.000000
6185.032406 0.000000
5193.381855 0.000000
5266.446247 0.000000
5671.688465 0.000000
5620.376052 0.000000
4853.315295 0.000000
3305.358060 0.000000
3905.750097 0.000000
4293.604071 0.000000
4694.333325 0.000000
4867.054364 0.000000
4477.718508 0.000000
3534.967226 0.000000
3645.373826 0.000000
3531.398560 0.000000
4255.171532 0.000000
4826.355694 0.000000
5257.454525 0.000000
5247.572464 0.000000
4651.385650 0.000000
3882.476364 0.000000
2047.414320 0.000000
1295.820230 0.000000
90.633315 0.000000
8.251006 0.000000
12.351656 0.000000
12.351656 0.000000
16.435738 0.000000
20.503252 0.000000
50.201651 0.000000
79.716937 0.000000
122.478904 0.000000
194.892693 0.000000
263.266354 0.000000
343.584357 0.000000
403.997377 0.000000
497.295315 0.000000
682.431320 0.000000
788.667361 0.000000
968.028566 0.000000
1197.233911 0.000000
1465.220934 0.000000
1647.275287 0.000000
1874.745051 0.000000
2105.201681 0.000000
2254.551003 0.000000
2433.634989 0.000000
2543.895611 0.000000
2563.009800 0.000000
2194.561559 0.000000
1448.163415 0.000000
1193.838743 0.000000
561.285676 0.000000
136.565304 0.000000
189.448416 0.000000
377.230430 0.000000
450.540518 0.000000
550.490767 0.000000
647.716708 0.000000
901.387158 0.000000
1086.590413 0.000000
1394.233835 0.000000
1840.364835 0.000000
2258.569155 0.000000
2735.925826 0.000000
3258.367455 0.000000
3879.902087 0.000000
4168.332782 0.000000
4314.986136 0.000000
3856.073649 0.000000
1508.212553 0.000000
1007.283839 0.000000
1323.155935 0.000000
1875.485544 0.000000
2307.258531 0.000000
2882.356305 0.000000
3576.391010 0.000000
4342.485495 0.000000
5113.872947 0.000000
6043.764572 0.000000
7056.136569 0.000000
7926.118359 0.000000
8670.189689 0.000000
8950.688484 0.000000
8477.212694 0.000000
6764.079396 0.000000
2395.712553 0.000000
456.247946 0.000000
328.117655 0.000000
428.233462 0.000000
481.111163 0.000000
674.427190 0.000000
805.327275 0.000000
1046.448689 0.000000
1307.180809 0.000000
1911.924258 0.000000
2339.126403 0.000000
2873.503078 0.000000
3410.006526 0.000000
4419.048767 0.000000
5365.421241 0.000000
6608.115510 0.000000
7647.896995 0.000000
8461.308114 0.000000
9245.756831 0.000000
10188.952835 0.000000
8710.426328 0.000000
7844.173043 0.000000
7099.398433 0.000000
6974.020677 0.000000
7647.622070 0.000000
7574.153144 0.000000
6590.831287 0.000000
4246.355778 0.000000
3399.789386 0.000000
2102.057429 0.000000
67.149009 0.000000
33.598404 0.000000
48.055385 0.000000
65.966404 0.000000
87.770477 0.000000
112.214105 0.000000
146.458227 0.000000
179.932437 0.000000
230.655013 0.000000
261.867003 0.000000
286.412121 0.000000
350.870759 0.000000
427.540539 0.000000
505.161502 0.000000
644.030590 0.000000
799.416933 0.000000
953.139798 0.000000
1112.233738 0.000000
1168.202733 0.000000
1169.240110 0.000000
1092.458918 0.000000
1262.008184 0.000000
1289.627710 0.000000
1281.373162 0.000000
1731.735447 0.000000
2088.375750 0.000000
2643.063823 0.000000
3208.035805 0.000000
4094.874412 0.000000
4749.328650 0.000000
5350.831075 0.000000
6186.522486 0.000000
6895.541622 0.000000
7177.734960 0.000000
6800.817992 0.000000
5316.521381 0.000000
4900.807497 0.000000
3875.682525 0.000000
3595.927703 0.000000
4313.190636 0.000000
5133.376029 0.000000
6003.983059 0.000000
6577.416585 0.000000
7323.677872 0.000000
7948.761550 0.000000
8135.686317 0.000000
7438.263840 0.000000
5034.117089 0.000000
2234.937741 0.000000
240.267675 0.000000
385.514234 0.000000
502.586594 0.000000
638.955614 0.000000
939.003215 0.000000
1300.524842 0.000000
1664.034957 0.000000
2202.978177 0.000000
2898.560864 0.000000
3540.030326 0.000000
4424.059914 0.000000
5319.257154 0.000000
6227.629420 0.000000
7174.497295 0.000000
8281.779761 0.000000
9058.101395 0.000000
9718.555159 0.000000
10302.521652 0.000000
9416.605595 0.000000
9673.470750 0.000000
10336.660616 0.000000
10669.800275 0.000000
9931.648072 0.000000
9453.327363 0.000000
5487.692773 0.000000
964.108322 0.000000
0.000000 0.000000
0.000000 0.000000
0.000000 0.000000
0.000000 0.000000
0.000000 0.000000
0.000000 0.000000
0.000000 0.000000
0.000000 0.000000
0.000000 0.000000
0.000000 0.000000
0.000000 0.000000
0.000000 0.000000
0.000000 0.000000
0.000000 0.000000
0.000000 0.000000
0.000000 0.000000
0.000000 0.000000
0.078842 0.000000
0.157368 0.000000
0.235578 0.000000
0.313472 0.000000
0.468312 0.000000
0.887249 0.000000
1.296706 0.000000
1.552113 0.000000
72.109559 0.000000
72.696846 0.000000
143.207787 0.000000
351.832303 0.000000
421.497572 0.000000
693.957439 0.000000
845.999195 0.000000
1077.310922 0.000000
1561.829145 0.000000
1954.481006 0.000000
2419.376074 0.000000
3022.239770 0.000000
3493.370077 0.000000
4508.714165 0.000000
5447.081861 0.000000
6409.172237 0.000000
7384.493037 0.000000
7887.728331 0.000000
7982.361218 0.000000
7047.104892 0.000000
4794.618671 0.000000
3755.864478 0.000000
1561.878566 0.000000
1234.179363 0.000000
1469.833385 0.000000
1760.873414 0.000000
2067.759655 0.000000
2347.392573 0.000000
2586.857522 0.000000
2622.660098 0.000000
2295.500562 0.000000
1201.026197 0.000000
568.284227 0.000000
18.727626 0.000000
8.881893 0.000000
1.096802 0.000000
2.189209 0.000000
3.819027 0.000000
4.900443 0.000000
7.050088 0.000000
10.241585 0.000000
13.393519 0.000000
20.594170 0.000000
23.609827 0.000000
30.502758 0.000000
41.582537 0.000000
60.385825 0.000000
79.334759 0.000000
108.108361 0.000000
139.115480 0.000000
174.187552 0.000000
223.595713 0.000000
266.329269 0.000000
298.332354 0.000000
369.580219 0.000000
384.275714 0.000000
400.127025 0.000000
519.385237 0.000000
646.757539 0.000000
779.843810 0.000000
951.094600 0.000000
1105.127533 0.000000
1219.516086 0.000000
1256.086618 0.000000
1158.406471 0.000000
800.357498 0.000000
623.467081 0.000000
619.989069 0.000000
770.384566 0.000000
971.355446 0.000000
1166.238429 0.000000
1441.386012 0.000000
1668.574341 0.000000
1955.195324 0.000000
2178.806108 0.000000
2327.636667 0.000000
2314.135757 0.000000
1958.353871 0.000000
1440.862829 0.000000
889.934344 0.000000
578.290161 0.000000
374.561851 0.000000
259.460551 0.000000
144.213684 0.000000
213.121617 0.000000
239.077012 0.000000
334.049659 0.000000
422.707576 0.000000
515.544507 0.000000
705.687711 0.000000
891.441942 0.000000
1242.236652 0.000000
1387.384763 0.000000
1693.727889 0.000000
1962.320705 0.000000
2219.004414 0.000000
2593.701578 0.000000
2898.787858 0.000000
3185.819108 0.000000
3455.352925 0.000000
3607.033408 0.000000
3429.139259 0.000000
3830.967405 0.000000
4101.919306 0.000000
4114.569451 0.000000
4226.866128 0.000000
3639.878260 0.000000
2222.372995 0.000000
1495.657719 0.000000
1581.453339 0.000000
1917.994678 0.000000
2434.192402 0.000000
2953.220353 0.000000
3594.193695 0.000000
4062.047553 0.000000
4927.683232 0.000000
5368.023639 0.000000
5762.240664 0.000000
6053.988499 0.000000
6405.420778 0.000000
4055.723346 0.000000
3063.092222 0.000000
3494.119416 0.000000
3885.663439 0.000000
4011.649669 0.000000
3897.273490 0.000000
3113.085216 0.000000
1802.008654 0.000000
996.528889 0.000000
1190.967414 0.000000
1330.421137 0.000000
1513.737130 0.000000
1675.276486 0.000000
1444.181519 0.000000
1128.122768 0.000000
612.091981 0.000000
590.012756 0.000000
432.881700 0.000000
143.859907 0.000000
0.000000 0.000000
0.000000 0.000000
0.000000 0.000000
0.000000 0.000000
0.000000 0.000000
0.000000 0.000000
0.000000 0.000000
0.000000 0.000000
0.000000 0.000000
0.000000 0.000000
0.000000 0.000000
0.000000 0.000000
0.000000 0.000000
0.000000 0.000000
0.000000 0.000000
0.000000 0.000000
0.000000 0.000000
0.000000 0.000000
0.000000 0.000000
0.000000 0.000000
0.000000 0.000000
0.000000 0.000000
0.000000 0.000000
0.000000 0.000000
0.000000 0.000000
0.000000 0.000000
0.000000 0.000000
0.000000 0.000000
0.000000 0.000000
0.000000 0.000000
0.000000 0.000000
0.000000 0.000000
0.000000 0.000000
0.000000 0.000000
0.000000 0.000000
0.000000 0.000000
0.000000 0.000000
0.000000 0.000000
0.000000 0.000000
0.000000 0.000000
0.000000 0.000000
0.000000 0.000000
0.000000 0.000000
20.255907 0.000000
40.430628 0.000000
60.524163 0.000000
80.536512 0.000000
120.317652 0.000000
156.119563 0.000000
175.786103 0.000000
214.875626 0.000000
234.298608 0.000000
272.901014 0.000000
386.759769 0.000000
540.415059 0.000000
704.397656 0.000000
912.923520 0.000000
1103.313345 0.000000
1285.050826 0.000000
1646.104787 0.000000
1898.888680 0.000000
2142.396470 0.000000
2448.916079 0.000000
2697.841013 0.000000
2805.328863 0.000000
2632.841265 0.000000
1932.163150 0.000000
686.848801 0.000000
0.000000 0.000000
0.000000 0.000000
0.000000 0.000000
0.000000 0.000000
0.000000 0.000000
0.000000 0.000000
0.000000 0.000000
0.000000 0.000000
47.744320 0.000000
95.297280 0.000000
142.658880 0.000000
189.829120 0.000000
283.595520 0.000000
376.596480 0.000000
560.302080 0.000000
785.628480 0.000000
918.528000 0.000000
1092.952640 0.000000
1411.806240 0.000000
1997.320000 0.000000
2505.811360 0.000000
3051.641840 0.000000
3833.012560 0.000000
4539.418000 0.000000
5253.836640 0.000000
5715.373040 0.000000
5840.187600 0.000000
5332.449720 0.000000
3712.563400 0.000000
2510.655160 0.000000
2788.222840 0.000000
2964.297960 0.000000
2835.626300 0.000000
2118.092080 0.000000
1108.697980 0.000000
1291.392960 0.000000
1499.072380 0.000000
1718.113800 0.000000
1824.868760 0.000000
1769.742130 0.000000
1431.420640 0.000000
892.709350 0.000000
510.401970 0.000000
134.726410 0.000000
0.000000 0.000000
0.000000 0.000000
0.000000 0.000000
0.000000 0.000000
0.000000 0.000000
0.000000 0.000000
0.000000 0.000000
0.000000 0.000000
0.000000 0.000000
0.000000 0.000000
0.000000 0.000000
0.000000 0.000000
0.000000 0.000000
0.000000 0.000000
220.053300 0.000000
439.224623 0.000000
439.224623 0.000000
657.513968 0.000000
874.921336 0.000000
1091.446728 0.000000
1948.728521 0.000000
2582.429106 0.000000
3281.695953 0.000000
3694.209413 0.000000
4910.582343 0.000000
6192.337787 0.000000
7625.945837 0.000000
10507.202126 0.000000
12273.833129 0.000000
14927.054985 0.000000
17116.703566 0.000000
19771.694164 0.000000
22576.808028 0.000000
24734.275404 0.000000
26639.368946 0.000000
26883.794707 0.000000
23462.170037 0.000000
14711.630443 0.000000
8697.413473 0.000000
2251.386171 0.000000
2936.802766 0.000000
3354.206790 0.000000
4472.911071 0.000000
5929.137119 0.000000
7367.275283 0.000000
9026.509096 0.000000
10548.745457 0.000000
12094.001454 0.000000
14072.169772 0.000000
14846.147110 0.000000
15649.959893 0.000000
16516.497715 0.000000
18334.584722 0.000000
20086.336343 0.000000
20409.304889 0.000000
18911.008807 0.000000
14532.989718 0.000000
11535.697634 0.000000
10428.486110 0.000000
7523.867689 0.000000
8323.538670 0.000000
9470.162995 0.000000
10073.025844 0.000000
10420.141414 0.000000
9705.688163 0.000000
5607.187449 0.000000
2667.002046 0.000000
3080.523920 0.000000
3529.563090 0.000000
3639.505094 0.000000
3625.003584 0.000000
2950.392846 0.000000
1448.868296 0.000000
667.630479 0.000000
405.267798 0.000000
473.482155 0.000000
560.450831 0.000000
673.166980 0.000000
777.498373 0.000000
945.748734 0.000000
1098.591507 0.000000
1227.515180 0.000000
1339.875443 0.000000
1406.704366 0.000000
1314.186877 0.000000
1384.431591 0.000000
1377.337103 0.000000
1318.403021 0.000000
1376.843299 0.000000
1485.266141 0.000000
1556.720583 0.000000
1712.107077 0.000000
1805.255414 0.000000
1800.780623 0.000000
1651.568875 0.000000
1599.763981 0.000000
1651.551047 0.000000
1821.150407 0.000000
1868.795844 0.000000
1666.261951 0.000000
951.106349 0.000000
576.251095 0.000000
155.759477 0.000000
0.000000 0.000000
0.000000 0.000000
0.000000 0.000000
0.000000 0.000000
0.000000 0.000000
0.000000 0.000000
0.000000 0.000000
0.000000 0.000000
0.000000 0.000000
0.000000 0.000000
0.000000 0.000000
0.000000 0.000000
0.000000 0.000000
0.000000 0.000000
0.000000 0.000000
0.000000 0.000000
0.000000 0.000000
0.000000 0.000000
0.000000 0.000000
0.000000 0.000000
0.000000 0.000000
0.000000 0.000000
0.000000 0.000000
1984.760657 0.000000
3961.566362 0.000000
5930.417115 0.000000
7891.312914 0.000000
9853.310222 0.000000
13735.259239 0.000000
17585.388445 0.000000
21403.697842 0.000000
29877.541492 0.000000
37275.511709 0.000000
49907.705079 0.000000
63019.197696 0.000000
78120.532598 0.000000
90573.988094 0.000000
112167.392921 0.000000
140478.926542 0.000000
157802.592302 0.000000
182180.511915 0.000000
206238.293656 0.000000
227549.229149 0.000000
232486.227786 0.000000
210777.749224 0.000000
140349.943154 0.000000
111883.003839 0.000000
76080.699331 0.000000
29414.318531 0.000000
35327.338713 0.000000
44798.149766 0.000000
56077.317896 0.000000
65695.751988 0.000000
75708.028383 0.000000
90154.989305 0.000000
103295.865678 0.000000
106209.688252 0.000000
101975.384231 0.000000
112451.461134 0.000000
126334.684214 0.000000
135496.617942 0.000000
143233.177692 0.000000
140086.686482 0.000000
135118.989513 0.000000
126450.726102 0.000000
115890.328762 0.000000
102075.731135 0.000000
88843.197588 0.000000
71128.897147 0.000000
56512.457411 0.000000
63059.276789 0.000000
72172.349027 0.000000
79490.879454 0.000000
84377.955385 0.000000
80470.867246 0.000000
62415.053047 0.000000
46350.183335 0.000000
34368.030862 0.000000
19775.853349 0.000000
4985.360917 0.000000
5961.754726 0.000000
7579.432570 0.000000
9708.860434 0.000000
12151.467629 0.000000
14061.142388 0.000000
16916.144930 0.000000
19605.013725 0.000000
20871.423257 0.000000
20667.766904 0.000000
16100.831591 0.000000
7660.051151 0.000000
6394.480022 0.000000
7283.106424 0.000000
7787.960252 0.000000
7528.786958 0.000000
6022.640080 0.000000
2835.907846 0.000000
2862.644001 0.000000
3318.640554 0.000000
3663.910970 0.000000
3789.398188 0.000000
3462.636070 0.000000
2422.411163 0.000000
1720.278932 0.000000
2092.655853 0.000000
2440.913238 0.000000
2746.584810 0.000000
3157.827947 0.000000
3329.808697 0.000000
3168.390663 0.000000
3011.692910 0.000000
4533.318522 0.000000
5461.933020 0.000000
6547.290640 0.000000
7514.189927 0.000000
9156.443728 0.000000
12082.625048 0.000000
13986.517472 0.000000
16492.180275 0.000000
19430.434256 0.000000
21985.373165 0.000000
23977.140877 0.000000
23741.482791 0.000000
21264.280460 0.000000
14532.510481 0.000000
4291.345257 0.000000
2157.298381 0.000000
2776.894154 0.000000
3794.133645 0.000000
4514.321940 0.000000
5360.969370 0.000000
6949.392063 0.000000
8339.536314 0.000000
9770.836997 0.000000
11300.127576 0.000000
12784.241361 0.000000
14246.672031 0.000000
14833.222295 0.000000
13975.089839 0.000000
10102.257720 0.000000
6544.242586 0.000000
7069.538955 0.000000
7008.429036 0.000000
5749.608573 0.000000
2283.832467 0.000000
2295.957473 0.000000
2761.305717 0.000000
3330.211665 0.000000
3706.325507 0.000000
3898.488801 0.000000
3648.602011 0.000000
2636.651443 0.000000
2688.050958 0.000000
3013.466014 0.000000
3260.834535 0.000000
3210.290585 0.000000
3102.880647 0.000000
3490.814971 0.000000
4008.105616 0.000000
4557.131941 0.000000
5369.933384 0.000000
5989.217224 0.000000
6338.113865 0.000000
6207.542608 0.000000
4991.416580 0.000000
1610.382803 0.000000
0.000000 0.000000
0.000000 0.000000
0.000000 0.000000
0.000000 0.000000
0.000000 0.000000
0.000000 0.000000
0.000000 0.000000
0.000000 0.000000
0.000000 0.000000
0.000000 0.000000
0.000000 0.000000
0.000000 0.000000
0.000000 0.000000
0.000000 0.000000
0.000000 0.000000
61.493766 0.000000
122.741064 0.000000
274.750203 0.000000
335.134863 0.000000
425.157300 0.000000
544.447812 0.000000
794.581788 0.000000
940.814174 0.000000
1281.019139 0.000000
1731.513062 0.000000
2142.836840 0.000000
2725.414916 0.000000
3349.175864 0.000000
4013.766579 0.000000
4723.743487 0.000000
5612.421033 0.000000
6337.210918 0.000000
6994.522135 0.000000
7219.632056 0.000000
6827.803346 0.000000
5117.362371 0.000000
3385.816790 0.000000
2001.942302 0.000000
1508.887466 0.000000
1799.958116 0.000000
2134.674108 0.000000
2416.364242 0.000000
2710.102512 0.000000
2812.135356 0.000000
2529.109803 0.000000
1572.889296 0.000000
1234.384971 0.000000
1294.086993 0.000000
1229.815310 0.000000
959.329368 0.000000
600.726964 0.000000
452.012207 0.000000
462.525207 0.000000
559.663381 0.000000
661.367611 0.000000
818.358068 0.000000
983.882261 0.000000
1091.836319 0.000000
1205.976959 0.000000
1265.599498 0.000000
1113.868234 0.000000
748.887654 0.000000
531.645753 0.000000
393.382293 0.000000
153.267571 0.000000
186.407830 0.000000
278.639437 0.000000
324.103761 0.000000
350.847481 0.000000
509.225148 0.000000
649.896404 0.000000
804.441115 0.000000
1004.609544 0.000000
1321.809796 0.000000
1633.214167 0.000000
1941.835407 0.000000
2349.550553 0.000000
2763.614528 0.000000
2976.216917 0.000000
2869.495840 0.000000
1789.936473 0.000000
1789.548886 0.000000
2138.755405 0.000000
2550.843577 0.000000
3053.469549 0.000000
3502.628844 0.000000
3919.263458 0.000000
4016.957527 0.000000
4119.582018 0.000000
3986.452408 0.000000
3312.304294 0.000000
1531.494722 0.000000
0.000000 0.000000
0.000000 0.000000
0.000000 0.000000
0.000000 0.000000
0.000000 0.000000
0.000000 0.000000
0.000000 0.000000
0.000000 0.000000
0.000000 0.000000
0.000000 0.000000
0.000000 0.000000
0.000000 0.000000
0.000000 0.000000
0.000000 0.000000
0.000000 0.000000
0.000000 0.000000
0.000000 0.000000
0.000000 0.000000
0.000000 0.000000
0.000000 0.000000
0.000000 0.000000
0.000000 0.000000
0.000000 0.000000
0.000000 0.000000
0.000000 0.000000
0.000000 0.000000
0.000000 0.000000
0.000000 0.000000
0.000000 0.000000
0.000000 0.000000
0.000000 0.000000
0.000000 0.000000
0.000000 0.000000
14.295851 0.000000
159.481160 0.000000
303.969279 0.000000
317.978640 0.000000
331.930703 0.000000
410.487060 0.000000
474.886004 0.000000
566.296148 0.000000
926.498827 0.000000
1343.579412 0.000000
2049.113964 0.000000
2419.312331 0.000000
3085.792872 0.000000
3857.915958 0.000000
4663.950785 0.000000
5892.299126 0.000000
7256.357758 0.000000
8643.276018 0.000000
9970.336913 0.000000
11288.052349 0.000000
12432.011001 0.000000
12347.138242 0.000000
6736.536702 0.000000
6632.870485 0.000000
6642.194815 0.000000
5567.757847 0.000000
2627.103743 0.000000
107.190477 0.000000
70.588963 0.000000
85.796193 0.000000
112.287614 0.000000
123.539318 0.000000
152.891064 0.000000
187.462468 0.000000
236.486376 0.000000
293.903676 0.000000
346.518136 0.000000
399.319899 0.000000
455.826471 0.000000
503.504540 0.000000
541.371831 0.000000
526.658756 0.000000
413.581868 0.000000
201.367112 0.000000
130.473593 0.000000
130.268677 0.000000
163.029628 0.000000
205.660358 0.000000
247.941374 0.000000
300.285461 0.000000
378.587636 0.000000
531.786722 0.000000
735.040907 0.000000
948.063137 0.000000
1143.482968 0.000000
1394.714060 0.000000
1684.377694 0.000000
2059.680721 0.000000
2461.457498 0.000000
2883.513973 0.000000
3146.606079 0.000000
3201.344041 0.000000
2830.004200 0.000000
1787.039517 0.000000
710.591530 0.000000
0.000000 0.000000
0.000000 0.000000
0.000000 0.000000
0.000000 0.000000
0.000000 0.000000
11.424106 0.000000
22.802424 0.000000
34.134954 0.000000
45.421696 0.000000
79.007194 0.000000
90.110784 0.000000
123.123932 0.000000
166.462274 0.000000
219.576354 0.000000
261.335010 0.000000
347.382109 0.000000
425.084345 0.000000
551.213300 0.000000
657.098033 0.000000
812.685633 0.000000
1006.558044 0.000000
1135.457145 0.000000
1264.327238 0.000000
1339.261763 0.000000
1293.456270 0.000000
946.118233 0.000000
642.962048 0.000000
364.011370 0.000000
0.000000 0.000000
0.000000 0.000000
0.000000 0.000000
0.000000 0.000000
0.000000 0.000000
0.000000 0.000000
0.000000 0.000000
0.000000 0.000000
0.000000 0.000000
0.000000 0.000000
0.000000 0.000000
0.000000 0.000000
0.000000 0.000000
0.000000 0.000000
0.000000 0.000000
0.000000 0.000000
0.000000 0.000000
0.000000 0.000000
0.000000 0.000000
0.000000 0.000000
0.000000 0.000000
14.374194 0.000000
28.690776 0.000000
63.927247 0.000000
77.748206 0.000000
112.646359 0.000000
174.430378 0.000000
249.247210 0.000000
309.304376 0.000000
371.282670 0.000000
454.849816 0.000000
577.520304 0.000000
756.226781 0.000000
986.672061 0.000000
1159.853087 0.000000
1386.219498 0.000000
1583.183801 0.000000
1812.239430 0.000000
2007.082102 0.000000
2140.950062 0.000000
2178.390927 0.000000
2176.602650 0.000000
1957.388921 0.000000
1039.909032 0.000000
1008.414079 0.000000
943.365712 0.000000
731.265696 0.000000
357.165708 0.000000
440.281429 0.000000
539.815521 0.000000
641.898661 0.000000
755.831790 0.000000
851.272474 0.000000
880.622171 0.000000
872.785657 0.000000
736.571291 0.000000
520.622895 0.000000
410.410781 0.000000
332.799573 0.000000
389.068779 0.000000
443.708724 0.000000
469.470737 0.000000
465.076078 0.000000
356.867846 0.000000
140.840014 0.000000
106.041489 0.000000
133.039294 0.000000
161.108203 0.000000
203.556980 0.000000
253.919465 0.000000
306.894564 0.000000
413.968805 0.000000
524.203180 0.000000
629.298224 0.000000
766.758689 0.000000
935.583711 0.000000
1069.606100 0.000000
1249.382578 0.000000
1352.052727 0.000000
1460.072927 0.000000
1375.415206 0.000000
1408.419550 0.000000
1444.584564 0.000000
1498.067731 0.000000
1509.290873 0.000000
1509.679747 0.000000
1748.483385 0.000000
1934.441658 0.000000
2155.423130 0.000000
2233.840026 0.000000
2126.438684 0.000000
1653.473113 0.000000
817.308256 0.000000
295.129143 0.000000
57.491157 0.000000
68.192848 0.000000
85.083318 0.000000
99.617154 0.000000
133.992763 0.000000
165.158415 0.000000
191.438290 0.000000
241.182777 0.000000
292.176334 0.000000
352.764182 0.000000
400.742839 0.000000
447.209463 0.000000
508.410146 0.000000
550.347957 0.000000
540.075629 0.000000
422.193576 0.000000
207.689995 0.000000
66.559398 0.000000
16.964110 0.000000
20.535105 0.000000
25.264019 0.000000
32.283654 0.000000
39.214806 0.000000
50.570099 0.000000
69.306088 0.000000
86.294794 0.000000
97.603165 0.000000
115.426681 0.000000
134.352236 0.000000
167.513007 0.000000
202.269637 0.000000
239.600687 0.000000
275.683129 0.000000
298.863317 0.000000
308.226528 0.000000
288.761468 0.000000
201.833241 0.000000
104.816555 0.000000
51.648376 0.000000
62.076497 0.000000
81.559868 0.000000
96.072984 0.000000
126.619757 0.000000
184.726231 0.000000
244.406944 0.000000
295.517039 0.000000
386.704664 0.000000
519.271771 0.000000
607.742282 0.000000
815.685254 0.000000
920.729544 0.000000
1088.289123 0.000000
1223.313386 0.000000
1460.025699 0.000000
1605.356319 0.000000
1821.428298 0.000000
2172.332565 0.000000
2500.626932 0.000000
3107.393105 0.000000
3512.906159 0.000000
3957.735905 0.000000
4189.036544 0.000000
4148.236353 0.000000
3627.914447 0.000000
2395.372428 0.000000
2149.560632 0.000000
2225.784715 0.000000
2036.879470 0.000000
1423.149330 0.000000
647.624538 0.000000
686.498497 0.000000
614.595438 0.000000
601.825716 0.000000
732.036741 0.000000
909.336531 0.000000
1045.717424 0.000000
1273.341457 0.000000
1533.826507 0.000000
1813.028614 0.000000
2105.125706 0.000000
2314.607489 0.000000
2469.320348 0.000000
2504.582032 0.000000
2807.901231 0.000000
3042.754463 0.000000
3094.119815 0.000000
3022.134417 0.000000
2741.549386 0.000000
1966.186691 0.000000
1657.786291 0.000000
1208.904804 0.000000
529.603284 0.000000
626.775987 0.000000
736.165329 0.000000
858.044685 0.000000
957.487307 0.000000
992.933177 0.000000
991.879830 0.000000
1002.582286 0.000000
852.290974 0.000000
648.185845 0.000000
763.110185 0.000000
839.763041 0.000000
878.161516 0.000000
798.358447 0.000000
571.131470 0.000000
314.240083 0.000000
384.836121 0.000000
450.299732 0.000000
523.431442 0.000000
576.658407 0.000000
587.682048 0.000000
520.020084 0.000000
410.348013 0.000000
376.597734 0.000000
458.627037 0.000000
563.566059 0.000000
676.184623 0.000000
784.820129 0.000000
889.696795 0.000000
986.833757 0.000000
1021.322385 0.000000
983.418559 0.000000
748.806837 0.000000
670.866232 0.000000
602.521999 0.000000
359.593709 0.000000
239.201750 0.000000
167.852267 0.000000
52.848927 0.000000
0.000000 0.000000
0.000000 0.000000
0.000000 0.000000
0.000000 0.000000
0.000000 0.000000
0.000000 0.000000
0.000000 0.000000
0.000000 0.000000
0.000000 0.000000
0.000000 0.000000
0.000000 0.000000
0.000000 0.000000
0.000000 0.000000
0.000000 0.000000
0.000000 0.000000
0.000000 0.000000
0.000000 0.000000
0.000000 0.000000
0.000000 0.000000
0.000000 0.000000
0.000000 0.000000
0.000000 0.000000
0.000000 0.000000
0.000000 0.000000
0.000000 0.000000
0.000000 0.000000
21.343727 0.000000
42.601908 0.000000
63.774543 0.000000
105.863175 0.000000
148.238862 0.000000
148.238862 0.000000
230.705206 0.000000
311.802814 0.000000
351.838342 0.000000
451.056824 0.000000
