1224927.478423 0.000000
1207927.872696 0.000000
1204027.455297 0.000000
1153948.788368 0.000000
1123884.235495 0.000000
1106812.536643 0.000000
1163904.637772 0.000000
1142186.209791 0.000000
1180748.776859 0.000000
1204117.239667 0.000000
1187349.608947 0.000000
1182153.529388 0.000000
1159967.542423 0.000000
1156613.541251 0.000000
1193587.058055 0.000000
1158590.650605 0.000000
1110427.244088 0.000000
1110196.498052 0.000000
1101539.508428 0.000000
1042625.732865 0.000000
932112.721757 0.000000
835193.986916 0.000000
718215.210714 0.000000
884371.976367 0.000000
1006510.606563 0.000000
1020906.640939 0.000000
999319.319458 0.000000
919760.996613 0.000000
902060.249279 0.000000
772204.370863 0.000000
837929.847838 0.000000
825741.603279 0.000000
727783.440452 0.000000
530796.137063 0.000000
299111.961835 0.000000
202762.779782 0.000000
315286.495803 0.000000
437511.386457 0.000000
540102.285169 0.000000
492729.486936 0.000000
489562.322184 0.000000
459512.154812 0.000000
465720.194037 0.000000
492089.654649 0.000000
471390.635911 0.000000
367109.309915 0.000000
185044.452325 0.000000
225663.792685 0.000000
288315.679169 0.000000
370237.351125 0.000000
472773.849188 0.000000
552054.463179 0.000000
627497.305608 0.000000
643387.828739 0.000000
635805.292734 0.000000
637393.751770 0.000000
593683.306064 0.000000
509333.043808 0.000000
506829.719814 0.000000
386200.074164 0.000000
291498.566831 0.000000
86364.377052 0.000000
58983.757466 0.000000
70049.075806 0.000000
81960.785148 0.000000
122355.865448 0.000000
148912.713362 0.000000
117819.171522 0.000000
127123.618807 0.000000
144087.910941 0.000000
166653.016698 0.000000
232381.944973 0.000000
285959.781227 0.000000
301523.449696 0.000000
311074.717634 0.000000
326449.746447 0.000000
293305.807617 0.000000
333929.782189 0.000000
347675.726476 0.000000
288257.935248 0.000000
184464.216574 0.000000
91240.130762 0.000000
16038.632628 0.000000
7717.473332 0.000000
9602.317464 0.000000
11418.688379 0.000000
14882.453625 0.000000
22974.324785 0.000000
29260.766028 0.000000
33935.727064 0.000000
52466.707552 0.000000
61874.562197 0.000000
71438.177844 0.000000
92028.184206 0.000000
106375.458588 0.000000
75505.101861 0.000000
78672.510648 0.000000
80423.443990 0.000000
65657.206162 0.000000
91427.065304 0.000000
97273.713216 0.000000
99642.768485 0.000000
81291.753442 0.000000
93980.956880 0.000000
114545.461486 0.000000
128136.085912 0.000000
122281.162701 0.000000
92892.380305 0.000000
96141.707521 0.000000
87964.662662 0.000000
101909.373163 0.000000
115192.755741 0.000000
114866.096219 0.000000
119775.446316 0.000000
42433.518310 0.000000
33027.787338 0.000000
38383.863587 0.000000
44426.791360 0.000000
47648.461635 0.000000
46907.799553 0.000000
21148.898343 0.000000
11071.909412 0.000000
19090.302754 0.000000
29843.264003 0.000000
34969.933059 0.000000
39664.381246 0.000000
72488.188612 0.000000
98484.740888 0.000000
116016.018320 0.000000
138046.780053 0.000000
143400.945934 0.000000
149292.681641 0.000000
154571.081894 0.000000
154007.779892 0.000000
206577.969515 0.000000
252787.744760 0.000000
272919.557598 0.000000
299494.568663 0.000000
304154.512158 0.000000
250358.130675 0.000000
138941.363814 0.000000
25484.809953 0.000000
0.000000 0.000000
2.229480 0.000000
4.413920 0.000000
1663.737885 0.000000
3344.908365 0.000000
4934.549668 0.000000
6493.616831 0.000000
11039.132163 0.000000
13950.513421 0.000000
19183.829602 0.000000
23905.935761 0.000000
28535.308300 0.000000
32301.869794 0.000000
35371.401819 0.000000
38976.810303 0.000000
43120.746489 0.000000
45516.040182 0.000000
41693.597680 0.000000
33078.316562 0.000000
15217.785570 0.000000
18.840195 0.000000
1602.908904 0.000000
4660.638039 0.000000
6170.585021 0.000000
7664.128336 0.000000
9138.416844 0.000000
14933.338344 0.000000
17574.289192 0.000000
21271.958174 0.000000
25740.830659 0.000000
31830.600700 0.000000
36539.162994 0.000000
40138.315816 0.000000
40049.865119 0.000000
26565.483750 0.000000
5872.188585 0.000000
7460.335031 0.000000
11223.162812 0.000000
14831.631732 0.000000
20265.717365 0.000000
27277.157935 0.000000
38642.210505 0.000000
31616.723406 0.000000
37690.123262 0.000000
45847.963898 0.000000
53739.685481 0.000000
58749.735635 0.000000
65071.099810 0.000000
67165.808477 0.000000
65909.940793 0.000000
45003.232184 0.000000
23.140755 0.000000
45.814020 0.000000
78.888984 0.000000
161.634795 0.000000
195.001911 0.000000
256.710692 0.000000
271.904184 0.000000
351.202184 0.000000
446.745431 0.000000
497.643451 0.000000
514.005435 0.000000
445.693143 0.000000
291.917038 0.000000
279.966876 0.000000
219.222654 0.000000
42.482972 0.000000
46.924108 0.000000
49.057022 0.000000
59.604720 0.000000
75.674620 0.000000
97.135241 0.000000
117.251834 0.000000
126.367850 0.000000
118.888042 0.000000
93.409946 0.000000
71.722867 0.000000
49.575609 0.000000
12.534432 0.000000
0.000000 0.000000
25.532892 0.000000
50.549968 0.000000
75.051228 0.000000
122.506300 0.000000
178.859198 0.000000
242.304566 0.000000
310.263324 0.000000
382.799949 0.000000
473.776996 0.000000
552.890275 0.000000
625.910488 0.000000
595.477332 0.000000
402.562132 0.000000
145.610575 0.000000
0.000000 0.000000
0.000000 0.000000
0.000000 0.000000
0.000000 0.000000
0.000000 0.000000
1597.232579 0.000000
1597.232579 0.000000
1647.608751 0.000000
3209.966721 0.000000
3257.728405 0.000000
4830.358962 0.000000
4917.505395 0.000000
5040.355145 0.000000
6580.533749 0.000000
8144.176345 0.000000
17305.018756 0.000000
20045.007294 0.000000
21400.606672 0.000000
23793.377886 0.000000
32088.041773 0.000000
33760.631413 0.000000
24414.218497 0.000000
25.970670 0.000000
0.000000 0.000000
0.000000 0.000000
0.000000 0.000000
0.000000 0.000000
0.000000 0.000000
1577.168406 0.000000
3122.474824 0.000000
4635.919254 0.000000
6117.501696 0.000000
8985.080616 0.000000
10371.077094 0.000000
14337.894600 0.000000
20312.017350 0.000000
24517.799766 0.000000
26429.519046 0.000000
31399.989174 0.000000
34076.396166 0.000000
37533.421864 0.000000
39811.554006 0.000000
34076.396166 0.000000
18296.899735 0.000000
3140.100124 0.000000
4662.087429 0.000000
7609.936525 0.000000
9035.798316 0.000000
11791.396384 0.000000
14418.827100 0.000000
21532.115136 0.000000
25633.470400 0.000000
28373.047549 0.000000
31577.231349 0.000000
37344.762189 0.000000
39908.109229 0.000000
38134.506820 0.000000
29273.138952 0.000000
99.895935 0.000000
178.336513 0.000000
294.366766 0.000000
386.882047 0.000000
436.315095 0.000000
505.315392 0.000000
657.390631 0.000000
775.480695 0.000000
846.626616 0.000000
762.951174 0.000000
291.578645 0.000000
49.175907 0.000000
36.688905 0.000000
55.097724 0.000000
1587.231597 0.000000
3099.211343 0.000000
6005.162320 0.000000
7413.381512 0.000000
8799.371545 0.000000
11464.832744 0.000000
13983.761499 0.000000
17497.020400 0.000000
17488.599992 0.000000
19726.608706 0.000000
21828.189331 0.000000
25667.320182 0.000000
29748.523422 0.000000
33097.819721 0.000000
35622.647706 0.000000
37652.102193 0.000000
38220.243524 0.000000
37543.980891 0.000000
38233.282866 0.000000
34373.191807 0.000000
17324.456298 0.000000
0.000000 0.000000
0.000000 0.000000
0.000000 0.000000
0.000000 0.000000
0.000000 0.000000
17.188974 0.000000
37.228954 0.000000
56.796232 0.000000
83.710152 0.000000
128.242191 0.000000
206.640494 0.000000
243.851280 0.000000
1887.558917 0.000000
1936.984114 0.000000
1968.889603 0.000000
3524.119903 0.000000
4993.546021 0.000000
6315.581763 0.000000
9008.929884 0.000000
21.219504 0.000000
0.000000 0.000000
0.000000 0.000000
7.644285 0.000000
7.644285 0.000000
15.134140 0.000000
22.469565 0.000000
36.677125 0.000000
56.830240 0.000000
81.539040 0.000000
90.148549 0.000000
100.958716 0.000000
127.790941 0.000000
149.140933 0.000000
170.066181 0.000000
187.671109 0.000000
181.107632 0.000000
135.646964 0.000000
43.625984 0.000000
0.000000 0.000000
0.000000 0.000000
0.000000 0.000000
0.000000 0.000000
0.000000 0.000000
0.000000 0.000000
0.000000 0.000000
0.000000 0.000000
0.000000 0.000000
0.000000 0.000000
0.000000 0.000000
0.000000 0.000000
0.000000 0.000000
0.000000 0.000000
1.488069 0.000000
2.946076 0.000000
4.374021 0.000000
6.455860 0.000000
7.808649 0.000000
10.082150 0.000000
12.242913 0.000000
15.730169 0.000000
18.323108 0.000000
20.825780 0.000000
25.049553 0.000000
28.465374 0.000000
31.960019 0.000000
33.233693 0.000000
32.057322 0.000000
27.536268 0.000000
18.748045 0.000000
18.143084 0.000000
14.447539 0.000000
5.519683 0.000000
0.000000 0.000000
1563.579567 0.000000
3095.571668 0.000000
4595.976303 0.000000
6064.793472 0.000000
8907.665412 0.000000
12935.067327 0.000000
15462.064607 0.000000
19015.654532 0.000000
23311.549908 0.000000
27102.045828 0.000000
31840.165728 0.000000
34935.903687 0.000000
38941.936977 0.000000
38950.179816 0.000000
31872.451124 0.000000
14220.252409 0.000000
12938.007454 0.000000
14217.692288 0.000000
18633.110832 0.000000
23865.221001 0.000000
26907.007340 0.000000
31324.876929 0.000000
38140.546213 0.000000
46368.838613 0.000000
51722.914251 0.000000
53135.298198 0.000000
50567.123167 0.000000
38345.596921 0.000000
36624.148992 0.000000
39485.410632 0.000000
39167.492672 0.000000
34001.325822 0.000000
22429.112078 0.000000
0.000000 0.000000
0.000000 0.000000
0.000000 0.000000
0.000000 0.000000
0.000000 0.000000
0.000000 0.000000
0.000000 0.000000
0.000000 0.000000
0.000000 0.000000
0.000000 0.000000
0.000000 0.000000
0.000000 0.000000
0.000000 0.000000
0.000000 0.000000
0.000000 0.000000
0.000000 0.000000
0.000000 0.000000
0.000000 0.000000
0.000000 0.000000
0.000000 0.000000
0.000000 0.000000
0.000000 0.000000
0.000000 0.000000
0.000000 0.000000
0.000000 0.000000
0.000000 0.000000
0.000000 0.000000
0.000000 0.000000
0.000000 0.000000
0.000000 0.000000
0.000000 0.000000
0.000000 0.000000
1564.682229 0.000000
3097.754716 0.000000
6069.070464 0.000000
7507.313725 0.000000
8913.947244 0.000000
11632.385056 0.000000
12944.189349 0.000000
17875.309101 0.000000
27990.426541 0.000000
31151.400741 0.000000
34944.569781 0.000000
38943.202144 0.000000
39117.055725 0.000000
37599.788109 0.000000
23327.989596 0.000000
0.000000 0.000000
0.000000 0.000000
0.000000 0.000000
0.000000 0.000000
0.000000 0.000000
0.000000 0.000000
0.000000 0.000000
0.000000 0.000000
0.000000 0.000000
0.000000 0.000000
0.000000 0.000000
0.000000 0.000000
0.000000 0.000000
0.000000 0.000000
0.000000 0.000000
0.000000 0.000000
0.000000 0.000000
0.000000 0.000000
0.000000 0.000000
0.000000 0.000000
0.000000 0.000000
0.000000 0.000000
0.000000 0.000000
8.685765 0.000000
17.196060 0.000000
25.530885 0.000000
33.690240 0.000000
49.482540 0.000000
57.115485 0.000000
85.892565 0.000000
95.938185 0.000000
117.828037 0.000000
129.145792 0.000000
154.588908 0.000000
171.521741 0.000000
180.690048 0.000000
201.921940 0.000000
211.134209 0.000000
192.523761 0.000000
141.780557 0.000000
107.695841 0.000000
109.806985 0.000000
99.624145 0.000000
75.101892 0.000000
30.071724 0.000000
13.473369 0.000000
17.372256 0.000000
1549.612022 0.000000
3048.464716 0.000000
5953.313131 0.000000
8735.224203 0.000000
11393.095698 0.000000
16337.575621 0.000000
18624.110732 0.000000
23792.977799 0.000000
26520.413933 0.000000
31136.653544 0.000000
34148.318523 0.000000
38225.038675 0.000000
36741.684889 0.000000
28169.636344 0.000000
0.000000 0.000000
0.000000 0.000000
0.000000 0.000000
0.000000 0.000000
0.000000 0.000000
0.000000 0.000000
0.000000 0.000000
0.000000 0.000000
0.000000 0.000000
0.000000 0.000000
0.000000 0.000000
0.000000 0.000000
0.000000 0.000000
0.000000 0.000000
0.000000 0.000000
0.000000 0.000000
0.000000 0.000000
0.000000 0.000000
0.000000 0.000000
9.340947 0.000000
18.493188 0.000000
36.231552 0.000000
44.817675 0.000000
53.215092 0.000000
61.423803 0.000000
77.275107 0.000000
99.542491 0.000000
140.479799 0.000000
177.826192 0.000000
210.604991 0.000000
231.225179 0.000000
229.913935 0.000000
209.029080 0.000000
102.126473 0.000000
0.000000 0.000000
0.000000 0.000000
0.000000 0.000000
0.000000 0.000000
0.000000 0.000000
0.000000 0.000000
0.000000 0.000000
0.000000 0.000000
0.000000 0.000000
0.000000 0.000000
0.000000 0.000000
0.000000 0.000000
0.000000 0.000000
0.000000 0.000000
0.000000 0.000000
0.000000 0.000000
0.000000 0.000000
0.000000 0.000000
0.000000 0.000000
0.000000 0.000000
0.000000 0.000000
0.000000 0.000000
0.000000 0.000000
0.000000 0.000000
0.000000 0.000000
0.000000 0.000000
0.000000 0.000000
0.000000 0.000000
0.000000 0.000000
0.000000 0.000000
0.000000 0.000000
0.000000 0.000000
0.000000 0.000000
0.000000 0.000000
0.000000 0.000000
0.000000 0.000000
0.000000 0.000000
0.000000 0.000000
0.000000 0.000000
0.000000 0.000000
0.000000 0.000000
0.000000 0.000000
0.000000 0.000000
0.000000 0.000000
0.000000 0.000000
0.000000 0.000000
0.000000 0.000000
0.000000 0.000000
0.000000 0.000000
0.000000 0.000000
0.000000 0.000000
0.000000 0.000000
0.000000 0.000000
0.000000 0.000000
0.000000 0.000000
0.000000 0.000000
0.000000 0.000000
0.000000 0.000000
0.000000 0.000000
0.000000 0.000000
0.000000 0.000000
0.000000 0.000000
0.000000 0.000000
0.000000 0.000000
0.000000 0.000000
0.000000 0.000000
0.000000 0.000000
0.000000 0.000000
0.000000 0.000000
0.000000 0.000000
1557.444537 0.000000
3083.425548 0.000000
4577.943033 0.000000
4577.943033 0.000000
6040.996992 0.000000
8872.714332 0.000000
8872.714332 0.000000
12884.313897 0.000000
15401.395977 0.000000
20057.997825 0.000000
26098.994817 0.000000
27860.952273 0.000000
33650.241057 0.000000
37064.033628 0.000000
39313.675737 0.000000
37425.864177 0.000000
24211.183257 0.000000
6040.996992 0.000000
0.000000 0.000000
0.000000 0.000000
0.000000 0.000000
0.000000 0.000000
0.000000 0.000000
0.000000 0.000000
3.588948 0.000000
7.105392 0.000000
7.105392 0.000000
10.549332 0.000000
17.219700 0.000000
28.185930 0.000000
35.454456 0.000000
44.053140 0.000000
50.221038 0.000000
62.712591 0.000000
1634.262886 0.000000
3176.915201 0.000000
3178.781991 0.000000
4673.679577 0.000000
6123.669783 0.000000
6099.457016 0.000000
7515.986944 0.000000
11624.584487 0.000000
15462.592681 0.000000
20137.697311 0.000000
23312.346064 0.000000
27971.656422 0.000000
33783.948666 0.000000
37906.253762 0.000000
39232.972644 0.000000
32520.406874 0.000000
19016.303971 0.000000
0.000000 0.000000
4.398372 0.000000
4.398372 0.000000
8.707888 0.000000
12.928548 0.000000
17.060352 0.000000
28.878200 0.000000
43.450584 0.000000
53.446884 0.000000
59.533520 0.000000
75.838596 0.000000
91.132935 0.000000
101.795655 0.000000
108.326571 0.000000
95.942266 0.000000
66.364325 0.000000
32.021481 0.000000
0.000000 0.000000
0.000000 0.000000
0.000000 0.000000
0.000000 0.000000
0.000000 0.000000
0.000000 0.000000
0.000000 0.000000
0.000000 0.000000
0.000000 0.000000
0.000000 0.000000
0.000000 0.000000
0.000000 0.000000
0.000000 0.000000
0.000000 0.000000
0.000000 0.000000
0.000000 0.000000
0.000000 0.000000
0.000000 0.000000
0.000000 0.000000
0.000000 0.000000
0.000000 0.000000
0.000000 0.000000
0.000000 0.000000
0.000000 0.000000
0.000000 0.000000
0.000000 0.000000
0.000000 0.000000
0.000000 0.000000
0.000000 0.000000
0.000000 0.000000
0.000000 0.000000
0.000000 0.000000
0.000000 0.000000
0.000000 0.000000
0.000000 0.000000
0.000000 0.000000
0.000000 0.000000
0.000000 0.000000
0.000000 0.000000
0.000000 0.000000
0.000000 0.000000
0.000000 0.000000
0.000000 0.000000
0.000000 0.000000
0.000000 0.000000
0.634986 0.000000
1.257144 0.000000
1.866474 0.000000
1.866474 0.000000
3.617496 0.000000
4.720704 0.000000
5.766186 0.000000
7.696800 0.000000
10.204674 0.000000
11.524377 0.000000
12.972345 0.000000
14.354556 0.000000
15.228417 0.000000
14.829024 0.000000
13.117909 0.000000
8.170314 0.000000
4.826440 0.000000
0.000000 0.000000
0.000000 0.000000
0.000000 0.000000
0.000000 0.000000
0.000000 0.000000
0.000000 0.000000
0.000000 0.000000
0.000000 0.000000
0.000000 0.000000
0.000000 0.000000
0.000000 0.000000
0.000000 0.000000
0.000000 0.000000
0.000000 0.000000
0.000000 0.000000
0.000000 0.000000
0.000000 0.000000
0.000000 0.000000
0.000000 0.000000
0.000000 0.000000
0.000000 0.000000
0.000000 0.000000
0.000000 0.000000
0.000000 0.000000
0.000000 0.000000
0.000000 0.000000
0.000000 0.000000
0.000000 0.000000
0.000000 0.000000
0.000000 0.000000
0.000000 0.000000
0.000000 0.000000
0.000000 0.000000
0.000000 0.000000
0.000000 0.000000
0.000000 0.000000
0.000000 0.000000
0.000000 0.000000
0.000000 0.000000
0.000000 0.000000
0.000000 0.000000
0.000000 0.000000
0.000000 0.000000
0.000000 0.000000
0.000000 0.000000
0.000000 0.000000
0.000000 0.000000
0.000000 0.000000
0.000000 0.000000
0.000000 0.000000
0.000000 0.000000
0.000000 0.000000
0.000000 0.000000
0.000000 0.000000
0.000000 0.000000
0.000000 0.000000
0.000000 0.000000
0.000000 0.000000
0.000000 0.000000
0.000000 0.000000
0.000000 0.000000
0.000000 0.000000
0.000000 0.000000
0.000000 0.000000
0.000000 0.000000
0.000000 0.000000
0.000000 0.000000
0.000000 0.000000
0.000000 0.000000
0.000000 0.000000
0.000000 0.000000
0.000000 0.000000
0.000000 0.000000
0.000000 0.000000
0.000000 0.000000
0.000000 0.000000
0.000000 0.000000
0.000000 0.000000
0.000000 0.000000
0.000000 0.000000
0.000000 0.000000
0.000000 0.000000
0.000000 0.000000
0.000000 0.000000
0.000000 0.000000
0.000000 0.000000
0.000000 0.000000
0.000000 0.000000
0.000000 0.000000
0.000000 0.000000
0.000000 0.000000
0.000000 0.000000
0.000000 0.000000
0.000000 0.000000
0.000000 0.000000
0.000000 0.000000
0.000000 0.000000
0.000000 0.000000
0.000000 0.000000
0.000000 0.000000
0.000000 0.000000
0.000000 0.000000
0.000000 0.000000
0.000000 0.000000
0.000000 0.000000
0.000000 0.000000
0.000000 0.000000
0.000000 0.000000
0.000000 0.000000
0.000000 0.000000
0.000000 0.000000
0.000000 0.000000
0.000000 0.000000
0.000000 0.000000
0.000000 0.000000
0.000000 0.000000
0.000000 0.000000
0.000000 0.000000
0.000000 0.000000
0.000000 0.000000
0.000000 0.000000
0.000000 0.000000
0.000000 0.000000
0.000000 0.000000
0.000000 0.000000
0.000000 0.000000
0.000000 0.000000
0.000000 0.000000
0.000000 0.000000
0.000000 0.000000
0.000000 0.000000
0.000000 0.000000
0.000000 0.000000
0.000000 0.000000
0.000000 0.000000
0.000000 0.000000
0.000000 0.000000
0.000000 0.000000
0.000000 0.000000
0.000000 0.000000
0.000000 0.000000
0.000000 0.000000
0.000000 0.000000
0.000000 0.000000
0.000000 0.000000
0.000000 0.000000
0.000000 0.000000
0.000000 0.000000
0.000000 0.000000
0.000000 0.000000
0.000000 0.000000
0.000000 0.000000
0.000000 0.000000
0.000000 0.000000
0.000000 0.000000
0.000000 0.000000
0.000000 0.000000
0.000000 0.000000
0.000000 0.000000
0.000000 0.000000
0.000000 0.000000
0.000000 0.000000
0.000000 0.000000
0.000000 0.000000
0.000000 0.000000
0.000000 0.000000
0.000000 0.000000
0.000000 0.000000
0.000000 0.000000
0.000000 0.000000
0.000000 0.000000
0.000000 0.000000
0.000000 0.000000
0.000000 0.000000
0.000000 0.000000
0.000000 0.000000
0.000000 0.000000
0.000000 0.000000
0.000000 0.000000
0.000000 0.000000
0.000000 0.000000
0.000000 0.000000
0.000000 0.000000
0.000000 0.000000
0.000000 0.000000
0.000000 0.000000
0.000000 0.000000
0.000000 0.000000
0.000000 0.000000
0.000000 0.000000
0.000000 0.000000
0.000000 0.000000
0.000000 0.000000
0.000000 0.000000
0.000000 0.000000
0.000000 0.000000
0.000000 0.000000
0.000000 0.000000
0.000000 0.000000
0.000000 0.000000
0.000000 0.000000
0.000000 0.000000
0.000000 0.000000
0.000000 0.000000
0.000000 0.000000
0.000000 0.000000
0.000000 0.000000
0.000000 0.000000
0.000000 0.000000
0.000000 0.000000
0.000000 0.000000
0.000000 0.000000
0.000000 0.000000
0.000000 0.000000
0.000000 0.000000
0.000000 0.000000
0.000000 0.000000
0.000000 0.000000
0.000000 0.000000
0.000000 0.000000
0.000000 0.000000
0.000000 0.000000
0.000000 0.000000
