285927.933385 0.000000
262783.814375 0.000000
244923.220629 0.000000
217021.845426 0.000000
197482.759723 0.000000
182152.813358 0.000000
176955.054087 0.000000
167065.626143 0.000000
159514.754714 0.000000
162094.113459 0.000000
163482.059441 0.000000
143873.306332 0.000000
126260.358467 0.000000
109512.881943 0.000000
90947.193518 0.000000
80539.040060 0.000000
69659.507562 0.000000
86959.829831 0.000000
94433.520177 0.000000
94660.939431 0.000000
87589.254388 0.000000
85429.143573 0.000000
73403.695930 0.000000
63691.589936 0.000000
19448.227353 0.000000
5741.266032 0.000000
6287.448420 0.000000
7113.072960 0.000000
7417.918944 0.000000
7068.616254 0.000000
5137.925022 0.000000
3962.997792 0.000000
3658.151808 0.000000
1676.652912 0.000000
0.000000 0.000000
0.000000 0.000000
0.000000 0.000000
0.000000 0.000000
0.000000 0.000000
0.000000 0.000000
0.000000 0.000000
0.000000 0.000000
0.000000 0.000000
0.000000 0.000000
0.000000 0.000000
0.000000 0.000000
0.000000 0.000000
3.040597 0.000000
5.957088 0.000000
8.749473 0.000000
11.417752 0.000000
13.961925 0.000000
17.529991 0.000000
23.859394 0.000000
29.428642 0.000000
34.516986 0.000000
38.085031 0.000000
37.697199 0.000000
31.771128 0.000000
9.928461 0.000000
0.000000 0.000000
0.000000 0.000000
0.000000 0.000000
0.000000 0.000000
0.000000 0.000000
0.000000 0.000000
0.000000 0.000000
0.000000 0.000000
0.000000 0.000000
0.000000 0.000000
0.000000 0.000000
0.000000 0.000000
0.000000 0.000000
0.000000 0.000000
0.000000 0.000000
0.000000 0.000000
0.000000 0.000000
0.000000 0.000000
0.000000 0.000000
0.000000 0.000000
0.000000 0.000000
0.000000 0.000000
2150.445922 0.000000
4213.118541 0.000000
6188.017857 0.000000
11586.075987 0.000000
14745.914892 0.000000
17554.660586 0.000000
21109.479355 0.000000
24620.411472 0.000000
27385.270514 0.000000
24620.411472 0.000000
6621.175541 0.000000
251.961951 0.000000
577.523490 0.000000
994.670878 0.000000
1477.566308 0.000000
2395.608618 0.000000
2631.696494 0.000000
3495.986011 0.000000
3877.252274 0.000000
2809.048468 0.000000
2913.479502 0.000000
2860.787328 0.000000
2435.528468 0.000000
914.508205 0.000000
7.165004 0.000000
10.211916 0.000000
11.997216 0.000000
14.496636 0.000000
14.782284 0.000000
12.723238 0.000000
75.977141 0.000000
135.186144 0.000000
198.554649 0.000000
371.761896 0.000000
423.864889 0.000000
473.151504 0.000000
642.134184 0.000000
766.054816 0.000000
829.423321 0.000000
915.487470 0.000000
874.531783 0.000000
362.838312 0.000000
393.035072 0.000000
468.926747 0.000000
576.366435 0.000000
649.187134 0.000000
662.605532 0.000000
784.412994 0.000000
825.011992 0.000000
718.019617 0.000000
682.630223 0.000000
388.117420 0.000000
0.000000 0.000000
0.000000 0.000000
0.000000 0.000000
0.000000 0.000000
0.000000 0.000000
0.000000 0.000000
0.000000 0.000000
0.000000 0.000000
0.000000 0.000000
51.408742 0.000000
100.719168 0.000000
147.931278 0.000000
193.045072 0.000000
276.977712 0.000000
315.796558 0.000000
352.517088 0.000000
387.139302 0.000000
534.696341 0.000000
747.088881 0.000000
900.936159 0.000000
1104.968399 0.000000
1273.740816 0.000000
1460.787275 0.000000
1491.277338 0.000000
1484.402017 0.000000
1571.719782 0.000000
1702.696431 0.000000
1607.192625 0.000000
720.371567 0.000000
0.000000 0.000000
0.000000 0.000000
0.000000 0.000000
0.000000 0.000000
0.000000 0.000000
0.000000 0.000000
0.000000 0.000000
0.000000 0.000000
0.000000 0.000000
0.000000 0.000000
0.000000 0.000000
29.161223 0.000000
57.132192 0.000000
70.522527 0.000000
83.317736 0.000000
120.513156 0.000000
214.245624 0.000000
261.855776 0.000000
308.870823 0.000000
334.312545 0.000000
330.444246 0.000000
276.287838 0.000000
184.638462 0.000000
181.662822 0.000000
131.076942 0.000000
27.375888 0.000000
0.000000 0.000000
0.000000 0.000000
0.000000 0.000000
0.000000 0.000000
0.000000 0.000000
0.000000 0.000000
0.000000 0.000000
0.000000 0.000000
0.000000 0.000000
0.000000 0.000000
0.000000 0.000000
0.000000 0.000000
0.000000 0.000000
0.000000 0.000000
0.000000 0.000000
0.000000 0.000000
0.000000 0.000000
0.000000 0.000000
0.000000 0.000000
0.000000 0.000000
0.000000 0.000000
0.000000 0.000000
0.000000 0.000000
0.000000 0.000000
0.000000 0.000000
0.000000 0.000000
0.000000 0.000000
0.000000 0.000000
0.000000 0.000000
0.000000 0.000000
0.000000 0.000000
0.000000 0.000000
0.000000 0.000000
0.000000 0.000000
0.000000 0.000000
0.000000 0.000000
0.000000 0.000000
0.000000 0.000000
0.000000 0.000000
0.000000 0.000000
0.000000 0.000000
0.000000 0.000000
0.000000 0.000000
0.000000 0.000000
0.000000 0.000000
224.620508 0.000000
224.620508 0.000000
440.072832 0.000000
646.356972 0.000000
843.472928 0.000000
1210.200288 0.000000
1540.254912 0.000000
1966.575468 0.000000
2204.948252 0.000000
2571.675612 0.000000
2960.939546 0.000000
2903.185353 0.000000
2437.265755 0.000000
1354.695174 0.000000
0.000000 0.000000
0.000000 0.000000
0.000000 0.000000
0.000000 0.000000
0.000000 0.000000
0.000000 0.000000
0.000000 0.000000
0.000000 0.000000
0.000000 0.000000
0.000000 0.000000
0.000000 0.000000
0.000000 0.000000
0.000000 0.000000
0.000000 0.000000
0.000000 0.000000
0.000000 0.000000
0.000000 0.000000
0.000000 0.000000
0.000000 0.000000
0.000000 0.000000
0.000000 0.000000
0.000000 0.000000
0.000000 0.000000
0.000000 0.000000
0.000000 0.000000
0.000000 0.000000
0.000000 0.000000
0.000000 0.000000
0.000000 0.000000
0.000000 0.000000
0.000000 0.000000
0.000000 0.000000
0.000000 0.000000
0.000000 0.000000
0.000000 0.000000
0.000000 0.000000
0.000000 0.000000
0.000000 0.000000
0.000000 0.000000
0.000000 0.000000
0.000000 0.000000
0.000000 0.000000
0.000000 0.000000
0.000000 0.000000
41.240556 0.000000
41.240556 0.000000
80.797824 0.000000
118.671804 0.000000
136.767150 0.000000
188.528256 0.000000
236.081142 0.000000
279.425808 0.000000
297.310743 0.000000
343.180341 0.000000
387.261440 0.000000
429.974879 0.000000
435.550786 0.000000
290.577655 0.000000
176.530314 0.000000
51.445509 0.000000
0.000000 0.000000
0.000000 0.000000
0.000000 0.000000
0.000000 0.000000
7.496216 0.000000
45.859372 0.000000
52.608653 0.000000
88.671490 0.000000
122.874975 0.000000
149.792733 0.000000
227.867078 0.000000
258.371151 0.000000
282.300463 0.000000
334.482673 0.000000
392.921196 0.000000
424.831869 0.000000
428.426387 0.000000
406.360557 0.000000
309.058313 0.000000
92.354672 0.000000
60.690213 0.000000
110.825606 0.000000
131.935246 0.000000
173.165010 0.000000
185.039182 0.000000
204.829469 0.000000
194.274649 0.000000
150.406180 0.000000
0.000000 0.000000
0.000000 0.000000
0.000000 0.000000
0.000000 0.000000
0.000000 0.000000
0.000000 0.000000
0.000000 0.000000
0.000000 0.000000
0.000000 0.000000
0.000000 0.000000
0.000000 0.000000
0.000000 0.000000
0.000000 0.000000
0.000000 0.000000
0.000000 0.000000
0.000000 0.000000
0.000000 0.000000
0.000000 0.000000
0.000000 0.000000
0.000000 0.000000
0.000000 0.000000
0.000000 0.000000
0.000000 0.000000
0.000000 0.000000
0.000000 0.000000
0.000000 0.000000
0.000000 0.000000
0.000000 0.000000
0.000000 0.000000
0.000000 0.000000
0.000000 0.000000
0.000000 0.000000
0.000000 0.000000
0.000000 0.000000
0.000000 0.000000
0.000000 0.000000
0.000000 0.000000
0.000000 0.000000
0.000000 0.000000
0.000000 0.000000
0.000000 0.000000
4.291469 0.000000
8.407776 0.000000
12.348921 0.000000
21.413574 0.000000
23.033841 0.000000
29.339669 0.000000
41.776185 0.000000
48.782649 0.000000
53.468211 0.000000
52.986489 0.000000
40.506086 0.000000
18.785910 0.000000
0.000000 0.000000
0.000000 0.000000
0.000000 0.000000
0.000000 0.000000
0.000000 0.000000
0.000000 0.000000
0.000000 0.000000
0.000000 0.000000
0.000000 0.000000
0.000000 0.000000
0.000000 0.000000
0.000000 0.000000
0.000000 0.000000
0.000000 0.000000
0.000000 0.000000
0.000000 0.000000
0.000000 0.000000
0.000000 0.000000
0.000000 0.000000
0.000000 0.000000
0.000000 0.000000
0.000000 0.000000
0.000000 0.000000
0.000000 0.000000
0.000000 0.000000
0.000000 0.000000
0.000000 0.000000
0.000000 0.000000
0.000000 0.000000
0.000000 0.000000
0.000000 0.000000
0.000000 0.000000
0.000000 0.000000
0.000000 0.000000
0.000000 0.000000
0.000000 0.000000
0.000000 0.000000
0.000000 0.000000
0.000000 0.000000
0.000000 0.000000
0.000000 0.000000
0.000000 0.000000
0.000000 0.000000
0.000000 0.000000
0.000000 0.000000
0.000000 0.000000
0.000000 0.000000
0.000000 0.000000
0.000000 0.000000
0.000000 0.000000
0.000000 0.000000
0.000000 0.000000
0.000000 0.000000
0.000000 0.000000
0.000000 0.000000
0.000000 0.000000
0.000000 0.000000
0.000000 0.000000
0.000000 0.000000
0.000000 0.000000
0.000000 0.000000
0.000000 0.000000
0.000000 0.000000
0.000000 0.000000
0.000000 0.000000
0.000000 0.000000
0.000000 0.000000
0.000000 0.000000
0.000000 0.000000
0.000000 0.000000
0.000000 0.000000
0.000000 0.000000
0.000000 0.000000
0.000000 0.000000
0.000000 0.000000
0.000000 0.000000
0.000000 0.000000
0.000000 0.000000
0.000000 0.000000
0.000000 0.000000
0.000000 0.000000
0.000000 0.000000
0.000000 0.000000
0.000000 0.000000
0.000000 0.000000
0.000000 0.000000
0.000000 0.000000
0.000000 0.000000
0.000000 0.000000
0.000000 0.000000
0.000000 0.000000
0.000000 0.000000
0.000000 0.000000
0.000000 0.000000
0.000000 0.000000
0.000000 0.000000
0.000000 0.000000
0.000000 0.000000
0.000000 0.000000
0.000000 0.000000
0.000000 0.000000
0.000000 0.000000
0.000000 0.000000
0.000000 0.000000
0.000000 0.000000
0.000000 0.000000
0.000000 0.000000
0.000000 0.000000
0.000000 0.000000
0.000000 0.000000
0.000000 0.000000
0.000000 0.000000
0.000000 0.000000
0.000000 0.000000
0.000000 0.000000
0.000000 0.000000
0.000000 0.000000
12.546597 0.000000
24.581088 0.000000
36.103473 0.000000
47.113752 0.000000
47.113752 0.000000
57.611925 0.000000
86.033808 0.000000
109.846737 0.000000
123.161493 0.000000
145.566138 0.000000
158.368783 0.000000
153.375737 0.000000
139.036761 0.000000
76.815864 0.000000
0.000000 0.000000
0.000000 0.000000
0.000000 0.000000
0.000000 0.000000
0.000000 0.000000
0.000000 0.000000
0.000000 0.000000
0.000000 0.000000
0.000000 0.000000
0.000000 0.000000
0.000000 0.000000
0.000000 0.000000
0.000000 0.000000
0.000000 0.000000
0.000000 0.000000
0.000000 0.000000
46.530106 0.000000
46.530106 0.000000
91.161024 0.000000
91.161024 0.000000
133.892754 0.000000
213.658650 0.000000
319.063584 0.000000
393.606713 0.000000
477.645782 0.000000
537.945001 0.000000
585.899498 0.000000
581.626325 0.000000
513.255557 0.000000
326.660336 0.000000
203.687913 0.000000
258.289568 0.000000
289.151373 0.000000
296.273328 0.000000
266.361117 0.000000
159.531792 0.000000
0.000000 0.000000
0.000000 0.000000
0.000000 0.000000
0.000000 0.000000
0.000000 0.000000
0.000000 0.000000
0.000000 0.000000
0.000000 0.000000
0.000000 0.000000
0.000000 0.000000
0.000000 0.000000
0.000000 0.000000
0.000000 0.000000
0.000000 0.000000
0.000000 0.000000
0.000000 0.000000
0.000000 0.000000
0.000000 0.000000
0.000000 0.000000
0.000000 0.000000
0.000000 0.000000
0.000000 0.000000
0.000000 0.000000
0.000000 0.000000
0.000000 0.000000
0.000000 0.000000
0.000000 0.000000
0.000000 0.000000
0.000000 0.000000
0.000000 0.000000
0.000000 0.000000
0.000000 0.000000
0.000000 0.000000
0.000000 0.000000
0.000000 0.000000
0.000000 0.000000
0.000000 0.000000
0.000000 0.000000
0.000000 0.000000
0.000000 0.000000
0.000000 0.000000
8.299914 0.000000
16.261056 0.000000
16.261056 0.000000
23.883426 0.000000
31.167024 0.000000
44.717904 0.000000
59.708565 0.000000
78.341025 0.000000
88.504185 0.000000
96.422991 0.000000
97.481657 0.000000
82.618007 0.000000
51.832104 0.000000
52.382623 0.000000
47.872769 0.000000
35.740568 0.000000
23.841279 0.000000
26.699697 0.000000
29.028792 0.000000
29.642816 0.000000
22.232106 0.000000
6.373073 0.000000
0.000000 0.000000
0.000000 0.000000
0.000000 0.000000
0.000000 0.000000
0.000000 0.000000
0.000000 0.000000
0.000000 0.000000
0.000000 0.000000
0.000000 0.000000
0.000000 0.000000
0.000000 0.000000
0.000000 0.000000
0.000000 0.000000
0.000000 0.000000
0.000000 0.000000
0.000000 0.000000
0.000000 0.000000
0.000000 0.000000
2.990911 0.000000
5.859744 0.000000
5.859744 0.000000
8.606499 0.000000
14.924055 0.000000
18.876319 0.000000
24.827620 0.000000
29.680219 0.000000
33.777466 0.000000
37.264311 0.000000
35.181321 0.000000
30.115066 0.000000
13.581031 0.000000
2.929824 0.000000
0.000000 0.000000
0.000000 0.000000
0.000000 0.000000
0.000000 0.000000
0.000000 0.000000
0.000000 0.000000
0.000000 0.000000
0.000000 0.000000
0.000000 0.000000
0.000000 0.000000
0.000000 0.000000
0.000000 0.000000
0.000000 0.000000
0.000000 0.000000
0.000000 0.000000
0.000000 0.000000
0.000000 0.000000
0.000000 0.000000
0.000000 0.000000
0.000000 0.000000
0.000000 0.000000
0.000000 0.000000
0.000000 0.000000
0.000000 0.000000
0.000000 0.000000
0.000000 0.000000
0.000000 0.000000
0.000000 0.000000
0.000000 0.000000
0.000000 0.000000
0.000000 0.000000
0.000000 0.000000
0.000000 0.000000
0.000000 0.000000
0.000000 0.000000
0.000000 0.000000
0.000000 0.000000
0.000000 0.000000
0.000000 0.000000
0.000000 0.000000
0.000000 0.000000
0.000000 0.000000
0.000000 0.000000
0.000000 0.000000
0.000000 0.000000
0.000000 0.000000
0.000000 0.000000
0.000000 0.000000
0.000000 0.000000
0.000000 0.000000
0.000000 0.000000
0.000000 0.000000
0.000000 0.000000
0.000000 0.000000
0.000000 0.000000
0.000000 0.000000
0.000000 0.000000
0.000000 0.000000
0.000000 0.000000
0.000000 0.000000
0.000000 0.000000
0.000000 0.000000
0.000000 0.000000
0.000000 0.000000
0.000000 0.000000
0.000000 0.000000
0.000000 0.000000
0.000000 0.000000
0.000000 0.000000
0.000000 0.000000
0.000000 0.000000
0.000000 0.000000
0.000000 0.000000
0.000000 0.000000
0.000000 0.000000
0.000000 0.000000
0.000000 0.000000
0.000000 0.000000
0.000000 0.000000
1.161496 0.000000
2.275584 0.000000
3.342264 0.000000
6.257856 0.000000
8.746776 0.000000
11.401624 0.000000
12.444600 0.000000
13.961656 0.000000
14.791296 0.000000
13.297944 0.000000
9.481600 0.000000
0.000000 0.000000
0.000000 0.000000
0.000000 0.000000
0.000000 0.000000
0.000000 0.000000
0.000000 0.000000
0.000000 0.000000
1.194963 0.000000
2.341152 0.000000
3.962909 0.000000
5.962641 0.000000
8.974448 0.000000
10.742514 0.000000
12.888577 0.000000
14.351777 0.000000
14.888253 0.000000
13.376202 0.000000
8.645021 0.000000
4.499217 0.000000
1.170528 0.000000
0.000000 0.000000
0.000000 0.000000
0.000000 0.000000
0.000000 0.000000
0.000000 0.000000
1.320354 0.000000
2.586816 0.000000
4.958064 0.000000
4.958064 0.000000
6.062850 0.000000
9.053856 0.000000
11.923605 0.000000
14.348745 0.000000
16.046337 0.000000
16.477489 0.000000
13.641456 0.000000
8.589150 0.000000
10.327205 0.000000
10.448462 0.000000
10.347432 0.000000
10.024112 0.000000
6.797369 0.000000
2.890173 0.000000
0.000000 0.000000
0.000000 0.000000
0.000000 0.000000
0.000000 0.000000
0.000000 0.000000
0.000000 0.000000
0.000000 0.000000
0.000000 0.000000
0.000000 0.000000
0.000000 0.000000
0.000000 0.000000
0.000000 0.000000
0.000000 0.000000
0.000000 0.000000
0.000000 0.000000
0.000000 0.000000
0.000000 0.000000
0.000000 0.000000
0.000000 0.000000
0.000000 0.000000
0.000000 0.000000
0.000000 0.000000
0.000000 0.000000
0.000000 0.000000
0.000000 0.000000
0.000000 0.000000
0.000000 0.000000
0.000000 0.000000
0.000000 0.000000
0.000000 0.000000
0.000000 0.000000
0.000000 0.000000
0.000000 0.000000
0.000000 0.000000
0.000000 0.000000
0.000000 0.000000
0.000000 0.000000
0.000000 0.000000
0.000000 0.000000
0.000000 0.000000
0.000000 0.000000
0.000000 0.000000
0.000000 0.000000
0.000000 0.000000
0.000000 0.000000
0.000000 0.000000
0.000000 0.000000
0.000000 0.000000
0.000000 0.000000
0.000000 0.000000
0.000000 0.000000
0.000000 0.000000
0.000000 0.000000
0.000000 0.000000
0.000000 0.000000
0.000000 0.000000
0.000000 0.000000
0.000000 0.000000
0.000000 0.000000
0.000000 0.000000
0.000000 0.000000
0.000000 0.000000
0.000000 0.000000
0.000000 0.000000
0.000000 0.000000
0.000000 0.000000
0.000000 0.000000
0.000000 0.000000
0.000000 0.000000
0.000000 0.000000
0.000000 0.000000
0.000000 0.000000
0.000000 0.000000
0.000000 0.000000
0.000000 0.000000
0.000000 0.000000
0.000000 0.000000
0.000000 0.000000
0.000000 0.000000
0.000000 0.000000
0.000000 0.000000
0.000000 0.000000
0.000000 0.000000
0.000000 0.000000
0.000000 0.000000
0.000000 0.000000
0.000000 0.000000
0.000000 0.000000
0.000000 0.000000
0.000000 0.000000
0.000000 0.000000
0.000000 0.000000
0.000000 0.000000
0.000000 0.000000
0.000000 0.000000
0.000000 0.000000
0.000000 0.000000
0.000000 0.000000
0.000000 0.000000
0.000000 0.000000
0.000000 0.000000
0.000000 0.000000
0.000000 0.000000
0.000000 0.000000
0.000000 0.000000
0.000000 0.000000
0.000000 0.000000
0.000000 0.000000
0.000000 0.000000
0.000000 0.000000
0.000000 0.000000
0.000000 0.000000
0.000000 0.000000
0.000000 0.000000
0.000000 0.000000
0.000000 0.000000
0.000000 0.000000
0.000000 0.000000
0.000000 0.000000
0.000000 0.000000
0.000000 0.000000
0.000000 0.000000
0.000000 0.000000
0.000000 0.000000
0.000000 0.000000
0.000000 0.000000
0.000000 0.000000
0.000000 0.000000
0.000000 0.000000
0.000000 0.000000
0.000000 0.000000
0.000000 0.000000
0.000000 0.000000
0.000000 0.000000
0.000000 0.000000
0.000000 0.000000
0.000000 0.000000
0.000000 0.000000
0.000000 0.000000
0.000000 0.000000
0.000000 0.000000
0.000000 0.000000
0.000000 0.000000
0.000000 0.000000
0.000000 0.000000
0.000000 0.000000
0.000000 0.000000
0.000000 0.000000
0.000000 0.000000
0.000000 0.000000
0.000000 0.000000
0.000000 0.000000
0.000000 0.000000
0.000000 0.000000
0.000000 0.000000
0.000000 0.000000
0.000000 0.000000
0.000000 0.000000
0.000000 0.000000
0.000000 0.000000
0.000000 0.000000
0.000000 0.000000
0.000000 0.000000
0.000000 0.000000
0.000000 0.000000
0.000000 0.000000
0.000000 0.000000
0.000000 0.000000
0.000000 0.000000
0.000000 0.000000
0.000000 0.000000
0.000000 0.000000
0.000000 0.000000
0.000000 0.000000
0.000000 0.000000
0.000000 0.000000
0.000000 0.000000
0.000000 0.000000
0.000000 0.000000
0.000000 0.000000
0.000000 0.000000
0.000000 0.000000
0.000000 0.000000
0.000000 0.000000
0.000000 0.000000
2.135420 0.000000
4.183680 0.000000
6.144780 0.000000
9.805500 0.000000
13.117580 0.000000
16.081020 0.000000
20.961980 0.000000
25.625040 0.000000
26.867070 0.000000
26.148000 0.000000
16.734720 0.000000
4.902750 0.000000
0.000000 0.000000
0.000000 0.000000
0.000000 0.000000
0.000000 0.000000
0.000000 0.000000
0.000000 0.000000
0.000000 0.000000
0.000000 0.000000
0.000000 0.000000
0.000000 0.000000
0.000000 0.000000
0.000000 0.000000
0.000000 0.000000
0.000000 0.000000
0.000000 0.000000
0.000000 0.000000
0.000000 0.000000
0.000000 0.000000
0.000000 0.000000
