125667602.038606 0.000000
124879023.971284 0.000000
123593019.520087 0.000000
123110219.780415 0.000000
123389278.934424 0.000000
123440666.999984 0.000000
124178775.084552 0.000000
123538048.065485 0.000000
123779454.281337 0.000000
123325001.803709 0.000000
123704251.635503 0.000000
122905982.498546 0.000000
123771429.030856 0.000000
120348677.174359 0.000000
120637670.337419 0.000000
120611650.007785 0.000000
120401872.482959 0.000000
119324795.860681 0.000000
119771487.402470 0.000000
118897068.921177 0.000000
118273149.054615 0.000000
112085886.875247 0.000000
108843030.520211 0.000000
106586938.563806 0.000000
103988743.175159 0.000000
95500588.266221 0.000000
80163074.461488 0.000000
65049793.000050 0.000000
39839914.164207 0.000000
5971370.424823 0.000000
7670207.630111 0.000000
8737106.845177 0.000000
11318101.468542 0.000000
13806277.989238 0.000000
17014214.331933 0.000000
21010116.888112 0.000000
26045075.776819 0.000000
31623464.220063 0.000000
39522864.797553 0.000000
47032492.570255 0.000000
51916675.642704 0.000000
42405327.086301 0.000000
47095598.983115 0.000000
24408853.782409 0.000000
1803371.517380 0.000000
1806412.747589 0.000000
2203914.213742 0.000000
2602358.263417 0.000000
3001462.721642 0.000000
3205393.424570 0.000000
4563681.696262 0.000000
4962914.734801 0.000000
5550835.500447 0.000000
6885676.056774 0.000000
9104215.641305 0.000000
11232493.305780 0.000000
13846581.726408 0.000000
16679774.895958 0.000000
19881102.104525 0.000000
23059986.284210 0.000000
28337185.708808 0.000000
33298378.017233 0.000000
39248893.125696 0.000000
45152266.581304 0.000000
32542997.869824 0.000000
1573861.971692 0.000000
390777.116185 0.000000
322051.611121 0.000000
35573.541144 0.000000
30158.561905 0.000000
36608.105294 0.000000
44115.389466 0.000000
50834.427463 0.000000
58702.692622 0.000000
66610.065462 0.000000
73433.252184 0.000000
79093.494744 0.000000
78072.673378 0.000000
70363.632776 0.000000
49471.347021 0.000000
38246.709673 0.000000
29748.189062 0.000000
15398.774881 0.000000
3023.122814 0.000000
3854.721843 0.000000
4829.292123 0.000000
6086.825930 0.000000
7120.486092 0.000000
8397.567809 0.000000
10187.354376 0.000000
12608.079110 0.000000
16288.664790 0.000000
19823.163892 0.000000
23063.505875 0.000000
27026.246434 0.000000
32443.268436 0.000000
38954.601658 0.000000
46848.773446 0.000000
54028.687672 0.000000
49378.820901 0.000000
18272.552680 0.000000
18301.536269 0.000000
18928.729305 0.000000
20249.805589 0.000000
22222.160719 0.000000
16950.810527 0.000000
19738.305205 0.000000
21294.608354 0.000000
21907.648970 0.000000
25581.892071 0.000000
32756.370343 0.000000
39726.360281 0.000000
45948.348029 0.000000
55460.930786 0.000000
66353.211714 0.000000
76044.652656 0.000000
82918.080570 0.000000
88179.895143 0.000000
89175.024862 0.000000
78428.839864 0.000000
51451.006028 0.000000
28825.712906 0.000000
2585.494254 0.000000
3263.496051 0.000000
4215.258702 0.000000
5704.065376 0.000000
6895.960868 0.000000
8356.623400 0.000000
9721.458283 0.000000
11238.085117 0.000000
14522.235435 0.000000
17889.932608 0.000000
23561.490088 0.000000
28747.303943 0.000000
33525.698382 0.000000
40017.294687 0.000000
46822.711619 0.000000
51038.218133 0.000000
55547.610085 0.000000
56589.773250 0.000000
52883.636746 0.000000
57144.363801 0.000000
18648.015765 0.000000
13673.383336 0.000000
16507.309446 0.000000
20257.556556 0.000000
26121.734097 0.000000
31088.898325 0.000000
37419.190454 0.000000
44388.511550 0.000000
50391.792425 0.000000
56130.186575 0.000000
60526.491181 0.000000
60889.478324 0.000000
53771.807025 0.000000
37135.778683 0.000000
36597.083063 0.000000
38918.670550 0.000000
38441.159173 0.000000
31270.039231 0.000000
32838.662445 0.000000
40463.529327 0.000000
49058.398534 0.000000
55987.712366 0.000000
61244.017681 0.000000
63066.425693 0.000000
64035.067008 0.000000
60035.475081 0.000000
41780.929395 0.000000
46709.862662 0.000000
50322.375407 0.000000
49596.974824 0.000000
40300.491592 0.000000
30272.688796 0.000000
27418.199724 0.000000
26148.522823 0.000000
22815.698072 0.000000
25309.173662 0.000000
30109.927795 0.000000
35705.085964 0.000000
40762.993513 0.000000
44776.415464 0.000000
47361.198842 0.000000
47418.929380 0.000000
39246.893225 0.000000
38482.862767 0.000000
39860.845900 0.000000
38020.255922 0.000000
28841.282858 0.000000
28147.873299 0.000000
26681.294837 0.000000
22807.101664 0.000000
15818.590966 0.000000
15743.527906 0.000000
17546.825972 0.000000
20392.762352 0.000000
17839.162015 0.000000
18205.783989 0.000000
19566.699539 0.000000
19534.878674 0.000000
19967.323499 0.000000
22361.766181 0.000000
26134.842049 0.000000
25723.056493 0.000000
28872.161966 0.000000
33534.895571 0.000000
38146.126287 0.000000
43192.290131 0.000000
47247.345083 0.000000
48497.947517 0.000000
45656.327114 0.000000
37600.567636 0.000000
26730.499110 0.000000
18604.433972 0.000000
6070.207581 0.000000
2133.849111 0.000000
2582.696237 0.000000
3324.054354 0.000000
4494.502304 0.000000
5646.810249 0.000000
6888.491561 0.000000
8384.361143 0.000000
11097.119830 0.000000
13573.119591 0.000000
16134.113876 0.000000
18878.762834 0.000000
22279.189269 0.000000
25932.404491 0.000000
30663.166409 0.000000
34392.736565 0.000000
38307.311593 0.000000
40917.179122 0.000000
40310.479074 0.000000
34570.846653 0.000000
17556.725441 0.000000
18099.321733 0.000000
22532.081197 0.000000
27185.887241 0.000000
33020.710563 0.000000
38571.174080 0.000000
42990.004577 0.000000
48636.983196 0.000000
52287.510001 0.000000
53042.784643 0.000000
46759.208905 0.000000
43304.405264 0.000000
39970.801270 0.000000
34449.370698 0.000000
21193.956919 0.000000
20859.904379 0.000000
24186.403714 0.000000
26712.014479 0.000000
28271.705460 0.000000
27714.018176 0.000000
22924.533147 0.000000
23787.578376 0.000000
23000.682228 0.000000
18374.740663 0.000000
15099.401075 0.000000
12217.546431 0.000000
10228.437480 0.000000
6550.375810 0.000000
2442.852853 0.000000
2862.036028 0.000000
3308.144157 0.000000
4145.191215 0.000000
4799.766877 0.000000
5360.255595 0.000000
5313.240061 0.000000
6148.114054 0.000000
7066.984320 0.000000
7996.550531 0.000000
8767.905490 0.000000
8949.789193 0.000000
8557.612038 0.000000
6358.962085 0.000000
5402.003167 0.000000
5186.355774 0.000000
5411.967130 0.000000
4717.242149 0.000000
5034.061244 0.000000
6091.779553 0.000000
7230.607142 0.000000
8388.178724 0.000000
9366.251506 0.000000
10057.622444 0.000000
9933.254089 0.000000
7913.910284 0.000000
5282.967777 0.000000
2974.193252 0.000000
300.571277 0.000000
97.118324 0.000000
122.026854 0.000000
144.790358 0.000000
185.863479 0.000000
233.005331 0.000000
296.485205 0.000000
354.102930 0.000000
439.856298 0.000000
563.862339 0.000000
677.838810 0.000000
769.467380 0.000000
901.840619 0.000000
1016.161857 0.000000
1058.395159 0.000000
974.855851 0.000000
674.531398 0.000000
536.529553 0.000000
609.415163 0.000000
703.182217 0.000000
759.574377 0.000000
804.243947 0.000000
855.985622 0.000000
808.908364 0.000000
730.196106 0.000000
760.235490 0.000000
752.297014 0.000000
714.112235 0.000000
797.538018 0.000000
952.396844 0.000000
1270.418495 0.000000
1588.453368 0.000000
1901.031031 0.000000
2282.962276 0.000000
2755.779913 0.000000
3086.605759 0.000000
3492.096059 0.000000
3955.358057 0.000000
4333.346936 0.000000
5053.504136 0.000000
5587.809339 0.000000
5785.026120 0.000000
5400.138893 0.000000
3996.940258 0.000000
3184.611034 0.000000
3361.547954 0.000000
3294.303549 0.000000
2640.436306 0.000000
1241.202809 0.000000
335.351590 0.000000
180.517641 0.000000
7.329473 0.000000
0.000000 0.000000
0.000000 0.000000
0.000000 0.000000
0.000000 0.000000
0.000000 0.000000
0.000000 0.000000
0.000000 0.000000
0.000000 0.000000
0.000000 0.000000
0.000000 0.000000
0.000000 0.000000
0.000000 0.000000
0.000000 0.000000
0.000000 0.000000
0.000000 0.000000
0.000000 0.000000
0.000000 0.000000
0.000000 0.000000
0.000000 0.000000
0.000000 0.000000
0.000000 0.000000
0.000000 0.000000
0.000000 0.000000
0.000000 0.000000
0.000000 0.000000
0.000000 0.000000
0.000000 0.000000
0.000000 0.000000
0.000000 0.000000
0.000000 0.000000
0.000000 0.000000
0.000000 0.000000
0.000000 0.000000
0.000000 0.000000
0.000000 0.000000
0.000000 0.000000
0.000000 0.000000
0.000000 0.000000
0.000000 0.000000
0.000000 0.000000
0.000000 0.000000
0.000000 0.000000
0.000000 0.000000
0.000000 0.000000
0.000000 0.000000
0.000000 0.000000
0.000000 0.000000
0.000000 0.000000
0.000000 0.000000
0.000000 0.000000
0.000000 0.000000
0.000000 0.000000
0.000000 0.000000
0.000000 0.000000
0.000000 0.000000
0.000000 0.000000
0.000000 0.000000
0.000000 0.000000
0.000000 0.000000
0.000000 0.000000
0.000000 0.000000
0.000000 0.000000
0.000000 0.000000
0.000000 0.000000
0.000000 0.000000
0.000000 0.000000
0.000000 0.000000
0.000000 0.000000
0.000000 0.000000
0.000000 0.000000
0.000000 0.000000
0.000000 0.000000
0.000000 0.000000
0.000000 0.000000
0.000000 0.000000
0.000000 0.000000
0.000000 0.000000
0.000000 0.000000
0.000000 0.000000
0.000000 0.000000
0.000000 0.000000
0.000000 0.000000
0.000000 0.000000
0.000000 0.000000
0.000000 0.000000
0.000000 0.000000
0.000000 0.000000
0.000000 0.000000
0.000000 0.000000
0.000000 0.000000
0.000000 0.000000
0.000000 0.000000
0.000000 0.000000
0.000000 0.000000
0.000000 0.000000
0.000000 0.000000
0.000000 0.000000
0.000000 0.000000
0.000000 0.000000
0.000000 0.000000
0.000000 0.000000
0.000000 0.000000
0.000000 0.000000
0.000000 0.000000
0.000000 0.000000
0.000000 0.000000
0.000000 0.000000
0.000000 0.000000
0.000000 0.000000
0.000000 0.000000
0.000000 0.000000
0.000000 0.000000
0.000000 0.000000
0.000000 0.000000
0.000000 0.000000
0.000000 0.000000
0.000000 0.000000
0.000000 0.000000
0.000000 0.000000
0.000000 0.000000
0.000000 0.000000
0.000000 0.000000
0.000000 0.000000
0.000000 0.000000
0.000000 0.000000
0.000000 0.000000
0.000000 0.000000
0.000000 0.000000
0.000000 0.000000
0.000000 0.000000
0.000000 0.000000
0.000000 0.000000
0.000000 0.000000
0.000000 0.000000
0.000000 0.000000
0.000000 0.000000
0.000000 0.000000
0.000000 0.000000
0.000000 0.000000
0.000000 0.000000
0.000000 0.000000
0.000000 0.000000
0.000000 0.000000
0.000000 0.000000
0.000000 0.000000
0.000000 0.000000
0.000000 0.000000
0.000000 0.000000
0.000000 0.000000
0.000000 0.000000
0.000000 0.000000
0.000000 0.000000
0.000000 0.000000
0.000000 0.000000
0.000000 0.000000
0.000000 0.000000
0.000000 0.000000
0.000000 0.000000
0.000000 0.000000
0.000000 0.000000
0.000000 0.000000
0.000000 0.000000
0.000000 0.000000
0.000000 0.000000
0.000000 0.000000
0.000000 0.000000
0.000000 0.000000
0.000000 0.000000
0.000000 0.000000
0.000000 0.000000
0.000000 0.000000
0.000000 0.000000
0.000000 0.000000
0.000000 0.000000
0.000000 0.000000
0.000000 0.000000
0.000000 0.000000
0.000000 0.000000
0.000000 0.000000
0.000000 0.000000
0.000000 0.000000
0.000000 0.000000
0.000000 0.000000
0.000000 0.000000
0.000000 0.000000
0.000000 0.000000
0.000000 0.000000
0.000000 0.000000
0.000000 0.000000
0.000000 0.000000
0.000000 0.000000
0.000000 0.000000
0.000000 0.000000
0.000000 0.000000
0.000000 0.000000
0.000000 0.000000
0.000000 0.000000
0.000000 0.000000
0.000000 0.000000
0.000000 0.000000
0.000000 0.000000
0.000000 0.000000
0.000000 0.000000
0.000000 0.000000
0.000000 0.000000
0.000000 0.000000
0.000000 0.000000
0.000000 0.000000
0.000000 0.000000
0.000000 0.000000
0.000000 0.000000
0.000000 0.000000
0.000000 0.000000
0.000000 0.000000
0.000000 0.000000
0.649350 0.000000
1.297400 0.000000
1.944150 0.000000
3.233750 0.000000
3.876600 0.000000
5.158400 0.000000
8.339500 0.000000
10.861500 0.000000
14.603550 0.000000
17.687800 0.000000
23.452975 0.000000
31.139875 0.000000
37.748750 0.000000
48.010136 0.000000
55.588944 0.000000
66.333903 0.000000
80.842617 0.000000
98.228241 0.000000
114.653280 0.000000
132.670927 0.000000
146.853531 0.000000
153.872546 0.000000
144.360111 0.000000
108.190672 0.000000
70.278590 0.000000
41.989309 0.000000
0.650752 0.000000
0.811800 0.000000
1.052142 0.000000
1.291008 0.000000
1.842622 0.000000
2.309038 0.000000
2.693208 0.000000
3.224158 0.000000
3.635675 0.000000
4.515863 0.000000
5.336888 0.000000
6.728687 0.000000
7.954555 0.000000
10.445850 0.000000
12.506659 0.000000
14.753015 0.000000
16.636971 0.000000
18.838026 0.000000
19.883500 0.000000
19.089109 0.000000
14.979650 0.000000
7.711939 0.000000
1.928185 0.000000
0.000000 0.000000
0.000000 0.000000
0.000000 0.000000
0.000000 0.000000
0.000000 0.000000
0.000000 0.000000
0.000000 0.000000
0.000000 0.000000
0.000000 0.000000
0.000000 0.000000
0.000000 0.000000
0.000000 0.000000
0.000000 0.000000
0.000000 0.000000
0.000000 0.000000
0.000000 0.000000
0.000000 0.000000
0.000000 0.000000
0.000000 0.000000
0.000000 0.000000
0.000000 0.000000
0.000000 0.000000
0.000000 0.000000
0.000000 0.000000
0.000000 0.000000
0.000000 0.000000
0.000000 0.000000
0.000000 0.000000
0.000000 0.000000
0.000000 0.000000
0.000000 0.000000
0.000000 0.000000
0.000000 0.000000
0.000000 0.000000
0.000000 0.000000
0.000000 0.000000
0.000000 0.000000
0.000000 0.000000
0.000000 0.000000
0.000000 0.000000
0.000000 0.000000
0.000000 0.000000
0.000000 0.000000
0.000000 0.000000
0.000000 0.000000
0.000000 0.000000
0.000000 0.000000
0.000000 0.000000
0.000000 0.000000
0.000000 0.000000
0.000000 0.000000
0.000000 0.000000
0.000000 0.000000
0.000000 0.000000
0.000000 0.000000
0.000000 0.000000
0.000000 0.000000
0.000000 0.000000
0.000000 0.000000
0.000000 0.000000
0.000000 0.000000
0.000000 0.000000
0.000000 0.000000
0.000000 0.000000
0.000000 0.000000
0.000000 0.000000
0.000000 0.000000
0.000000 0.000000
0.000000 0.000000
0.000000 0.000000
0.000000 0.000000
0.000000 0.000000
0.000000 0.000000
0.000000 0.000000
0.000000 0.000000
0.000000 0.000000
0.000000 0.000000
0.000000 0.000000
0.000000 0.000000
0.000000 0.000000
0.000000 0.000000
0.000000 0.000000
0.000000 0.000000
0.000000 0.000000
0.000000 0.000000
0.000000 0.000000
0.000000 0.000000
0.000000 0.000000
0.000000 0.000000
0.000000 0.000000
0.000000 0.000000
0.000000 0.000000
0.000000 0.000000
0.000000 0.000000
0.000000 0.000000
0.000000 0.000000
0.000000 0.000000
0.000000 0.000000
0.000000 0.000000
0.000000 0.000000
0.000000 0.000000
0.000000 0.000000
0.000000 0.000000
0.000000 0.000000
0.000000 0.000000
0.000000 0.000000
0.000000 0.000000
0.000000 0.000000
0.000000 0.000000
0.000000 0.000000
0.000000 0.000000
0.000000 0.000000
0.000000 0.000000
0.000000 0.000000
0.000000 0.000000
0.000000 0.000000
6.693300 0.000000
13.373200 0.000000
20.039700 0.000000
26.692800 0.000000
36.645650 0.000000
49.871450 0.000000
56.464250 0.000000
82.688050 0.000000
95.726250 0.000000
121.641850 0.000000
144.130400 0.000000
175.955400 0.000000
213.696500 0.000000
284.679650 0.000000
356.785050 0.000000
449.928450 0.000000
542.264500 0.000000
679.956200 0.000000
798.606500 0.000000
1005.711650 0.000000
1180.933400 0.000000
1355.923005 0.000000
1539.259933 0.000000
1631.463382 0.000000
1611.462666 0.000000
1325.585744 0.000000
764.439805 0.000000
412.298083 0.000000
75.852935 0.000000
92.670984 0.000000
116.000065 0.000000
145.480772 0.000000
177.506220 0.000000
223.625400 0.000000
271.819272 0.000000
323.460572 0.000000
389.369652 0.000000
467.398431 0.000000
551.868033 0.000000
626.505354 0.000000
745.068356 0.000000
832.886395 0.000000
893.562317 0.000000
926.210406 0.000000
1099.262113 0.000000
1230.069507 0.000000
1354.959372 0.000000
1427.445730 0.000000
1332.220533 0.000000
962.351278 0.000000
653.844741 0.000000
537.995464 0.000000
389.174914 0.000000
40.639758 0.000000
0.000000 0.000000
0.000000 0.000000
0.000000 0.000000
0.000000 0.000000
0.000000 0.000000
2.238759 0.000000
4.473036 0.000000
6.702831 0.000000
12.256655 0.000000
15.573964 0.000000
21.080736 0.000000
24.913799 0.000000
31.452079 0.000000
39.036284 0.000000
47.094791 0.000000
58.232160 0.000000
69.778704 0.000000
88.920896 0.000000
111.587600 0.000000
138.396839 0.000000
179.551724 0.000000
224.973751 0.000000
274.854176 0.000000
317.822111 0.000000
383.119424 0.000000
440.835655 0.000000
490.334944 0.000000
516.743011 0.000000
499.713229 0.000000
396.876979 0.000000
271.631451 0.000000
188.645469 0.000000
19.782551 0.000000
0.000000 0.000000
0.000000 0.000000
0.000000 0.000000
0.000000 0.000000
0.000000 0.000000
0.000000 0.000000
0.000000 0.000000
0.000000 0.000000
0.000000 0.000000
0.000000 0.000000
0.000000 0.000000
0.000000 0.000000
0.000000 0.000000
0.000000 0.000000
0.000000 0.000000
0.000000 0.000000
0.000000 0.000000
0.000000 0.000000
0.000000 0.000000
0.000000 0.000000
0.000000 0.000000
0.000000 0.000000
0.000000 0.000000
0.000000 0.000000
0.000000 0.000000
0.000000 0.000000
0.000000 0.000000
0.000000 0.000000
0.000000 0.000000
0.000000 0.000000
0.000000 0.000000
0.000000 0.000000
0.000000 0.000000
0.000000 0.000000
0.000000 0.000000
0.000000 0.000000
0.000000 0.000000
0.000000 0.000000
0.000000 0.000000
0.000000 0.000000
0.000000 0.000000
0.000000 0.000000
0.000000 0.000000
0.000000 0.000000
0.000000 0.000000
0.000000 0.000000
0.000000 0.000000
0.000000 0.000000
0.000000 0.000000
0.000000 0.000000
0.000000 0.000000
0.000000 0.000000
0.000000 0.000000
0.000000 0.000000
0.000000 0.000000
0.000000 0.000000
0.000000 0.000000
0.000000 0.000000
0.000000 0.000000
0.000000 0.000000
0.000000 0.000000
0.000000 0.000000
0.000000 0.000000
0.000000 0.000000
0.000000 0.000000
0.000000 0.000000
0.000000 0.000000
0.000000 0.000000
0.000000 0.000000
0.000000 0.000000
0.000000 0.000000
0.000000 0.000000
0.000000 0.000000
0.000000 0.000000
0.000000 0.000000
0.000000 0.000000
0.000000 0.000000
0.000000 0.000000
0.000000 0.000000
0.000000 0.000000
0.000000 0.000000
0.000000 0.000000
0.000000 0.000000
0.000000 0.000000
0.000000 0.000000
0.000000 0.000000
0.000000 0.000000
0.000000 0.000000
0.000000 0.000000
0.000000 0.000000
0.000000 0.000000
0.000000 0.000000
0.000000 0.000000
0.000000 0.000000
0.000000 0.000000
0.000000 0.000000
0.000000 0.000000
0.000000 0.000000
0.000000 0.000000
0.000000 0.000000
0.000000 0.000000
0.000000 0.000000
0.000000 0.000000
0.000000 0.000000
0.000000 0.000000
0.000000 0.000000
0.000000 0.000000
0.000000 0.000000
0.000000 0.000000
0.000000 0.000000
0.000000 0.000000
0.000000 0.000000
7.062930 0.000000
14.111720 0.000000
21.146370 0.000000
28.166880 0.000000
42.165480 0.000000
56.107520 0.000000
63.057330 0.000000
90.715170 0.000000
131.770660 0.000000
155.479905 0.000000
215.645605 0.000000
268.147425 0.000000
364.172165 0.000000
436.983901 0.000000
524.128738 0.000000
646.869192 0.000000
806.291477 0.000000
950.140864 0.000000
1132.945930 0.000000
1328.176654 0.000000
1476.178825 0.000000
1637.505653 0.000000
1694.879655 0.000000
1579.398834 0.000000
1098.810441 0.000000
680.181817 0.000000
231.500298 0.000000
5.055262 0.000000
5.928549 0.000000
7.669825 0.000000
10.268494 0.000000
13.708662 0.000000
15.418150 0.000000
21.765120 0.000000
25.939008 0.000000
34.967680 0.000000
45.225171 0.000000
54.938316 0.000000
69.576106 0.000000
85.713199 0.000000
107.594428 0.000000
130.663217 0.000000
156.176789 0.000000
181.590198 0.000000
205.039791 0.000000
221.183950 0.000000
219.856063 0.000000
187.184541 0.000000
110.301397 0.000000
53.781409 0.000000
0.386946 0.000000
0.497169 0.000000
0.607170 0.000000
0.826506 0.000000
1.208680 0.000000
1.317349 0.000000
2.073466 0.000000
2.447401 0.000000
3.294124 0.000000
4.281650 0.000000
4.716257 0.000000
5.772125 0.000000
7.099672 0.000000
8.576105 0.000000
10.135252 0.000000
12.341765 0.000000
15.461576 0.000000
18.873293 0.000000
21.809033 0.000000
24.762429 0.000000
27.542776 0.000000
29.000045 0.000000
28.194196 0.000000
22.787711 0.000000
12.137636 0.000000
4.877894 0.000000
0.642474 0.000000
0.854042 0.000000
1.074752 0.000000
