171763.747161 0.000000
168380.619771 0.000000
167546.971215 0.000000
157864.093160 0.000000
154933.485562 0.000000
145062.939561 0.000000
138091.329775 0.000000
119128.759464 0.000000
105268.141685 0.000000
85527.610569 0.000000
90046.439193 0.000000
78381.218297 0.000000
64669.114074 0.000000
61792.148353 0.000000
70465.646785 0.000000
65967.378019 0.000000
64087.491812 0.000000
58509.759344 0.000000
51634.234153 0.000000
47770.404379 0.000000
37842.794837 0.000000
15746.917637 0.000000
21.547110 0.000000
41.989240 0.000000
97.175685 0.000000
179.391726 0.000000
216.354495 0.000000
1071.793884 0.000000
1446.654029 0.000000
1748.135404 0.000000
2317.551838 0.000000
2830.971268 0.000000
3437.511642 0.000000
3601.488033 0.000000
3762.716378 0.000000
3979.381216 0.000000
3950.049270 0.000000
3531.426680 0.000000
1463.881250 0.000000
1746.950282 0.000000
1917.761687 0.000000
2256.553466 0.000000
2268.365740 0.000000
1836.505532 0.000000
900.660437 0.000000
903.057615 0.000000
1077.372327 0.000000
1337.305479 0.000000
1446.367753 0.000000
963.380138 0.000000
955.715008 0.000000
1091.091249 0.000000
1639.963567 0.000000
1744.581420 0.000000
1991.487826 0.000000
1310.211368 0.000000
835.053869 0.000000
1009.546635 0.000000
1117.238816 0.000000
1290.617768 0.000000
1370.704113 0.000000
1602.826106 0.000000
1617.227082 0.000000
1658.803746 0.000000
1748.251485 0.000000
2215.881567 0.000000
2636.298136 0.000000
2769.601137 0.000000
2845.790029 0.000000
2050.987391 0.000000
1657.707052 0.000000
1650.076038 0.000000
982.861147 0.000000
454.575236 0.000000
515.076257 0.000000
610.733276 0.000000
637.713460 0.000000
585.797046 0.000000
273.889778 0.000000
61.318653 0.000000
0.000000 0.000000
0.000000 0.000000
0.000000 0.000000
0.000000 0.000000
0.000000 0.000000
0.000000 0.000000
39.038610 0.000000
76.075240 0.000000
120.623955 0.000000
168.018750 0.000000
236.858715 0.000000
304.365580 0.000000
310.719785 0.000000
316.073000 0.000000
359.355410 0.000000
393.501343 0.000000
392.883157 0.000000
329.496142 0.000000
347.444030 0.000000
318.381586 0.000000
374.160385 0.000000
616.747660 0.000000
730.955405 0.000000
855.875563 0.000000
687.444732 0.000000
175.669689 0.000000
299.970886 0.000000
429.896892 0.000000
541.679556 0.000000
654.907619 0.000000
748.176550 0.000000
787.232326 0.000000
770.521630 0.000000
658.780514 0.000000
419.025034 0.000000
200.449449 0.000000
201.396367 0.000000
223.192510 0.000000
277.246924 0.000000
337.404287 0.000000
335.878578 0.000000
251.527615 0.000000
164.343127 0.000000
188.754812 0.000000
185.267426 0.000000
141.239098 0.000000
38.143317 0.000000
0.000000 0.000000
0.000000 0.000000
0.000000 0.000000
0.000000 0.000000
0.000000 0.000000
0.000000 0.000000
0.000000 0.000000
0.000000 0.000000
0.000000 0.000000
0.000000 0.000000
0.000000 0.000000
0.000000 0.000000
0.000000 0.000000
18.005910 0.000000
35.088440 0.000000
193.268297 0.000000
348.404005 0.000000
580.988214 0.000000
651.145834 0.000000
784.731999 0.000000
848.705117 0.000000
994.471827 0.000000
1202.914891 0.000000
1147.031507 0.000000
1067.618549 0.000000
833.464999 0.000000
323.759747 0.000000
214.910066 0.000000
13.857486 0.000000
15.221688 0.000000
17.579132 0.000000
18.692058 0.000000
17.256078 0.000000
10.889826 0.000000
2.237829 0.000000
0.000000 0.000000
0.000000 0.000000
0.000000 0.000000
17.714736 0.000000
34.521024 0.000000
50.418864 0.000000
117.820115 0.000000
271.646809 0.000000
380.429133 0.000000
489.214101 0.000000
612.990074 0.000000
652.011823 0.000000
897.615471 0.000000
924.675543 0.000000
1024.991141 0.000000
1027.749765 0.000000
873.804381 0.000000
705.561237 0.000000
559.336666 0.000000
472.107968 0.000000
254.987821 0.000000
0.000000 0.000000
0.000000 0.000000
0.000000 0.000000
0.000000 0.000000
0.000000 0.000000
0.000000 0.000000
20.178171 0.000000
39.321564 0.000000
57.430179 0.000000
57.430179 0.000000
105.547356 0.000000
132.451584 0.000000
160.131886 0.000000
187.812195 0.000000
196.607804 0.000000
200.488225 0.000000
192.080694 0.000000
138.272318 0.000000
95.846478 0.000000
106.194278 0.000000
104.383413 0.000000
87.568238 0.000000
33.759678 0.000000
0.000000 0.000000
0.000000 0.000000
0.000000 0.000000
0.000000 0.000000
0.000000 0.000000
0.000000 0.000000
0.000000 0.000000
0.000000 0.000000
0.000000 0.000000
0.000000 0.000000
0.000000 0.000000
0.000000 0.000000
0.000000 0.000000
0.000000 0.000000
0.000000 0.000000
0.000000 0.000000
0.000000 0.000000
0.000000 0.000000
19.170255 0.000000
37.357420 0.000000
70.782480 0.000000
100.275180 0.000000
137.141055 0.000000
156.802855 0.000000
188.753280 0.000000
196.126455 0.000000
157.981024 0.000000
100.844385 0.000000
71.904862 0.000000
93.281983 0.000000
113.363521 0.000000
132.149476 0.000000
165.834636 0.000000
227.374833 0.000000
235.796123 0.000000
258.468827 0.000000
242.921830 0.000000
165.834636 0.000000
0.000000 0.000000
0.000000 0.000000
0.000000 0.000000
0.000000 0.000000
0.000000 0.000000
0.000000 0.000000
41.344875 0.000000
89.091141 0.000000
97.154796 0.000000
141.251210 0.000000
269.628111 0.000000
366.791990 0.000000
456.350104 0.000000
577.140612 0.000000
670.241974 0.000000
730.808025 0.000000
803.594817 0.000000
887.879189 0.000000
867.546953 0.000000
812.447167 0.000000
784.200281 0.000000
581.432191 0.000000
107.584530 0.000000
139.569120 0.000000
169.615250 0.000000
223.892130 0.000000
270.415170 0.000000
340.199730 0.000000
378.968930 0.000000
383.815080 0.000000
375.198455 0.000000
183.317212 0.000000
0.000000 0.000000
0.000000 0.000000
0.000000 0.000000
0.000000 0.000000
73.879962 0.000000
143.971208 0.000000
210.273738 0.000000
272.787552 0.000000
272.787552 0.000000
386.449032 0.000000
548.416641 0.000000
634.609930 0.000000
696.176565 0.000000
738.799620 0.000000
597.669949 0.000000
293.151891 0.000000
338.616486 0.000000
376.503651 0.000000
367.031866 0.000000
301.202940 0.000000
71.038461 0.000000
0.000000 0.000000
0.000000 0.000000
0.000000 0.000000
0.000000 0.000000
0.000000 0.000000
0.000000 0.000000
0.000000 0.000000
0.000000 0.000000
0.000000 0.000000
0.000000 0.000000
0.000000 0.000000
0.000000 0.000000
0.000000 0.000000
0.000000 0.000000
0.000000 0.000000
0.000000 0.000000
0.000000 0.000000
0.000000 0.000000
0.000000 0.000000
0.000000 0.000000
0.000000 0.000000
0.000000 0.000000
0.000000 0.000000
0.000000 0.000000
0.000000 0.000000
0.000000 0.000000
0.000000 0.000000
0.000000 0.000000
0.000000 0.000000
0.000000 0.000000
0.000000 0.000000
0.000000 0.000000
0.000000 0.000000
0.000000 0.000000
0.000000 0.000000
0.000000 0.000000
0.000000 0.000000
0.000000 0.000000
0.000000 0.000000
0.000000 0.000000
0.000000 0.000000
0.000000 0.000000
0.000000 0.000000
0.000000 0.000000
0.000000 0.000000
0.000000 0.000000
0.000000 0.000000
0.000000 0.000000
0.000000 0.000000
0.000000 0.000000
0.000000 0.000000
0.000000 0.000000
0.000000 0.000000
0.000000 0.000000
0.000000 0.000000
0.000000 0.000000
0.000000 0.000000
0.000000 0.000000
0.000000 0.000000
50.468379 0.000000
98.348636 0.000000
143.640771 0.000000
186.344784 0.000000
263.988444 0.000000
361.043019 0.000000
452.668544 0.000000
487.281158 0.000000
566.466147 0.000000
563.589853 0.000000
468.902297 0.000000
462.707982 0.000000
487.062728 0.000000
439.946386 0.000000
310.009728 0.000000
70.121248 0.000000
0.000000 0.000000
0.000000 0.000000
0.000000 0.000000
0.000000 0.000000
0.000000 0.000000
0.000000 0.000000
0.000000 0.000000
0.000000 0.000000
0.000000 0.000000
1.042236 0.000000
2.031024 0.000000
2.966364 0.000000
3.848256 0.000000
5.451696 0.000000
7.455996 0.000000
9.380124 0.000000
10.515894 0.000000
10.622790 0.000000
9.914604 0.000000
8.284440 0.000000
14.401864 0.000000
25.380082 0.000000
35.300936 0.000000
42.441061 0.000000
56.512171 0.000000
63.991723 0.000000
77.288704 0.000000
100.835442 0.000000
110.531157 0.000000
101.805013 0.000000
69.809152 0.000000
31.995861 0.000000
41.553067 0.000000
51.941333 0.000000
54.850048 0.000000
51.941333 0.000000
44.184761 0.000000
19.945472 0.000000
0.000000 0.000000
0.000000 0.000000
0.000000 0.000000
0.000000 0.000000
0.000000 0.000000
0.000000 0.000000
0.000000 0.000000
0.000000 0.000000
0.000000 0.000000
0.000000 0.000000
0.000000 0.000000
0.000000 0.000000
0.000000 0.000000
0.000000 0.000000
0.000000 0.000000
0.000000 0.000000
0.000000 0.000000
0.000000 0.000000
0.000000 0.000000
0.000000 0.000000
0.000000 0.000000
0.000000 0.000000
0.000000 0.000000
0.000000 0.000000
0.000000 0.000000
0.000000 0.000000
0.000000 0.000000
0.000000 0.000000
0.000000 0.000000
0.000000 0.000000
0.000000 0.000000
0.000000 0.000000
0.000000 0.000000
0.000000 0.000000
0.000000 0.000000
0.000000 0.000000
0.000000 0.000000
0.000000 0.000000
0.000000 0.000000
0.000000 0.000000
0.000000 0.000000
0.000000 0.000000
0.000000 0.000000
0.000000 0.000000
0.000000 0.000000
0.000000 0.000000
0.000000 0.000000
0.000000 0.000000
0.000000 0.000000
0.000000 0.000000
0.000000 0.000000
0.000000 0.000000
0.000000 0.000000
0.000000 0.000000
0.000000 0.000000
0.000000 0.000000
0.000000 0.000000
0.000000 0.000000
0.000000 0.000000
0.000000 0.000000
0.000000 0.000000
0.000000 0.000000
0.000000 0.000000
0.000000 0.000000
0.000000 0.000000
0.000000 0.000000
0.000000 0.000000
0.000000 0.000000
0.000000 0.000000
0.000000 0.000000
0.000000 0.000000
0.000000 0.000000
0.000000 0.000000
0.000000 0.000000
0.000000 0.000000
0.000000 0.000000
0.000000 0.000000
0.000000 0.000000
0.000000 0.000000
0.000000 0.000000
0.000000 0.000000
0.000000 0.000000
0.000000 0.000000
0.000000 0.000000
0.000000 0.000000
0.000000 0.000000
0.000000 0.000000
0.000000 0.000000
0.000000 0.000000
0.000000 0.000000
0.000000 0.000000
0.000000 0.000000
0.000000 0.000000
0.000000 0.000000
0.000000 0.000000
0.000000 0.000000
0.000000 0.000000
0.000000 0.000000
0.000000 0.000000
0.000000 0.000000
0.000000 0.000000
0.000000 0.000000
0.000000 0.000000
0.000000 0.000000
0.000000 0.000000
0.000000 0.000000
0.000000 0.000000
0.000000 0.000000
0.000000 0.000000
0.000000 0.000000
0.000000 0.000000
0.000000 0.000000
0.000000 0.000000
0.000000 0.000000
0.000000 0.000000
0.000000 0.000000
0.000000 0.000000
0.000000 0.000000
0.000000 0.000000
0.000000 0.000000
0.000000 0.000000
0.000000 0.000000
0.000000 0.000000
0.000000 0.000000
0.000000 0.000000
0.000000 0.000000
0.000000 0.000000
0.000000 0.000000
0.000000 0.000000
0.000000 0.000000
0.000000 0.000000
0.000000 0.000000
0.000000 0.000000
0.000000 0.000000
0.000000 0.000000
0.000000 0.000000
0.000000 0.000000
0.000000 0.000000
0.000000 0.000000
0.000000 0.000000
0.000000 0.000000
0.000000 0.000000
0.000000 0.000000
0.000000 0.000000
0.000000 0.000000
0.000000 0.000000
0.000000 0.000000
0.000000 0.000000
0.000000 0.000000
0.000000 0.000000
0.000000 0.000000
0.000000 0.000000
0.000000 0.000000
0.000000 0.000000
0.000000 0.000000
0.000000 0.000000
0.000000 0.000000
0.000000 0.000000
0.000000 0.000000
0.000000 0.000000
0.000000 0.000000
0.000000 0.000000
0.000000 0.000000
0.000000 0.000000
0.000000 0.000000
0.000000 0.000000
0.000000 0.000000
0.000000 0.000000
0.000000 0.000000
0.000000 0.000000
0.000000 0.000000
0.000000 0.000000
0.000000 0.000000
0.000000 0.000000
0.000000 0.000000
0.000000 0.000000
0.000000 0.000000
0.000000 0.000000
0.000000 0.000000
0.000000 0.000000
0.000000 0.000000
0.000000 0.000000
0.000000 0.000000
0.000000 0.000000
0.000000 0.000000
0.000000 0.000000
0.000000 0.000000
0.000000 0.000000
0.000000 0.000000
0.000000 0.000000
0.000000 0.000000
0.000000 0.000000
0.000000 0.000000
0.000000 0.000000
0.000000 0.000000
0.000000 0.000000
0.000000 0.000000
0.000000 0.000000
0.000000 0.000000
0.000000 0.000000
0.000000 0.000000
0.000000 0.000000
0.000000 0.000000
0.000000 0.000000
0.000000 0.000000
0.000000 0.000000
0.000000 0.000000
0.000000 0.000000
0.000000 0.000000
0.000000 0.000000
0.000000 0.000000
0.000000 0.000000
0.000000 0.000000
0.000000 0.000000
0.000000 0.000000
0.000000 0.000000
0.000000 0.000000
0.000000 0.000000
0.000000 0.000000
0.000000 0.000000
0.000000 0.000000
0.000000 0.000000
0.000000 0.000000
0.000000 0.000000
0.000000 0.000000
0.000000 0.000000
0.000000 0.000000
0.000000 0.000000
0.000000 0.000000
0.000000 0.000000
0.000000 0.000000
0.000000 0.000000
0.000000 0.000000
0.000000 0.000000
0.000000 0.000000
0.000000 0.000000
0.000000 0.000000
0.000000 0.000000
0.000000 0.000000
0.000000 0.000000
0.000000 0.000000
0.000000 0.000000
0.000000 0.000000
0.000000 0.000000
0.000000 0.000000
0.000000 0.000000
0.000000 0.000000
0.000000 0.000000
0.000000 0.000000
0.000000 0.000000
0.000000 0.000000
0.000000 0.000000
0.000000 0.000000
0.000000 0.000000
0.000000 0.000000
0.000000 0.000000
0.000000 0.000000
0.000000 0.000000
0.000000 0.000000
0.000000 0.000000
0.000000 0.000000
0.000000 0.000000
0.000000 0.000000
0.000000 0.000000
0.000000 0.000000
0.000000 0.000000
0.000000 0.000000
0.000000 0.000000
0.000000 0.000000
0.000000 0.000000
0.000000 0.000000
0.000000 0.000000
0.000000 0.000000
0.000000 0.000000
0.000000 0.000000
0.000000 0.000000
0.000000 0.000000
0.000000 0.000000
0.000000 0.000000
0.000000 0.000000
0.000000 0.000000
3.840213 0.000000
7.483492 0.000000
10.929837 0.000000
14.179248 0.000000
17.231725 0.000000
20.087268 0.000000
26.339911 0.000000
32.247934 0.000000
36.826648 0.000000
38.599056 0.000000
38.549838 0.000000
29.884782 0.000000
7.089696 0.000000
0.000000 0.000000
0.000000 0.000000
0.000000 0.000000
0.000000 0.000000
0.000000 0.000000
0.000000 0.000000
0.000000 0.000000
0.000000 0.000000
0.000000 0.000000
0.000000 0.000000
0.000000 0.000000
0.000000 0.000000
0.000000 0.000000
0.000000 0.000000
0.000000 0.000000
0.000000 0.000000
0.000000 0.000000
0.000000 0.000000
0.000000 0.000000
0.000000 0.000000
0.000000 0.000000
0.000000 0.000000
0.000000 0.000000
0.000000 0.000000
0.000000 0.000000
0.000000 0.000000
0.000000 0.000000
0.000000 0.000000
0.000000 0.000000
0.000000 0.000000
0.000000 0.000000
0.000000 0.000000
0.000000 0.000000
0.000000 0.000000
0.000000 0.000000
0.000000 0.000000
0.000000 0.000000
0.000000 0.000000
0.000000 0.000000
0.000000 0.000000
0.000000 0.000000
0.000000 0.000000
0.000000 0.000000
0.000000 0.000000
0.000000 0.000000
0.000000 0.000000
0.000000 0.000000
0.000000 0.000000
0.000000 0.000000
0.000000 0.000000
0.000000 0.000000
0.000000 0.000000
0.000000 0.000000
0.000000 0.000000
0.000000 0.000000
0.000000 0.000000
0.000000 0.000000
0.000000 0.000000
0.000000 0.000000
0.000000 0.000000
0.000000 0.000000
0.000000 0.000000
0.000000 0.000000
0.000000 0.000000
0.000000 0.000000
0.000000 0.000000
0.000000 0.000000
16.810326 0.000000
32.758584 0.000000
47.844774 0.000000
75.430950 0.000000
110.344704 0.000000
120.258486 0.000000
144.827424 0.000000
151.292934 0.000000
168.534294 0.000000
171.982566 0.000000
171.551532 0.000000
155.172240 0.000000
88.577487 0.000000
64.655100 0.000000
70.581826 0.000000
77.047334 0.000000
85.668009 0.000000
78.232659 0.000000
59.913704 0.000000
0.000000 0.000000
0.000000 0.000000
0.000000 0.000000
0.000000 0.000000
0.000000 0.000000
0.000000 0.000000
0.000000 0.000000
0.000000 0.000000
0.000000 0.000000
0.000000 0.000000
0.000000 0.000000
0.000000 0.000000
0.000000 0.000000
0.000000 0.000000
0.000000 0.000000
0.000000 0.000000
0.000000 0.000000
0.000000 0.000000
0.000000 0.000000
0.000000 0.000000
0.000000 0.000000
0.000000 0.000000
0.000000 0.000000
0.000000 0.000000
0.000000 0.000000
0.000000 0.000000
0.000000 0.000000
0.000000 0.000000
0.000000 0.000000
0.000000 0.000000
0.000000 0.000000
0.000000 0.000000
0.000000 0.000000
0.000000 0.000000
0.000000 0.000000
0.000000 0.000000
0.000000 0.000000
0.000000 0.000000
0.000000 0.000000
0.000000 0.000000
11.376729 0.000000
22.170036 0.000000
32.379921 0.000000
42.006384 0.000000
51.049425 0.000000
67.385241 0.000000
67.385241 0.000000
74.678016 0.000000
98.014896 0.000000
109.391625 0.000000
116.538545 0.000000
107.787209 0.000000
65.270304 0.000000
0.000000 0.000000
0.000000 0.000000
0.000000 0.000000
0.000000 0.000000
0.000000 0.000000
0.000000 0.000000
0.000000 0.000000
0.000000 0.000000
0.000000 0.000000
0.000000 0.000000
0.000000 0.000000
0.000000 0.000000
0.000000 0.000000
0.000000 0.000000
0.000000 0.000000
0.000000 0.000000
0.000000 0.000000
0.000000 0.000000
0.000000 0.000000
0.000000 0.000000
0.000000 0.000000
0.000000 0.000000
0.000000 0.000000
0.000000 0.000000
0.000000 0.000000
0.000000 0.000000
0.000000 0.000000
0.000000 0.000000
0.000000 0.000000
0.000000 0.000000
0.000000 0.000000
0.000000 0.000000
0.000000 0.000000
0.000000 0.000000
0.000000 0.000000
0.000000 0.000000
0.000000 0.000000
0.000000 0.000000
0.000000 0.000000
0.000000 0.000000
0.000000 0.000000
0.000000 0.000000
0.000000 0.000000
0.000000 0.000000
0.000000 0.000000
0.000000 0.000000
0.000000 0.000000
0.000000 0.000000
0.000000 0.000000
0.000000 0.000000
0.000000 0.000000
0.000000 0.000000
0.000000 0.000000
0.000000 0.000000
0.000000 0.000000
0.000000 0.000000
0.000000 0.000000
0.000000 0.000000
0.000000 0.000000
0.000000 0.000000
0.000000 0.000000
0.000000 0.000000
0.000000 0.000000
0.000000 0.000000
0.000000 0.000000
0.000000 0.000000
0.000000 0.000000
0.000000 0.000000
0.000000 0.000000
0.000000 0.000000
0.000000 0.000000
0.000000 0.000000
0.000000 0.000000
0.000000 0.000000
0.000000 0.000000
0.000000 0.000000
0.000000 0.000000
0.000000 0.000000
0.000000 0.000000
0.000000 0.000000
0.000000 0.000000
0.000000 0.000000
0.000000 0.000000
0.000000 0.000000
0.000000 0.000000
0.000000 0.000000
0.000000 0.000000
0.000000 0.000000
0.000000 0.000000
0.000000 0.000000
0.000000 0.000000
0.000000 0.000000
0.000000 0.000000
0.000000 0.000000
0.000000 0.000000
0.000000 0.000000
0.000000 0.000000
0.000000 0.000000
0.000000 0.000000
0.000000 0.000000
0.000000 0.000000
0.000000 0.000000
0.000000 0.000000
0.000000 0.000000
0.000000 0.000000
0.000000 0.000000
0.000000 0.000000
0.000000 0.000000
0.000000 0.000000
0.000000 0.000000
0.000000 0.000000
0.000000 0.000000
0.000000 0.000000
0.000000 0.000000
0.000000 0.000000
0.000000 0.000000
0.000000 0.000000
0.000000 0.000000
0.000000 0.000000
0.000000 0.000000
0.000000 0.000000
0.000000 0.000000
0.000000 0.000000
0.000000 0.000000
0.000000 0.000000
2.188953 0.000000
4.265652 0.000000
8.082288 0.000000
11.449908 0.000000
12.965337 0.000000
17.371316 0.000000
20.065409 0.000000
21.300201 0.000000
22.422736 0.000000
20.738921 0.000000
8.026129 0.000000
0.000000 0.000000
0.000000 0.000000
0.000000 0.000000
0.000000 0.000000
0.000000 0.000000
0.000000 0.000000
0.000000 0.000000
0.000000 0.000000
0.000000 0.000000
0.000000 0.000000
0.000000 0.000000
0.000000 0.000000
0.000000 0.000000
0.000000 0.000000
0.000000 0.000000
0.000000 0.000000
4.680897 0.000000
9.121748 0.000000
13.322553 0.000000
17.283312 0.000000
24.484692 0.000000
