4986706.637826 0.000000
4803227.328644 0.000000
4685419.326632 0.000000
4513213.379879 0.000000
4383047.817214 0.000000
4423671.331796 0.000000
4366573.618118 0.000000
4245259.450996 0.000000
4173920.910568 0.000000
4103818.854087 0.000000
4254143.483441 0.000000
4178151.374481 0.000000
4072482.668166 0.000000
4085652.804754 0.000000
3928404.873901 0.000000
4247072.228497 0.000000
4165793.597779 0.000000
4177784.748127 0.000000
4113733.304056 0.000000
3818909.879353 0.000000
4028463.892794 0.000000
4021895.940839 0.000000
3790184.974800 0.000000
3662483.150258 0.000000
3828011.616295 0.000000
3823806.584729 0.000000
3656995.546011 0.000000
3513337.043789 0.000000
3464958.827513 0.000000
3346417.973343 0.000000
3195673.719206 0.000000
3126132.672306 0.000000
3053906.173829 0.000000
3421072.408025 0.000000
3295253.831591 0.000000
3128776.924378 0.000000
3036078.493012 0.000000
2965505.250783 0.000000
2898759.791697 0.000000
2769367.874217 0.000000
2538274.028077 0.000000
2508052.016322 0.000000
2453943.764240 0.000000
2279184.245110 0.000000
1854201.025790 0.000000
1636978.445158 0.000000
1539341.009604 0.000000
1828578.437696 0.000000
2020854.272191 0.000000
2078726.541301 0.000000
2444944.687171 0.000000
2581250.537013 0.000000
2601911.751581 0.000000
2456079.304723 0.000000
2161874.104280 0.000000
1906142.425660 0.000000
1872076.670974 0.000000
1870091.620689 0.000000
1634686.205121 0.000000
1554439.944967 0.000000
1741501.475550 0.000000
1786478.676967 0.000000
1677700.585332 0.000000
1605945.018757 0.000000
1332482.421502 0.000000
839009.092926 0.000000
617325.232290 0.000000
598377.109102 0.000000
550442.901428 0.000000
685736.625871 0.000000
789027.043114 0.000000
951684.160760 0.000000
1133545.711236 0.000000
1091432.302469 0.000000
1140737.113876 0.000000
1110246.680215 0.000000
1051050.823344 0.000000
957645.903966 0.000000
984041.709780 0.000000
1164179.466619 0.000000
1318024.942793 0.000000
1447197.503867 0.000000
1516173.938841 0.000000
1328412.404331 0.000000
1046630.442217 0.000000
844927.352817 0.000000
1006496.936227 0.000000
1121116.871671 0.000000
1193226.268888 0.000000
1117140.642401 0.000000
970201.899785 0.000000
628633.200803 0.000000
370700.152100 0.000000
492056.671504 0.000000
583505.588011 0.000000
708957.838118 0.000000
829167.393935 0.000000
998324.956516 0.000000
1184562.355760 0.000000
1116123.853137 0.000000
822341.910295 0.000000
588846.384270 0.000000
365099.099832 0.000000
358868.904246 0.000000
446219.245273 0.000000
432948.659803 0.000000
299194.134134 0.000000
356031.905436 0.000000
428955.298640 0.000000
499886.715453 0.000000
587020.607969 0.000000
634815.145617 0.000000
639713.708198 0.000000
554280.298707 0.000000
476931.091626 0.000000
521236.052682 0.000000
554923.319386 0.000000
551446.311991 0.000000
425255.532930 0.000000
182273.595810 0.000000
216757.165476 0.000000
266071.893556 0.000000
384770.676079 0.000000
437783.847692 0.000000
561318.757183 0.000000
559153.990524 0.000000
68957.854739 0.000000
48.026272 0.000000
59.726550 0.000000
82.759558 0.000000
82.759558 0.000000
6371.474818 0.000000
12571.344602 0.000000
12626.387421 0.000000
18749.512154 0.000000
24858.087734 0.000000
27874.013629 0.000000
42485.054638 0.000000
53715.264157 0.000000
59132.332028 0.000000
76470.850212 0.000000
89362.598096 0.000000
106512.920564 0.000000
128827.027069 0.000000
178225.766605 0.000000
209152.092696 0.000000
235361.434098 0.000000
280880.596656 0.000000
320418.698791 0.000000
365391.085835 0.000000
387681.043301 0.000000
409417.898167 0.000000
467660.225227 0.000000
514349.594736 0.000000
539436.688186 0.000000
522441.194607 0.000000
423049.717372 0.000000
192129.752155 0.000000
6931.416842 0.000000
6271.944085 0.000000
7349.269544 0.000000
6083.909451 0.000000
9240.231889 0.000000
12357.239390 0.000000
15287.376921 0.000000
21300.572129 0.000000
30173.443340 0.000000
41639.549920 0.000000
47374.473909 0.000000
66672.214231 0.000000
92538.520346 0.000000
116384.358255 0.000000
136612.129226 0.000000
157889.665131 0.000000
188492.240884 0.000000
214966.723389 0.000000
244292.527100 0.000000
264405.381479 0.000000
252358.897607 0.000000
228715.512458 0.000000
161893.425671 0.000000
126121.481370 0.000000
154082.536688 0.000000
67640.391964 0.000000
233.602797 0.000000
33.562726 0.000000
44.153469 0.000000
51.355424 0.000000
73.153329 0.000000
162.277884 0.000000
288.919647 0.000000
393.642042 0.000000
421.129197 0.000000
496.213813 0.000000
622.999475 0.000000
869.263181 0.000000
1075.670140 0.000000
1265.080025 0.000000
4617.901830 0.000000
4919.638386 0.000000
5417.577978 0.000000
8929.122354 0.000000
9406.634244 0.000000
9989.362467 0.000000
16391.953154 0.000000
22444.994933 0.000000
30717.395396 0.000000
2465.427108 0.000000
1507.063026 0.000000
956.471959 0.000000
446.763575 0.000000
588.011272 0.000000
696.539340 0.000000
846.396965 0.000000
1149.036742 0.000000
1451.568545 0.000000
1607.096892 0.000000
1774.759422 0.000000
1847.627199 0.000000
4664.944052 0.000000
7465.900233 0.000000
13721.848251 0.000000
19904.621282 0.000000
22943.376813 0.000000
28923.166908 0.000000
40041.738219 0.000000
53395.334021 0.000000
66088.033922 0.000000
63651.093760 0.000000
77380.528245 0.000000
93391.993104 0.000000
111693.820516 0.000000
126896.575236 0.000000
156582.885697 0.000000
184303.629419 0.000000
204937.548822 0.000000
219530.136422 0.000000
216779.930222 0.000000
176717.307218 0.000000
191570.158367 0.000000
213773.358029 0.000000
232695.982094 0.000000
241167.999025 0.000000
225810.600967 0.000000
189773.032052 0.000000
176502.925057 0.000000
174907.740698 0.000000
142037.851938 0.000000
64201.935078 0.000000
52474.781574 0.000000
62764.811210 0.000000
74834.388873 0.000000
96571.459303 0.000000
115109.899788 0.000000
130441.892889 0.000000
148284.709068 0.000000
157973.560672 0.000000
155708.140817 0.000000
105894.424892 0.000000
0.000000 0.000000
0.000000 0.000000
0.000000 0.000000
0.000000 0.000000
0.000000 0.000000
0.000000 0.000000
3184.273273 0.000000
6315.823271 0.000000
6336.333092 0.000000
9435.984813 0.000000
15559.892894 0.000000
21555.997517 0.000000
27405.153700 0.000000
30355.479850 0.000000
38812.202146 0.000000
52257.586848 0.000000
62444.024097 0.000000
74502.844914 0.000000
90029.158316 0.000000
111235.907128 0.000000
131348.169581 0.000000
154995.349774 0.000000
163509.915234 0.000000
147028.178940 0.000000
114441.282418 0.000000
15255.747975 0.000000
21138.990271 0.000000
29729.149900 0.000000
38037.664951 0.000000
51259.313196 0.000000
53809.761319 0.000000
66636.707221 0.000000
82672.856361 0.000000
93188.433344 0.000000
106595.899756 0.000000
127196.549293 0.000000
148879.602189 0.000000
160774.140946 0.000000
164794.333100 0.000000
150003.685339 0.000000
105790.544215 0.000000
6.095628 0.000000
6.095628 0.000000
9.097263 0.000000
3142.358931 0.000000
6238.278252 0.000000
9311.263144 0.000000
15349.946802 0.000000
27041.855597 0.000000
32699.221390 0.000000
40957.108001 0.000000
54085.804910 0.000000
59124.186202 0.000000
68810.279313 0.000000
71161.057632 0.000000
80219.057585 0.000000
94857.855239 0.000000
109697.015028 0.000000
123977.559126 0.000000
130802.273332 0.000000
146563.474231 0.000000
156772.601093 0.000000
150226.610863 0.000000
123902.772261 0.000000
63997.349752 0.000000
0.000000 0.000000
0.000000 0.000000
0.000000 0.000000
0.000000 0.000000
0.000000 0.000000
3149.589915 0.000000
6267.525660 0.000000
6267.525660 0.000000
12408.434640 0.000000
18395.960571 0.000000
24284.202675 0.000000
30230.276407 0.000000
38909.559058 0.000000
58320.944959 0.000000
71378.497770 0.000000
93406.544988 0.000000
111499.234021 0.000000
135170.346263 0.000000
158171.617166 0.000000
177157.661857 0.000000
187346.116128 0.000000
198825.185932 0.000000
187478.917208 0.000000
157866.143460 0.000000
140173.102007 0.000000
162893.924555 0.000000
178055.858115 0.000000
197465.032156 0.000000
219484.036256 0.000000
218869.816079 0.000000
194297.498401 0.000000
100933.469039 0.000000
42317.693278 0.000000
61806.104656 0.000000
65570.152111 0.000000
76624.387515 0.000000
97498.506534 0.000000
113671.346031 0.000000
137212.472767 0.000000
160305.322716 0.000000
173684.838103 0.000000
192421.876856 0.000000
212192.028991 0.000000
222936.287552 0.000000
214036.589169 0.000000
156891.277362 0.000000
151819.076022 0.000000
170792.750384 0.000000
195545.016186 0.000000
215233.058282 0.000000
228119.076925 0.000000
224058.345404 0.000000
155796.743176 0.000000
27078.524940 0.000000
0.000000 0.000000
0.000000 0.000000
0.000000 0.000000
0.000000 0.000000
0.000000 0.000000
0.000000 0.000000
0.000000 0.000000
0.000000 0.000000
0.000000 0.000000
0.000000 0.000000
3121.463056 0.000000
6211.554624 0.000000
9270.274704 0.000000
15293.600400 0.000000
24262.784607 0.000000
30186.056907 0.000000
41788.682631 0.000000
53190.375923 0.000000
64142.262906 0.000000
77489.335487 0.000000
92696.490056 0.000000
104809.856355 0.000000
129671.425407 0.000000
159540.830276 0.000000
173636.892977 0.000000
197483.627935 0.000000
224638.947956 0.000000
239765.991043 0.000000
237423.731110 0.000000
210581.928226 0.000000
171117.211668 0.000000
76467.844414 0.000000
0.000000 0.000000
0.000000 0.000000
0.000000 0.000000
0.000000 0.000000
0.000000 0.000000
0.000000 0.000000
0.000000 0.000000
0.000000 0.000000
0.000000 0.000000
0.000000 0.000000
0.000000 0.000000
0.000000 0.000000
0.000000 0.000000
0.000000 0.000000
0.000000 0.000000
0.000000 0.000000
0.000000 0.000000
0.000000 0.000000
0.000000 0.000000
0.000000 0.000000
0.000000 0.000000
0.000000 0.000000
0.000000 0.000000
0.000000 0.000000
3136.929137 0.000000
6242.331348 0.000000
9316.206633 0.000000
9316.206633 0.000000
15369.376425 0.000000
21296.438513 0.000000
27097.392897 0.000000
32772.239577 0.000000
43743.609825 0.000000
56748.466800 0.000000
68965.150625 0.000000
80393.661300 0.000000
97039.878228 0.000000
113355.062433 0.000000
137205.181952 0.000000
150005.113908 0.000000
157618.866537 0.000000
153364.716815 0.000000
126353.200907 0.000000
57121.892528 0.000000
17500.059797 0.000000
24797.667722 0.000000
36103.834699 0.000000
47110.510293 0.000000
52778.990735 0.000000
68723.118455 0.000000
87552.255030 0.000000
101878.062872 0.000000
127255.026629 0.000000
148200.190630 0.000000
173440.591648 0.000000
192595.856359 0.000000
213326.074174 0.000000
228265.274532 0.000000
228547.612482 0.000000
203525.114326 0.000000
145359.546782 0.000000
83468.934820 0.000000
6282.322554 0.000000
0.000000 0.000000
0.000000 0.000000
0.000000 0.000000
0.000000 0.000000
0.000000 0.000000
0.000000 0.000000
0.000000 0.000000
0.000000 0.000000
0.000000 0.000000
0.000000 0.000000
0.000000 0.000000
0.000000 0.000000
0.000000 0.000000
0.000000 0.000000
0.000000 0.000000
0.000000 0.000000
0.000000 0.000000
0.000000 0.000000
0.000000 0.000000
0.000000 0.000000
3130.632777 0.000000
6229.801908 0.000000
12333.749232 0.000000
15338.527425 0.000000
18311.841972 0.000000
24164.080128 0.000000
27043.003737 0.000000
38244.061713 0.000000
46314.486912 0.000000
54101.739297 0.000000
64044.251433 0.000000
86702.447562 0.000000
98788.490321 0.000000
114791.151949 0.000000
135795.375828 0.000000
149011.637044 0.000000
157271.652149 0.000000
151038.088498 0.000000
122574.604006 0.000000
54104.320463 0.000000
0.504900 0.000000
0.753525 0.000000
1.484100 0.000000
2.191725 0.000000
2.422500 0.000000
2.988050 0.000000
3.645947 0.000000
4.280894 0.000000
5.288139 0.000000
6.938115 0.000000
8.814990 0.000000
9.610659 0.000000
11.066085 0.000000
12.147874 0.000000
12.597846 0.000000
11.469895 0.000000
6.923403 0.000000
1.431867 0.000000
0.000000 0.000000
0.000000 0.000000
0.000000 0.000000
0.000000 0.000000
0.000000 0.000000
0.000000 0.000000
0.000000 0.000000
0.000000 0.000000
0.000000 0.000000
1.261262 0.000000
2.509848 0.000000
3.745758 0.000000
6.173212 0.000000
7.371094 0.000000
11.455935 0.000000
14.273176 0.000000
20.164347 0.000000
26.210799 0.000000
34.310763 0.000000
40.335032 0.000000
47.129368 0.000000
55.059766 0.000000
60.004975 0.000000
61.621230 0.000000
56.026531 0.000000
36.476463 0.000000
21.119095 0.000000
4.128648 0.000000
0.000000 0.000000
0.000000 0.000000
0.000000 0.000000
0.000000 0.000000
3127.307885 0.000000
6223.185540 0.000000
9287.632965 0.000000
15322.237125 0.000000
21231.120365 0.000000
27014.282685 0.000000
38203.444565 0.000000
48889.722765 0.000000
61540.390340 0.000000
77931.255285 0.000000
94777.858565 0.000000
109612.927125 0.000000
133248.460085 0.000000
146527.732260 0.000000
157088.289540 0.000000
150865.104000 0.000000
129429.687140 0.000000
66380.645760 0.000000
0.000000 0.000000
0.000000 0.000000
0.000000 0.000000
0.000000 0.000000
0.000000 0.000000
0.000000 0.000000
18.937636 0.000000
37.684944 0.000000
37.684944 0.000000
56.241924 0.000000
74.608576 0.000000
92.784900 0.000000
110.770896 0.000000
128.566564 0.000000
163.586916 0.000000
214.689984 0.000000
280.162816 0.000000
350.155938 0.000000
464.543066 0.000000
548.715624 0.000000
682.801700 0.000000
754.626729 0.000000
860.211187 0.000000
937.662788 0.000000
927.813290 0.000000
789.278268 0.000000
384.022335 0.000000
4.734409 0.000000
0.000000 0.000000
0.000000 0.000000
0.000000 0.000000
0.000000 0.000000
0.000000 0.000000
0.000000 0.000000
0.000000 0.000000
0.000000 0.000000
0.000000 0.000000
0.000000 0.000000
0.000000 0.000000
0.000000 0.000000
0.000000 0.000000
0.000000 0.000000
0.000000 0.000000
0.000000 0.000000
11.066987 0.000000
22.022748 0.000000
32.867283 0.000000
43.600592 0.000000
54.222675 0.000000
64.733532 0.000000
100.631814 0.000000
159.025458 0.000000
208.993812 0.000000
269.542561 0.000000
329.827025 0.000000
360.469832 0.000000
417.473265 0.000000
469.193316 0.000000
532.258353 0.000000
550.957984 0.000000
504.284113 0.000000
340.154869 0.000000
93.191809 0.000000
0.000000 0.000000
0.000000 0.000000
0.000000 0.000000
0.000000 0.000000
0.000000 0.000000
0.000000 0.000000
0.000000 0.000000
0.000000 0.000000
0.000000 0.000000
0.000000 0.000000
0.000000 0.000000
0.000000 0.000000
0.000000 0.000000
0.000000 0.000000
0.000000 0.000000
0.000000 0.000000
0.000000 0.000000
0.000000 0.000000
0.000000 0.000000
0.000000 0.000000
0.000000 0.000000
0.000000 0.000000
0.000000 0.000000
0.000000 0.000000
0.000000 0.000000
0.000000 0.000000
0.000000 0.000000
0.000000 0.000000
0.000000 0.000000
0.000000 0.000000
0.000000 0.000000
0.000000 0.000000
0.000000 0.000000
0.590632 0.000000
1.175328 0.000000
3.332420 0.000000
5.462775 0.000000
7.566390 0.000000
8.667759 0.000000
10.935607 0.000000
15.908526 0.000000
22.954185 0.000000
29.951441 0.000000
39.873913 0.000000
45.481496 0.000000
54.676920 0.000000
61.726916 0.000000
73.805480 0.000000
80.235652 0.000000
85.286004 0.000000
81.950936 0.000000
3226.133552 0.000000
6325.798381 0.000000
9383.681763 0.000000
12398.047734 0.000000
18400.208590 0.000000
24280.048959 0.000000
27174.777992 0.000000
32866.717924 0.000000
43863.792316 0.000000
56900.299417 0.000000
69146.733545 0.000000
87094.717804 0.000000
111942.508459 0.000000
132726.357592 0.000000
148117.512186 0.000000
157840.960573 0.000000
146464.479094 0.000000
99196.451023 0.000000
0.000000 0.000000
0.000000 0.000000
0.000000 0.000000
0.000000 0.000000
0.000000 0.000000
0.000000 0.000000
0.000000 0.000000
0.000000 0.000000
0.000000 0.000000
0.000000 0.000000
0.000000 0.000000
0.000000 0.000000
0.000000 0.000000
0.000000 0.000000
0.000000 0.000000
0.000000 0.000000
0.000000 0.000000
0.000000 0.000000
0.000000 0.000000
0.000000 0.000000
0.000000 0.000000
0.000000 0.000000
0.000000 0.000000
0.000000 0.000000
0.000000 0.000000
0.000000 0.000000
0.000000 0.000000
0.000000 0.000000
0.000000 0.000000
0.000000 0.000000
0.000000 0.000000
0.000000 0.000000
0.000000 0.000000
0.000000 0.000000
0.000000 0.000000
0.000000 0.000000
0.000000 0.000000
0.000000 0.000000
0.000000 0.000000
0.000000 0.000000
0.000000 0.000000
0.000000 0.000000
0.000000 0.000000
0.000000 0.000000
0.000000 0.000000
0.000000 0.000000
0.000000 0.000000
0.000000 0.000000
0.000000 0.000000
0.000000 0.000000
0.000000 0.000000
3135.962196 0.000000
6240.407184 0.000000
9313.334964 0.000000
12354.745536 0.000000
12354.745536 0.000000
15364.638900 0.000000
18343.015056 0.000000
27089.040276 0.000000
29941.347600 0.000000
38309.166324 0.000000
46393.330176 0.000000
59236.592436 0.000000
75893.436864 0.000000
86845.666644 0.000000
97009.966224 0.000000
118189.530000 0.000000
134830.615824 0.000000
146098.017684 0.000000
156309.593076 0.000000
154922.835924 0.000000
134830.615824 0.000000
51625.186704 0.000000
0.000000 0.000000
0.000000 0.000000
0.000000 0.000000
0.000000 0.000000
0.000000 0.000000
0.000000 0.000000
0.000000 0.000000
0.000000 0.000000
0.000000 0.000000
0.000000 0.000000
0.000000 0.000000
0.000000 0.000000
0.000000 0.000000
0.000000 0.000000
0.000000 0.000000
0.000000 0.000000
0.000000 0.000000
0.000000 0.000000
0.000000 0.000000
0.000000 0.000000
0.000000 0.000000
0.000000 0.000000
0.000000 0.000000
0.000000 0.000000
0.000000 0.000000
0.000000 0.000000
0.000000 0.000000
0.000000 0.000000
0.000000 0.000000
0.000000 0.000000
0.000000 0.000000
0.000000 0.000000
0.000000 0.000000
0.000000 0.000000
0.000000 0.000000
0.000000 0.000000
0.000000 0.000000
0.000000 0.000000
0.000000 0.000000
0.000000 0.000000
0.000000 0.000000
0.000000 0.000000
0.000000 0.000000
0.000000 0.000000
0.000000 0.000000
0.000000 0.000000
0.000000 0.000000
0.000000 0.000000
0.000000 0.000000
0.000000 0.000000
0.000000 0.000000
0.000000 0.000000
0.000000 0.000000
0.000000 0.000000
0.000000 0.000000
0.000000 0.000000
0.000000 0.000000
0.000000 0.000000
0.000000 0.000000
0.000000 0.000000
0.000000 0.000000
0.000000 0.000000
0.000000 0.000000
0.000000 0.000000
0.000000 0.000000
0.000000 0.000000
0.000000 0.000000
0.000000 0.000000
0.000000 0.000000
0.000000 0.000000
5.077684 0.000000
10.104336 0.000000
17.542250 0.000000
17.542250 0.000000
18.760639 0.000000
33.202695 0.000000
42.503277 0.000000
63.917580 0.000000
78.729618 0.000000
91.206942 0.000000
107.128926 0.000000
117.379979 0.000000
133.187141 0.000000
159.489535 0.000000
181.183803 0.000000
212.673949 0.000000
231.182785 0.000000
251.471200 0.000000
236.846870 0.000000
195.808042 0.000000
191.082401 0.000000
185.193096 0.000000
140.904147 0.000000
167.143411 0.000000
194.979249 0.000000
235.746998 0.000000
270.307596 0.000000
296.211891 0.000000
316.900940 0.000000
314.839272 0.000000
265.456452 0.000000
148.653062 0.000000
46.276069 0.000000
0.000000 0.000000
0.000000 0.000000
0.000000 0.000000
0.000000 0.000000
0.000000 0.000000
0.000000 0.000000
0.000000 0.000000
0.000000 0.000000
0.000000 0.000000
0.000000 0.000000
0.000000 0.000000
0.000000 0.000000
0.000000 0.000000
0.000000 0.000000
0.000000 0.000000
0.000000 0.000000
0.000000 0.000000
0.000000 0.000000
0.000000 0.000000
0.000000 0.000000
0.000000 0.000000
0.000000 0.000000
1.852093 0.000000
3.685572 0.000000
5.500437 0.000000
9.953742 0.000000
15.147051 0.000000
20.172834 0.000000
24.197856 0.000000
32.699742 0.000000
37.111275 0.000000
49.950261 0.000000
63.489658 0.000000
76.414778 0.000000
86.091651 0.000000
91.594782 0.000000
85.597045 0.000000
49.189669 0.000000
8.000226 0.000000
0.000000 0.000000
0.000000 0.000000
0.000000 0.000000
0.000000 0.000000
0.000000 0.000000
0.000000 0.000000
0.000000 0.000000
0.000000 0.000000
0.000000 0.000000
0.000000 0.000000
0.000000 0.000000
2.144026 0.000000
4.266504 0.000000
7.407125 0.000000
9.475733 0.000000
12.530162 0.000000
18.509732 0.000000
29.887076 0.000000
34.602136 0.000000
50.433060 0.000000
58.023077 0.000000
70.837281 0.000000
83.196593 0.000000
95.488052 0.000000
103.309690 0.000000
105.631783 0.000000
97.861031 0.000000
61.461108 0.000000
29.800253 0.000000
0.000000 0.000000
0.000000 0.000000
0.000000 0.000000
0.000000 0.000000
0.000000 0.000000
0.000000 0.000000
0.000000 0.000000
0.000000 0.000000
0.000000 0.000000
0.000000 0.000000
0.000000 0.000000
0.000000 0.000000
0.000000 0.000000
0.000000 0.000000
0.000000 0.000000
0.000000 0.000000
0.000000 0.000000
0.000000 0.000000
0.000000 0.000000
0.000000 0.000000
0.000000 0.000000
0.000000 0.000000
0.000000 0.000000
0.000000 0.000000
0.000000 0.000000
0.000000 0.000000
0.000000 0.000000
0.000000 0.000000
0.000000 0.000000
0.000000 0.000000
0.000000 0.000000
0.000000 0.000000
0.000000 0.000000
0.000000 0.000000
0.000000 0.000000
0.000000 0.000000
0.000000 0.000000
0.000000 0.000000
0.000000 0.000000
0.000000 0.000000
0.000000 0.000000
0.000000 0.000000
0.000000 0.000000
