1155821.003714 0.000000
1062382.682039 0.000000
972815.912490 0.000000
908935.958511 0.000000
876399.335734 0.000000
797416.230011 0.000000
755023.643276 0.000000
726428.895016 0.000000
683145.100908 0.000000
563624.761821 0.000000
532471.549948 0.000000
497796.294548 0.000000
453974.445579 0.000000
434845.770697 0.000000
407624.499793 0.000000
348529.493770 0.000000
299622.959901 0.000000
267283.923695 0.000000
252828.233434 0.000000
223116.927019 0.000000
195703.355722 0.000000
188313.358178 0.000000
175118.071629 0.000000
165144.868307 0.000000
156749.270904 0.000000
148372.114672 0.000000
133569.589157 0.000000
119494.296991 0.000000
98198.240420 0.000000
81493.972893 0.000000
68126.041593 0.000000
75793.891590 0.000000
89471.307734 0.000000
96446.895814 0.000000
96901.655459 0.000000
96371.427965 0.000000
79262.369587 0.000000
79987.590665 0.000000
74301.854921 0.000000
65258.571556 0.000000
64636.676753 0.000000
66113.047736 0.000000
60291.218123 0.000000
56112.412735 0.000000
42739.338520 0.000000
42889.954749 0.000000
46198.012692 0.000000
41277.227763 0.000000
32167.612535 0.000000
27859.238107 0.000000
23224.428985 0.000000
23920.876750 0.000000
18872.922002 0.000000
8270.707238 0.000000
5095.828163 0.000000
5637.953163 0.000000
8602.036571 0.000000
10759.615307 0.000000
12399.874362 0.000000
14342.432768 0.000000
16218.786947 0.000000
18870.939887 0.000000
19940.250860 0.000000
22992.902308 0.000000
24939.805452 0.000000
27192.947365 0.000000
26619.394223 0.000000
23292.626058 0.000000
16927.113245 0.000000
17786.016137 0.000000
18448.924963 0.000000
16431.873503 0.000000
14602.037897 0.000000
13255.411149 0.000000
10201.233031 0.000000
12258.433627 0.000000
12822.165098 0.000000
12663.558470 0.000000
11292.499953 0.000000
10229.934406 0.000000
10282.687782 0.000000
9274.421671 0.000000
8862.121042 0.000000
9608.866928 0.000000
8966.506474 0.000000
8453.490213 0.000000
7492.014151 0.000000
7422.626647 0.000000
7530.873547 0.000000
7592.139626 0.000000
7463.990619 0.000000
6439.650384 0.000000
4703.718089 0.000000
4677.349939 0.000000
4205.877157 0.000000
3057.562150 0.000000
2030.001912 0.000000
2532.928016 0.000000
3063.046627 0.000000
3695.417072 0.000000
4301.548081 0.000000
4802.396691 0.000000
5033.985476 0.000000
4275.298142 0.000000
4966.395860 0.000000
5444.774272 0.000000
6097.847555 0.000000
6331.222069 0.000000
6560.491198 0.000000
6182.415321 0.000000
6006.017329 0.000000
5341.523832 0.000000
4670.952254 0.000000
4526.684456 0.000000
4053.022620 0.000000
2983.571715 0.000000
2545.231926 0.000000
2264.727082 0.000000
1830.278983 0.000000
2372.938910 0.000000
3230.482336 0.000000
3844.256913 0.000000
4203.579148 0.000000
4559.624720 0.000000
4393.496149 0.000000
4053.856175 0.000000
4578.346104 0.000000
4826.128413 0.000000
4648.342635 0.000000
4559.498370 0.000000
4198.525948 0.000000
4563.632488 0.000000
4812.079801 0.000000
5059.683231 0.000000
4249.126663 0.000000
4552.673985 0.000000
4367.333427 0.000000
4158.619747 0.000000
3349.734245 0.000000
2692.017177 0.000000
2452.183762 0.000000
2112.328675 0.000000
2370.789344 0.000000
2609.954972 0.000000
2652.136969 0.000000
2474.151892 0.000000
2343.270587 0.000000
2219.030803 0.000000
2504.465247 0.000000
2641.389954 0.000000
2554.097604 0.000000
2856.036416 0.000000
2863.646213 0.000000
2299.078069 0.000000
1627.696396 0.000000
1491.262800 0.000000
947.352100 0.000000
516.796299 0.000000
615.290755 0.000000
729.628869 0.000000
862.900189 0.000000
923.661019 0.000000
995.194074 0.000000
1007.912260 0.000000
919.300875 0.000000
962.280452 0.000000
1076.376024 0.000000
1116.233846 0.000000
1100.710126 0.000000
953.677801 0.000000
644.884930 0.000000
474.526890 0.000000
474.904000 0.000000
677.076558 0.000000
839.627932 0.000000
1083.013523 0.000000
1435.764192 0.000000
1716.427106 0.000000
1884.378475 0.000000
1924.810453 0.000000
1709.865660 0.000000
1460.503529 0.000000
1623.981812 0.000000
2082.709534 0.000000
2475.182152 0.000000
2722.943676 0.000000
3145.571987 0.000000
3544.575146 0.000000
3744.336948 0.000000
3599.149764 0.000000
3681.073255 0.000000
3137.247312 0.000000
1809.138665 0.000000
455.152091 0.000000
0.000000 0.000000
61.619877 0.000000
121.994908 0.000000
181.125093 0.000000
351.046572 0.000000
405.197373 0.000000
509.764437 0.000000
633.315364 0.000000
770.248356 0.000000
930.833376 0.000000
1100.132361 0.000000
1241.422364 0.000000
1403.874841 0.000000
1449.778666 0.000000
1373.376456 0.000000
876.761356 0.000000
773.906441 0.000000
742.007211 0.000000
481.600570 0.000000
148.448124 0.000000
190.772956 0.000000
217.070370 0.000000
263.440984 0.000000
279.040479 0.000000
297.012930 0.000000
285.984242 0.000000
238.290850 0.000000
144.071303 0.000000
43.141582 0.000000
0.000000 0.000000
0.000000 0.000000
0.000000 0.000000
0.000000 0.000000
0.000000 0.000000
0.000000 0.000000
0.000000 0.000000
0.000000 0.000000
10.159479 0.000000
20.113716 0.000000
29.862711 0.000000
39.406464 0.000000
53.311654 0.000000
92.256359 0.000000
159.258314 0.000000
211.566199 0.000000
273.122225 0.000000
393.645621 0.000000
474.190497 0.000000
557.455220 0.000000
604.469662 0.000000
613.994495 0.000000
599.777315 0.000000
734.299916 0.000000
893.690818 0.000000
980.302454 0.000000
1085.824160 0.000000
957.464086 0.000000
473.453170 0.000000
510.262590 0.000000
490.836224 0.000000
413.559091 0.000000
195.241452 0.000000
14.311547 0.000000
9.508689 0.000000
14.117492 0.000000
18.629268 0.000000
25.202834 0.000000
37.622269 0.000000
123.435576 0.000000
210.323470 0.000000
294.974825 0.000000
412.219519 0.000000
457.153592 0.000000
576.049574 0.000000
748.527532 0.000000
995.312583 0.000000
1135.498725 0.000000
1233.040918 0.000000
1468.800148 0.000000
1615.175450 0.000000
1708.178937 0.000000
1703.163789 0.000000
1566.060423 0.000000
1204.043060 0.000000
851.300140 0.000000
342.536112 0.000000
291.281494 0.000000
363.517842 0.000000
441.385133 0.000000
482.941785 0.000000
506.908864 0.000000
461.957733 0.000000
316.458066 0.000000
227.764473 0.000000
248.414204 0.000000
254.431640 0.000000
226.838417 0.000000
148.520787 0.000000
99.930605 0.000000
121.737405 0.000000
133.785186 0.000000
143.531379 0.000000
140.265431 0.000000
128.320509 0.000000
72.054632 0.000000
37.955340 0.000000
0.000000 0.000000
0.000000 0.000000
0.000000 0.000000
0.000000 0.000000
0.000000 0.000000
0.000000 0.000000
0.000000 0.000000
5.382333 0.000000
10.655932 0.000000
10.655932 0.000000
15.820797 0.000000
20.876928 0.000000
30.662988 0.000000
110.250016 0.000000
186.109083 0.000000
195.009394 0.000000
346.852969 0.000000
449.382219 0.000000
657.251724 0.000000
819.211046 0.000000
959.226464 0.000000
1116.806800 0.000000
1370.370803 0.000000
1507.055528 0.000000
1567.740119 0.000000
1453.913212 0.000000
1263.633248 0.000000
868.286872 0.000000
734.248569 0.000000
314.016339 0.000000
75.336317 0.000000
72.863574 0.000000
73.996999 0.000000
68.712118 0.000000
50.542845 0.000000
54.421062 0.000000
63.648678 0.000000
75.902365 0.000000
78.635441 0.000000
78.315374 0.000000
70.355313 0.000000
35.574082 0.000000
18.448544 0.000000
0.000000 0.000000
0.000000 0.000000
0.000000 0.000000
0.000000 0.000000
0.000000 0.000000
0.000000 0.000000
0.000000 0.000000
0.000000 0.000000
0.000000 0.000000
0.000000 0.000000
0.000000 0.000000
0.000000 0.000000
0.000000 0.000000
0.000000 0.000000
0.000000 0.000000
0.000000 0.000000
0.000000 0.000000
0.000000 0.000000
2.655081 0.000000
5.256524 0.000000
11.518715 0.000000
18.545211 0.000000
24.532539 0.000000
27.603281 0.000000
35.789814 0.000000
79.294175 0.000000
122.372630 0.000000
195.531085 0.000000
230.060456 0.000000
302.702951 0.000000
394.344193 0.000000
485.857190 0.000000
583.265178 0.000000
667.103914 0.000000
802.688271 0.000000
862.096579 0.000000
807.556305 0.000000
540.354115 0.000000
400.532626 0.000000
173.626988 0.000000
0.000000 0.000000
0.000000 0.000000
0.000000 0.000000
0.000000 0.000000
0.000000 0.000000
0.000000 0.000000
0.000000 0.000000
0.000000 0.000000
0.000000 0.000000
0.000000 0.000000
0.000000 0.000000
40.557825 0.000000
80.296300 0.000000
157.315200 0.000000
284.109570 0.000000
384.070194 0.000000
447.160150 0.000000
568.863970 0.000000
683.620445 0.000000
843.882176 0.000000
977.663405 0.000000
1005.945958 0.000000
917.212754 0.000000
599.787338 0.000000
351.860399 0.000000
119.369235 0.000000
145.611456 0.000000
177.398079 0.000000
210.506772 0.000000
243.679799 0.000000
244.971802 0.000000
194.984312 0.000000
131.193590 0.000000
141.637512 0.000000
135.580299 0.000000
130.894626 0.000000
126.552601 0.000000
113.936256 0.000000
97.024983 0.000000
103.930829 0.000000
114.188952 0.000000
105.873690 0.000000
66.098039 0.000000
64.315938 0.000000
52.141048 0.000000
57.534958 0.000000
60.364654 0.000000
54.101917 0.000000
36.563475 0.000000
32.600863 0.000000
22.454305 0.000000
27.535014 0.000000
31.186173 0.000000
31.875259 0.000000
28.301526 0.000000
18.694168 0.000000
9.505349 0.000000
11.405131 0.000000
13.517431 0.000000
15.430093 0.000000
16.035447 0.000000
14.357843 0.000000
10.030204 0.000000
4.752675 0.000000
6.346559 0.000000
7.172500 0.000000
7.851104 0.000000
8.037848 0.000000
7.266577 0.000000
2.583762 0.000000
1.857502 0.000000
2.342046 0.000000
2.632955 0.000000
3.036523 0.000000
3.310733 0.000000
4.035881 0.000000
4.405240 0.000000
4.241055 0.000000
3.573823 0.000000
1.955531 0.000000
0.544737 0.000000
0.369882 0.000000
0.476071 0.000000
0.553504 0.000000
0.619170 0.000000
0.677297 0.000000
0.690783 0.000000
0.604981 0.000000
0.430668 0.000000
0.029567 0.000000
0.000000 0.000000
0.000000 0.000000
0.000000 0.000000
0.000000 0.000000
0.000000 0.000000
0.000000 0.000000
0.000000 0.000000
0.000000 0.000000
0.000000 0.000000
0.000000 0.000000
0.000000 0.000000
0.000000 0.000000
0.000000 0.000000
0.000000 0.000000
0.000000 0.000000
0.000000 0.000000
0.000000 0.000000
0.000000 0.000000
14.278077 0.000000
28.267708 0.000000
55.381632 0.000000
87.615429 0.000000
111.844812 0.000000
156.842325 0.000000
194.268069 0.000000
265.586357 0.000000
294.492303 0.000000
330.035753 0.000000
330.630426 0.000000
279.666314 0.000000
207.149646 0.000000
178.026421 0.000000
150.742102 0.000000
73.630501 0.000000
89.995447 0.000000
98.403454 0.000000
97.780829 0.000000
73.938115 0.000000
56.110691 0.000000
39.414191 0.000000
27.168196 0.000000
5.174036 0.000000
0.000000 0.000000
0.000000 0.000000
0.000000 0.000000
0.000000 0.000000
0.000000 0.000000
0.000000 0.000000
0.000000 0.000000
0.000000 0.000000
0.000000 0.000000
0.000000 0.000000
0.000000 0.000000
0.000000 0.000000
0.000000 0.000000
0.000000 0.000000
0.000000 0.000000
5.325705 0.000000
5.325705 0.000000
10.543820 0.000000
20.657280 0.000000
30.340380 0.000000
44.058105 0.000000
56.807520 0.000000
73.994922 0.000000
84.108330 0.000000
107.589824 0.000000
121.549643 0.000000
130.802490 0.000000
127.911164 0.000000
112.768041 0.000000
53.015958 0.000000
63.344790 0.000000
66.169080 0.000000
65.563875 0.000000
47.992775 0.000000
27.462916 0.000000
24.147759 0.000000
27.762173 0.000000
31.729630 0.000000
33.061045 0.000000
32.704553 0.000000
26.228562 0.000000
11.346750 0.000000
12.758790 0.000000
13.942214 0.000000
16.066998 0.000000
16.482205 0.000000
15.893855 0.000000
11.608108 0.000000
7.187956 0.000000
7.890614 0.000000
8.337760 0.000000
7.581310 0.000000
3.775526 0.000000
3.109035 0.000000
3.559576 0.000000
3.929400 0.000000
4.160475 0.000000
3.955251 0.000000
3.272499 0.000000
1.713390 0.000000
1.910580 0.000000
2.046660 0.000000
2.134020 0.000000
2.043720 0.000000
1.392930 0.000000
0.391020 0.000000
0.000000 0.000000
0.000000 0.000000
0.000000 0.000000
0.000000 0.000000
0.000000 0.000000
0.000000 0.000000
0.000000 0.000000
0.000000 0.000000
0.000000 0.000000
0.000000 0.000000
0.000000 0.000000
0.000000 0.000000
0.000000 0.000000
0.000000 0.000000
0.000000 0.000000
0.000000 0.000000
0.000000 0.000000
0.000000 0.000000
0.000000 0.000000
0.000000 0.000000
0.000000 0.000000
0.000000 0.000000
0.000000 0.000000
0.000000 0.000000
0.000000 0.000000
0.000000 0.000000
0.000000 0.000000
0.000000 0.000000
0.000000 0.000000
0.000000 0.000000
0.000000 0.000000
0.000000 0.000000
0.000000 0.000000
0.000000 0.000000
0.000000 0.000000
0.000000 0.000000
0.000000 0.000000
0.000000 0.000000
0.000000 0.000000
0.000000 0.000000
0.000000 0.000000
0.000000 0.000000
0.000000 0.000000
0.000000 0.000000
0.000000 0.000000
0.000000 0.000000
0.000000 0.000000
0.000000 0.000000
0.000000 0.000000
0.000000 0.000000
0.000000 0.000000
0.000000 0.000000
0.000000 0.000000
0.000000 0.000000
0.000000 0.000000
0.000000 0.000000
0.000000 0.000000
0.000000 0.000000
0.000000 0.000000
0.000000 0.000000
0.000000 0.000000
0.000000 0.000000
0.000000 0.000000
0.000000 0.000000
0.000000 0.000000
0.000000 0.000000
0.000000 0.000000
0.000000 0.000000
0.000000 0.000000
0.000000 0.000000
0.000000 0.000000
0.000000 0.000000
0.000000 0.000000
0.000000 0.000000
0.000000 0.000000
0.000000 0.000000
0.000000 0.000000
0.000000 0.000000
0.000000 0.000000
0.000000 0.000000
0.000000 0.000000
0.000000 0.000000
0.000000 0.000000
0.000000 0.000000
0.000000 0.000000
0.000000 0.000000
0.000000 0.000000
0.000000 0.000000
0.000000 0.000000
0.000000 0.000000
0.000000 0.000000
0.000000 0.000000
0.000000 0.000000
0.000000 0.000000
0.000000 0.000000
0.000000 0.000000
0.000000 0.000000
0.000000 0.000000
0.000000 0.000000
0.000000 0.000000
0.000000 0.000000
0.000000 0.000000
0.000000 0.000000
0.000000 0.000000
0.000000 0.000000
0.000000 0.000000
0.000000 0.000000
0.000000 0.000000
0.000000 0.000000
0.000000 0.000000
0.000000 0.000000
0.000000 0.000000
0.000000 0.000000
0.000000 0.000000
0.000000 0.000000
0.000000 0.000000
0.000000 0.000000
0.000000 0.000000
0.000000 0.000000
0.000000 0.000000
0.000000 0.000000
0.000000 0.000000
0.000000 0.000000
0.000000 0.000000
0.000000 0.000000
0.000000 0.000000
0.000000 0.000000
0.000000 0.000000
0.000000 0.000000
0.000000 0.000000
0.000000 0.000000
0.000000 0.000000
0.000000 0.000000
0.000000 0.000000
0.000000 0.000000
0.000000 0.000000
0.000000 0.000000
0.000000 0.000000
0.000000 0.000000
0.000000 0.000000
0.000000 0.000000
0.000000 0.000000
0.000000 0.000000
0.000000 0.000000
0.000000 0.000000
0.000000 0.000000
0.000000 0.000000
0.000000 0.000000
0.000000 0.000000
0.000000 0.000000
0.000000 0.000000
0.000000 0.000000
0.000000 0.000000
0.000000 0.000000
0.000000 0.000000
0.000000 0.000000
0.000000 0.000000
0.000000 0.000000
0.000000 0.000000
0.000000 0.000000
0.000000 0.000000
0.000000 0.000000
0.000000 0.000000
0.000000 0.000000
0.000000 0.000000
0.000000 0.000000
0.000000 0.000000
0.000000 0.000000
0.000000 0.000000
0.000000 0.000000
0.000000 0.000000
0.000000 0.000000
0.000000 0.000000
0.000000 0.000000
0.000000 0.000000
0.000000 0.000000
0.000000 0.000000
0.000000 0.000000
0.000000 0.000000
0.000000 0.000000
0.000000 0.000000
0.000000 0.000000
0.000000 0.000000
0.000000 0.000000
0.000000 0.000000
0.000000 0.000000
0.000000 0.000000
0.000000 0.000000
0.000000 0.000000
0.000000 0.000000
0.000000 0.000000
0.000000 0.000000
0.000000 0.000000
0.000000 0.000000
0.000000 0.000000
0.000000 0.000000
0.000000 0.000000
14.874750 0.000000
29.449000 0.000000
43.722750 0.000000
57.696000 0.000000
84.741000 0.000000
97.812750 0.000000
141.159875 0.000000
169.782500 0.000000
216.585375 0.000000
301.551750 0.000000
336.409750 0.000000
361.614201 0.000000
356.430568 0.000000
259.876132 0.000000
169.049992 0.000000
184.769914 0.000000
179.586373 0.000000
145.761480 0.000000
46.878432 0.000000
0.000000 0.000000
0.000000 0.000000
0.000000 0.000000
0.000000 0.000000
0.000000 0.000000
0.000000 0.000000
0.000000 0.000000
0.000000 0.000000
0.000000 0.000000
0.000000 0.000000
0.000000 0.000000
0.000000 0.000000
0.000000 0.000000
0.000000 0.000000
0.000000 0.000000
0.000000 0.000000
0.000000 0.000000
0.000000 0.000000
0.000000 0.000000
0.000000 0.000000
0.000000 0.000000
0.000000 0.000000
0.000000 0.000000
0.909612 0.000000
1.800848 0.000000
2.673708 0.000000
3.528192 0.000000
5.581710 0.000000
6.371878 0.000000
8.632126 0.000000
10.382440 0.000000
13.366243 0.000000
15.061429 0.000000
18.883637 0.000000
20.762583 0.000000
22.131595 0.000000
21.584909 0.000000
16.965642 0.000000
9.050180 0.000000
2.781667 0.000000
0.000000 0.000000
0.000000 0.000000
0.000000 0.000000
0.000000 0.000000
0.000000 0.000000
0.000000 0.000000
0.000000 0.000000
0.000000 0.000000
0.000000 0.000000
0.000000 0.000000
0.000000 0.000000
0.000000 0.000000
0.000000 0.000000
0.000000 0.000000
0.000000 0.000000
0.000000 0.000000
0.000000 0.000000
0.000000 0.000000
0.000000 0.000000
0.000000 0.000000
0.000000 0.000000
0.000000 0.000000
0.000000 0.000000
0.000000 0.000000
0.000000 0.000000
0.000000 0.000000
0.000000 0.000000
0.000000 0.000000
0.000000 0.000000
0.000000 0.000000
0.000000 0.000000
0.000000 0.000000
0.000000 0.000000
0.000000 0.000000
0.000000 0.000000
0.000000 0.000000
0.000000 0.000000
0.000000 0.000000
0.000000 0.000000
0.000000 0.000000
0.000000 0.000000
0.000000 0.000000
0.000000 0.000000
0.000000 0.000000
0.000000 0.000000
0.000000 0.000000
0.000000 0.000000
0.000000 0.000000
0.000000 0.000000
0.000000 0.000000
0.000000 0.000000
0.000000 0.000000
0.000000 0.000000
0.000000 0.000000
0.031086 0.000000
0.061544 0.000000
0.120576 0.000000
0.176782 0.000000
0.243507 0.000000
0.294375 0.000000
0.318867 0.000000
2.514916 0.000000
4.586530 0.000000
8.608595 0.000000
12.434207 0.000000
14.295343 0.000000
17.815263 0.000000
22.685443 0.000000
26.311814 0.000000
31.079506 0.000000
39.314100 0.000000
45.533754 0.000000
50.093434 0.000000
52.021313 0.000000
47.939680 0.000000
35.873399 0.000000
18.816686 0.000000
23.050719 0.000000
25.924172 0.000000
27.405484 0.000000
24.471391 0.000000
10.902145 0.000000
1.624368 0.000000
0.257378 0.000000
0.382127 0.000000
0.504250 0.000000
0.682138 0.000000
0.965083 0.000000
1.280168 0.000000
1.792875 0.000000
1.953031 0.000000
2.426725 0.000000
2.835140 0.000000
3.075961 0.000000
2.794428 0.000000
1.492088 0.000000
0.906680 0.000000
0.281291 0.000000
0.337630 0.000000
0.445144 0.000000
0.512883 0.000000
0.593416 0.000000
0.668332 0.000000
0.713357 0.000000
0.710736 0.000000
0.656042 0.000000
0.486453 0.000000
0.412761 0.000000
0.177341 0.000000
0.114648 0.000000
0.011935 0.000000
0.015749 0.000000
0.026699 0.000000
0.036911 0.000000
0.046385 0.000000
0.064400 0.000000
0.074820 0.000000
0.086127 0.000000
0.100495 0.000000
0.100511 0.000000
0.068515 0.000000
0.007680 0.000000
0.000000 0.000000
0.000000 0.000000
0.000000 0.000000
0.000000 0.000000
0.000000 0.000000
0.000000 0.000000
0.000000 0.000000
0.000000 0.000000
0.000000 0.000000
0.000000 0.000000
0.000000 0.000000
0.000000 0.000000
0.000000 0.000000
0.000000 0.000000
0.000000 0.000000
0.000000 0.000000
0.000000 0.000000
0.000000 0.000000
0.000000 0.000000
0.000000 0.000000
0.000000 0.000000
0.000000 0.000000
0.000000 0.000000
0.000000 0.000000
0.000000 0.000000
0.000000 0.000000
0.000000 0.000000
0.000000 0.000000
0.000000 0.000000
0.000000 0.000000
0.000000 0.000000
0.000000 0.000000
0.000000 0.000000
0.000000 0.000000
0.000000 0.000000
0.000000 0.000000
0.000000 0.000000
0.000000 0.000000
0.000000 0.000000
0.000000 0.000000
0.000000 0.000000
