7444604.830107 0.000000
7189588.062562 0.000000
7121747.703097 0.000000
7126980.794885 0.000000
7072425.332210 0.000000
6876805.939934 0.000000
6836315.763098 0.000000
6803331.508928 0.000000
6761040.914067 0.000000
6636036.867789 0.000000
6468576.957072 0.000000
6258647.097144 0.000000
6030473.761325 0.000000
5897116.146048 0.000000
5616470.327855 0.000000
5521820.830089 0.000000
5301755.726344 0.000000
5291016.841099 0.000000
4685540.125161 0.000000
4240276.784137 0.000000
4571285.932104 0.000000
4636225.400909 0.000000
4004800.394239 0.000000
3626598.229517 0.000000
3656003.318867 0.000000
3344475.049872 0.000000
2807170.830644 0.000000
2456296.933291 0.000000
2215463.258805 0.000000
2027605.984284 0.000000
1542681.679427 0.000000
1041422.428083 0.000000
828807.770188 0.000000
978612.980044 0.000000
1110471.675173 0.000000
1183871.692983 0.000000
1197741.264839 0.000000
1041927.695159 0.000000
836361.692234 0.000000
716040.756127 0.000000
760508.706954 0.000000
734366.668155 0.000000
616337.371035 0.000000
391397.425532 0.000000
173652.652093 0.000000
78215.110040 0.000000
100852.971983 0.000000
126797.830573 0.000000
153950.987355 0.000000
174312.034573 0.000000
199334.599591 0.000000
226518.580152 0.000000
243500.839928 0.000000
244389.748535 0.000000
212567.176828 0.000000
140820.498620 0.000000
130632.608921 0.000000
135320.691447 0.000000
131829.064264 0.000000
104493.291732 0.000000
61930.764374 0.000000
34154.498616 0.000000
42257.702836 0.000000
52398.556912 0.000000
57991.562713 0.000000
63782.045028 0.000000
67099.590687 0.000000
63184.406343 0.000000
46742.055522 0.000000
21657.625212 0.000000
3136.937131 0.000000
4262.921985 0.000000
6021.091018 0.000000
8816.395125 0.000000
12625.506321 0.000000
16403.990702 0.000000
21118.335611 0.000000
24396.733776 0.000000
30265.021886 0.000000
36122.619896 0.000000
41225.001716 0.000000
46212.471388 0.000000
50157.902830 0.000000
52234.225637 0.000000
49425.460874 0.000000
37699.232902 0.000000
29655.014342 0.000000
23979.772778 0.000000
14472.020472 0.000000
17347.406091 0.000000
20583.519132 0.000000
25175.937851 0.000000
31426.569883 0.000000
36678.570620 0.000000
43021.436183 0.000000
47818.153920 0.000000
48028.500005 0.000000
44954.904227 0.000000
36759.384255 0.000000
22974.915670 0.000000
7194.306989 0.000000
7058.013141 0.000000
7776.197439 0.000000
9296.382242 0.000000
10785.219671 0.000000
11948.149357 0.000000
13354.827191 0.000000
14221.864332 0.000000
14426.147333 0.000000
12124.702819 0.000000
7218.905191 0.000000
3999.840606 0.000000
2926.350156 0.000000
3346.852344 0.000000
3706.234719 0.000000
4069.897821 0.000000
4235.502000 0.000000
3826.686696 0.000000
1182.888969 0.000000
137.791505 0.000000
149.746169 0.000000
173.347657 0.000000
207.980289 0.000000
295.288938 0.000000
373.521034 0.000000
433.859967 0.000000
563.284486 0.000000
721.150261 0.000000
856.231765 0.000000
942.354778 0.000000
7664781.232949 0.000000
1056.970465 0.000000
7625036.066327 0.000000
1168.419815 0.000000
7512791.890299 0.000000
1210.276674 0.000000
1112.318165 0.000000
7186375.446798 0.000000
755.235105 0.000000
6965550.861305 0.000000
397.308830 0.000000
143.788552 0.000000
6958689.491675 0.000000
0.000000 0.000000
0.000000 0.000000
0.000000 0.000000
7157768.576640 0.000000
0.000000 0.000000
0.000000 0.000000
7271940.711671 0.000000
0.000000 0.000000
0.000000 0.000000
7359351.782276 0.000000
0.000000 0.000000
0.000000 0.000000
0.000000 0.000000
7142138.195861 0.000000
0.000000 0.000000
0.000000 0.000000
6948984.113942 0.000000
0.000000 0.000000
0.000000 0.000000
6882894.535544 0.000000
0.000000 0.000000
0.000000 0.000000
0.000000 0.000000
6639394.940162 0.000000
833.330378 0.000000
1659.967339 0.000000
6636126.037983 0.000000
2479.910884 0.000000
6534980.624475 0.000000
2886.535786 0.000000
3696.439207 0.000000
4499.649211 0.000000
6188476.941075 0.000000
6085.988969 0.000000
8028.753014 0.000000
6570451.563246 0.000000
11054.177368 0.000000
14685.355936 0.000000
6176622.911599 0.000000
18811.847076 0.000000
22993.558815 0.000000
6121023.103925 0.000000
30416.557190 0.000000
36838.053741 0.000000
6102148.590149 0.000000
43374.175050 0.000000
49219.620156 0.000000
6062546.881658 0.000000
50672.092323 0.000000
47057.649385 0.000000
6010089.289616 0.000000
33905.507596 0.000000
5687960.756444 0.000000
18924.806818 0.000000
2763.546297 0.000000
5164394.934416 0.000000
0.000000 0.000000
0.000000 0.000000
5341242.131558 0.000000
0.000000 0.000000
0.000000 0.000000
0.000000 0.000000
5252944.882082 0.000000
0.000000 0.000000
0.000000 0.000000
4983022.712271 0.000000
0.000000 0.000000
0.000000 0.000000
4868057.088894 0.000000
0.000000 0.000000
4693441.906167 0.000000
0.000000 0.000000
0.000000 0.000000
4456079.156505 0.000000
0.000000 0.000000
0.000000 0.000000
4349738.206024 0.000000
0.000000 0.000000
0.000000 0.000000
4572390.532295 0.000000
0.000000 0.000000
0.000000 0.000000
4728120.466309 0.000000
0.000000 0.000000
0.000000 0.000000
5040747.131775 0.000000
0.000000 0.000000
0.000000 0.000000
4914608.181882 0.000000
0.000000 0.000000
0.000000 0.000000
4892328.821015 0.000000
0.000000 0.000000
0.000000 0.000000
4675277.761810 0.000000
0.000000 0.000000
0.000000 0.000000
4653853.249519 0.000000
0.000000 0.000000
0.000000 0.000000
4740456.074195 0.000000
0.000000 0.000000
0.000000 0.000000
4627788.482688 0.000000
0.000000 0.000000
4354493.063204 0.000000
0.000000 0.000000
0.000000 0.000000
4030893.979953 0.000000
0.000000 0.000000
0.000000 0.000000
3964785.463008 0.000000
0.000000 0.000000
0.000000 0.000000
3444876.007237 0.000000
0.000000 0.000000
2735692.209872 0.000000
0.000000 0.000000
0.000000 0.000000
1701229.963699 0.000000
0.000000 0.000000
682908.441860 0.000000
0.000000 0.000000
757886.740742 0.000000
0.000000 0.000000
992659.996372 0.000000
0.000000 0.000000
1320886.536548 0.000000
0.000000 0.000000
0.000000 0.000000
1661581.519171 0.000000
0.000000 0.000000
2096395.495314 0.000000
0.000000 0.000000
2411530.142633 0.000000
0.000000 0.000000
0.000000 0.000000
2865018.501735 0.000000
0.000000 0.000000
2845344.395116 0.000000
0.000000 0.000000
2296654.014137 0.000000
0.000000 0.000000
0.000000 0.000000
2306809.119639 0.000000
0.000000 0.000000
2408974.369490 0.000000
0.000000 0.000000
2533893.331395 0.000000
4433.835214 0.000000
2952343.961029 0.000000
8832.057293 0.000000
13194.666238 0.000000
3220225.347955 0.000000
15358.164143 0.000000
3177992.348875 0.000000
21795.238158 0.000000
3189541.273993 0.000000
26051.007700 0.000000
3401493.194039 0.000000
34455.707382 0.000000
48798.897200 0.000000
3768503.983516 0.000000
66596.561039 0.000000
3604158.420241 0.000000
79817.937127 0.000000
3541818.237780 0.000000
106928.435572 0.000000
133549.253420 0.000000
3922622.224206 0.000000
165147.006779 0.000000
4149741.843712 0.000000
199522.584610 0.000000
229691.360958 0.000000
4062372.333928 0.000000
263336.869536 0.000000
3976017.868452 0.000000
269315.424446 0.000000
3879591.071532 0.000000
255639.980895 0.000000
169209.129821 0.000000
84236.577645 0.000000
0.000000 0.000000
0.000000 0.000000
0.000000 0.000000
0.000000 0.000000
0.000000 0.000000
0.000000 0.000000
0.000000 0.000000
0.000000 0.000000
0.000000 0.000000
0.000000 0.000000
0.000000 0.000000
0.000000 0.000000
0.000000 0.000000
0.000000 0.000000
0.000000 0.000000
0.000000 0.000000
0.000000 0.000000
0.000000 0.000000
0.000000 0.000000
0.000000 0.000000
0.000000 0.000000
0.000000 0.000000
0.000000 0.000000
0.000000 0.000000
0.000000 0.000000
0.000000 0.000000
0.000000 0.000000
0.000000 0.000000
0.000000 0.000000
0.000000 0.000000
0.000000 0.000000
0.000000 0.000000
0.000000 0.000000
0.000000 0.000000
0.000000 0.000000
0.000000 0.000000
0.000000 0.000000
0.000000 0.000000
0.000000 0.000000
0.000000 0.000000
0.000000 0.000000
0.000000 0.000000
0.000000 0.000000
15.030138 0.000000
29.939552 0.000000
44.728242 0.000000
73.943450 0.000000
109.768297 0.000000
158.631336 0.000000
205.985325 0.000000
270.542280 0.000000
349.918138 0.000000
394.638720 0.000000
504.935170 0.000000
594.685704 0.000000
654.979821 0.000000
740.693965 0.000000
832.818000 0.000000
878.434609 0.000000
840.301666 0.000000
611.393566 0.000000
423.628281 0.000000
195.649194 0.000000
0.000000 0.000000
0.000000 0.000000
0.000000 0.000000
0.000000 0.000000
0.000000 0.000000
0.000000 0.000000
0.000000 0.000000
0.000000 0.000000
0.000000 0.000000
16559.344748 0.000000
32985.682710 0.000000
49279.013888 0.000000
49279.013888 0.000000
81466.655887 0.000000
97360.966709 0.000000
159608.142146 0.000000
234424.458777 0.000000
333315.003373 0.000000
419004.624597 0.000000
523049.182249 0.000000
634492.242265 0.000000
747082.485827 0.000000
845640.513562 0.000000
967374.973716 0.000000
1002638.397813 0.000000
950383.357572 0.000000
706964.316003 0.000000
536549.373288 0.000000
552360.554871 0.000000
491110.929849 0.000000
343024.499532 0.000000
93503.770595 0.000000
0.000000 0.000000
0.000000 0.000000
0.000000 0.000000
0.000000 0.000000
0.000000 0.000000
0.000000 0.000000
0.000000 0.000000
0.000000 0.000000
0.000000 0.000000
0.000000 0.000000
0.000000 0.000000
0.000000 0.000000
0.000000 0.000000
0.000000 0.000000
0.000000 0.000000
0.000000 0.000000
0.000000 0.000000
0.000000 0.000000
0.000000 0.000000
0.000000 0.000000
0.000000 0.000000
0.000000 0.000000
0.000000 0.000000
0.000000 0.000000
0.000000 0.000000
0.000000 0.000000
0.000000 0.000000
0.000000 0.000000
2.234277 0.000000
4.450608 0.000000
8.829432 0.000000
15.318996 0.000000
20.554176 0.000000
23.690387 0.000000
31.204666 0.000000
43.200583 0.000000
55.822401 0.000000
69.946382 0.000000
87.853757 0.000000
96.673852 0.000000
113.980838 0.000000
126.107917 0.000000
136.749254 0.000000
134.967348 0.000000
115.542993 0.000000
51.387776 0.000000
5.281712 0.000000
13.920187 0.000000
13.920187 0.000000
27.728565 0.000000
55.009895 0.000000
68.482847 0.000000
108.230851 0.000000
159.662867 0.000000
221.437190 0.000000
257.104397 0.000000
274.295315 0.000000
341.380728 0.000000
391.038093 0.000000
440.849013 0.000000
537.493993 0.000000
656.011456 0.000000
746.366868 0.000000
815.519950 0.000000
817.139710 0.000000
734.154457 0.000000
471.916428 0.000000
435.018583 0.000000
393.994993 0.000000
252.327114 0.000000
140.106260 0.000000
163.990088 0.000000
188.712383 0.000000
211.911656 0.000000
218.798474 0.000000
197.790835 0.000000
124.495321 0.000000
74.732869 0.000000
12.315483 0.000000
0.000000 0.000000
0.000000 0.000000
0.000000 0.000000
0.000000 0.000000
0.000000 0.000000
0.000000 0.000000
0.000000 0.000000
0.000000 0.000000
0.000000 0.000000
0.000000 0.000000
0.000000 0.000000
0.000000 0.000000
0.000000 0.000000
0.000000 0.000000
0.000000 0.000000
0.000000 0.000000
0.000000 0.000000
0.000000 0.000000
0.000000 0.000000
0.000000 0.000000
0.000000 0.000000
0.000000 0.000000
0.000000 0.000000
0.000000 0.000000
0.000000 0.000000
0.000000 0.000000
0.000000 0.000000
0.000000 0.000000
0.000000 0.000000
0.000000 0.000000
0.000000 0.000000
0.000000 0.000000
0.000000 0.000000
0.000000 0.000000
0.000000 0.000000
0.000000 0.000000
0.000000 0.000000
0.000000 0.000000
0.000000 0.000000
201333.013058 0.000000
0.000000 0.000000
37989.641146 0.000000
0.000000 0.000000
45.613980 0.000000
0.000000 0.000000
59.161260 0.000000
0.000000 0.000000
209.350836 0.000000
0.000000 0.000000
377.384480 0.000000
0.000000 0.000000
538.284124 0.000000
0.000000 0.000000
0.000000 0.000000
822.236789 0.000000
0.000000 0.000000
998.839768 0.000000
0.000000 0.000000
1179.292100 0.000000
0.000000 0.000000
1750.221524 0.000000
0.000000 0.000000
2177.012599 0.000000
0.000000 0.000000
2462.142520 0.000000
0.000000 0.000000
0.000000 0.000000
2961.743301 0.000000
0.000000 0.000000
3245.696540 0.000000
0.000000 0.000000
7491.757014 0.000000
0.000000 0.000000
8008.551833 0.000000
0.000000 0.000000
12589.466846 0.000000
0.000000 0.000000
17304.504311 0.000000
0.000000 0.000000
0.000000 0.000000
18052.327230 0.000000
0.000000 0.000000
18836.237922 0.000000
0.000000 0.000000
19542.762792 0.000000
0.000000 0.000000
23778.801908 0.000000
0.000000 0.000000
0.000000 0.000000
31194.401372 0.000000
0.000000 0.000000
37423.717686 0.000000
0.000000 0.000000
8762.024626 0.000000
0.000000 0.000000
9124.288758 0.000000
0.000000 0.000000
16885.362216 0.000000
0.000000 0.000000
19846.940251 0.000000
0.000000 0.000000
0.000000 0.000000
13783.803685 0.000000
722.228438 0.000000
519.321246 0.000000
568.877858 0.000000
701.802118 0.000000
1032.708413 0.000000
1411.729749 0.000000
1804.045786 0.000000
2189.282290 0.000000
2670.329071 0.000000
3021.004625 0.000000
3259.871446 0.000000
3726.365396 0.000000
3922.460615 0.000000
3838.304268 0.000000
3222.397108 0.000000
1891.849181 0.000000
2093.055821 0.000000
2187.539697 0.000000
6047.751709 0.000000
9439.425608 0.000000
627.789303 0.000000
489.676049 0.000000
560.201540 0.000000
613.356854 0.000000
757.895940 0.000000
4729.016179 0.000000
8723.448703 0.000000
16445.662472 0.000000
20293.072649 0.000000
27714.999275 0.000000
34896.037522 0.000000
41646.091884 0.000000
52031.469498 0.000000
62145.586788 0.000000
71837.172346 0.000000
87728.674877 0.000000
99985.575216 0.000000
122926.794070 0.000000
146299.037689 0.000000
187371.023969 0.000000
217180.219844 0.000000
234441.344318 0.000000
243365.773757 0.000000
233880.706943 0.000000
194908.518491 0.000000
88315.160855 0.000000
97320.922942 0.000000
120589.803592 0.000000
139460.326653 0.000000
159095.560647 0.000000
184638.854808 0.000000
208761.163890 0.000000
227866.563999 0.000000
243589.582952 0.000000
230115.618278 0.000000
168390.958556 0.000000
7149.039811 0.000000
3403.004994 0.000000
3436.818080 0.000000
2937.277563 0.000000
1589.530776 0.000000
1831.235216 0.000000
1899.418334 0.000000
1873.702378 0.000000
1556.714209 0.000000
5130.083087 0.000000
9039.595077 0.000000
16601.782229 0.000000
16204.526677 0.000000
23317.028289 0.000000
27090.032220 0.000000
34618.884418 0.000000
34640.326672 0.000000
42155.405646 0.000000
53168.511303 0.000000
64073.453886 0.000000
85337.302568 0.000000
0.000000 0.000000
0.000000 0.000000
0.000000 0.000000
0.000000 0.000000
0.000000 0.000000
0.000000 0.000000
0.000000 0.000000
0.000000 0.000000
0.000000 0.000000
0.000000 0.000000
0.000000 0.000000
0.000000 0.000000
0.000000 0.000000
0.000000 0.000000
0.000000 0.000000
0.000000 0.000000
0.000000 0.000000
0.000000 0.000000
0.000000 0.000000
0.000000 0.000000
0.000000 0.000000
0.000000 0.000000
0.000000 0.000000
0.000000 0.000000
0.000000 0.000000
0.000000 0.000000
0.000000 0.000000
0.000000 0.000000
0.000000 0.000000
7886.627104 0.000000
15709.907806 0.000000
23469.842105 0.000000
31166.430002 0.000000
31166.430002 0.000000
38799.671497 0.000000
46369.566589 0.000000
75984.009735 0.000000
86800.407954 0.000000
100926.655702 0.000000
119970.167939 0.000000
136614.435185 0.000000
157304.953890 0.000000
217769.095029 0.000000
273110.096011 0.000000
330272.305906 0.000000
377211.990107 0.000000
421772.225049 0.000000
440831.573872 0.000000
411284.436226 0.000000
290118.604714 0.000000
271308.682802 0.000000
204569.760233 0.000000
75140.713402 0.000000
0.000000 0.000000
0.000000 0.000000
0.000000 0.000000
0.000000 0.000000
0.000000 0.000000
0.000000 0.000000
0.000000 0.000000
0.000000 0.000000
0.000000 0.000000
0.000000 0.000000
0.000000 0.000000
0.000000 0.000000
0.000000 0.000000
0.000000 0.000000
0.000000 0.000000
0.000000 0.000000
0.000000 0.000000
0.000000 0.000000
0.000000 0.000000
0.000000 0.000000
0.000000 0.000000
0.000000 0.000000
0.000000 0.000000
0.000000 0.000000
0.000000 0.000000
0.000000 0.000000
14.181048 0.000000
28.248192 0.000000
42.201432 0.000000
69.766200 0.000000
83.377728 0.000000
110.259072 0.000000
130.106844 0.000000
169.062012 0.000000
274.308770 0.000000
298.456418 0.000000
359.360192 0.000000
441.197891 0.000000
543.002936 0.000000
644.444473 0.000000
723.521021 0.000000
815.359028 0.000000
898.826502 0.000000
925.475095 0.000000
830.568854 0.000000
573.488177 0.000000
331.233935 0.000000
0.000000 0.000000
0.000000 0.000000
4345.297687 0.000000
8655.693385 0.000000
8655.693385 0.000000
12931.187093 0.000000
12931.187093 0.000000
17171.778811 0.000000
21377.468540 0.000000
21377.468540 0.000000
29684.142030 0.000000
43880.526241 0.000000
51768.375857 0.000000
68966.331161 0.000000
97725.570471 0.000000
124338.337429 0.000000
139468.349857 0.000000
163607.438313 0.000000
189923.538361 0.000000
223586.507189 0.000000
247516.183709 0.000000
249732.460039 0.000000
206573.968701 0.000000
134675.870457 0.000000
135368.456767 0.000000
122640.137384 0.000000
91256.704576 0.000000
28685.072125 0.000000
33051.265502 0.000000
41745.566297 0.000000
50360.576793 0.000000
56380.648277 0.000000
61320.178452 0.000000
65020.685987 0.000000
63122.124481 0.000000
50361.787006 0.000000
44929.897339 0.000000
44495.982855 0.000000
36269.870403 0.000000
19160.136877 0.000000
19796.220313 0.000000
23853.725459 0.000000
28126.155261 0.000000
31450.154882 0.000000
33989.794262 0.000000
34095.946350 0.000000
27671.633141 0.000000
22096.604623 0.000000
21758.518923 0.000000
28221.550258 0.000000
32067.773697 0.000000
33767.897605 0.000000
31529.844928 0.000000
25325.835877 0.000000
13072.103347 0.000000
5066.780999 0.000000
0.000000 0.000000
0.000000 0.000000
0.000000 0.000000
0.000000 0.000000
0.000000 0.000000
0.000000 0.000000
0.000000 0.000000
0.000000 0.000000
0.000000 0.000000
0.000000 0.000000
0.000000 0.000000
0.000000 0.000000
0.000000 0.000000
0.000000 0.000000
0.000000 0.000000
0.000000 0.000000
0.000000 0.000000
0.000000 0.000000
0.000000 0.000000
0.000000 0.000000
0.000000 0.000000
0.000000 0.000000
0.000000 0.000000
0.000000 0.000000
0.000000 0.000000
0.000000 0.000000
0.000000 0.000000
0.000000 0.000000
0.000000 0.000000
0.000000 0.000000
0.000000 0.000000
0.000000 0.000000
1.271643 0.000000
2.533072 0.000000
3.784287 0.000000
5.025288 0.000000
6.256075 0.000000
8.687007 0.000000
11.666826 0.000000
16.293549 0.000000
20.207967 0.000000
25.595872 0.000000
33.187362 0.000000
41.943103 0.000000
48.993302 0.000000
57.996858 0.000000
68.081844 0.000000
74.758089 0.000000
77.823926 0.000000
405.319402 0.000000
75.661294 0.000000
300.048604 0.000000
59.990167 0.000000
157.905613 0.000000
30.211955 0.000000
123.391391 0.000000
9.069990 0.000000
77.317310 0.000000
0.000000 0.000000
64.045371 0.000000
0.000000 0.000000
23.140157 0.000000
0.000000 0.000000
0.000000 0.000000
0.000000 0.000000
2.490996 0.000000
0.000000 0.000000
2.490996 0.000000
0.000000 0.000000
4.961984 0.000000
0.000000 0.000000
7.412964 0.000000
0.000000 0.000000
9.843936 0.000000
0.000000 0.000000
12.254900 0.000000
0.000000 0.000000
17.016804 0.000000
0.000000 0.000000
19.367744 0.000000
0.000000 0.000000
21.698676 0.000000
0.000000 0.000000
26.300516 0.000000
0.000000 0.000000
37.454976 0.000000
0.000000 0.000000
47.063818 0.000000
0.000000 0.000000
60.706773 0.000000
0.000000 0.000000
77.463473 0.000000
94.537800 0.000000
0.000000 0.000000
113.377833 0.000000
0.000000 0.000000
131.014885 0.000000
148.541893 0.000000
0.000000 0.000000
154.006578 0.000000
0.000000 0.000000
139.695856 0.000000
94.132638 0.000000
0.000000 0.000000
44.870441 0.000000
0.000000 0.000000
0.000000 0.000000
0.000000 0.000000
0.000000 0.000000
0.000000 0.000000
0.000000 0.000000
0.000000 0.000000
0.000000 0.000000
0.000000 0.000000
0.000000 0.000000
0.000000 0.000000
0.000000 0.000000
0.000000 0.000000
0.000000 0.000000
0.000000 0.000000
0.000000 0.000000
0.000000 0.000000
0.000000 0.000000
0.000000 0.000000
0.000000 0.000000
0.000000 0.000000
0.000000 0.000000
0.000000 0.000000
0.000000 0.000000
0.000000 0.000000
0.000000 0.000000
0.000000 0.000000
0.000000 0.000000
0.000000 0.000000
0.000000 0.000000
0.000000 0.000000
0.000000 0.000000
0.000000 0.000000
0.000000 0.000000
0.000000 0.000000
0.000000 0.000000
0.000000 0.000000
0.000000 0.000000
0.000000 0.000000
0.000000 0.000000
0.000000 0.000000
0.000000 0.000000
0.000000 0.000000
0.000000 0.000000
0.000000 0.000000
0.000000 0.000000
0.000000 0.000000
0.000000 0.000000
0.000000 0.000000
0.000000 0.000000
0.000000 0.000000
0.000000 0.000000
0.000000 0.000000
0.000000 0.000000
0.000000 0.000000
0.000000 0.000000
0.000000 0.000000
0.000000 0.000000
0.000000 0.000000
0.000000 0.000000
0.000000 0.000000
0.000000 0.000000
0.000000 0.000000
0.000000 0.000000
0.000000 0.000000
0.000000 0.000000
0.000000 0.000000
0.000000 0.000000
0.000000 0.000000
0.000000 0.000000
0.000000 0.000000
0.000000 0.000000
0.000000 0.000000
0.000000 0.000000
0.000000 0.000000
0.000000 0.000000
0.000000 0.000000
0.000000 0.000000
0.000000 0.000000
0.000000 0.000000
0.000000 0.000000
0.000000 0.000000
0.000000 0.000000
8.267547 0.000000
16.468688 0.000000
24.603423 0.000000
40.673675 0.000000
52.543629 0.000000
83.488829 0.000000
117.007152 0.000000
138.622311 0.000000
183.363266 0.000000
225.281979 0.000000
275.667309 0.000000
330.028875 0.000000
402.892821 0.000000
463.006943 0.000000
503.000193 0.000000
512.297516 0.000000
450.458223 0.000000
254.886762 0.000000
52.902273 0.000000
14.120001 0.000000
21.823329 0.000000
31.979711 0.000000
38.176509 0.000000
48.312216 0.000000
62.332929 0.000000
78.600921 0.000000
93.009494 0.000000
104.842776 0.000000
115.100674 0.000000
123.980259 0.000000
124.334316 0.000000
106.778051 0.000000
82.025070 0.000000
77.879405 0.000000
86.477136 0.000000
96.849172 0.000000
92.274643 0.000000
75.425873 0.000000
61.194943 0.000000
0.000000 0.000000
0.000000 0.000000
0.000000 0.000000
0.000000 0.000000
0.000000 0.000000
0.000000 0.000000
0.000000 0.000000
0.000000 0.000000
0.000000 0.000000
0.000000 0.000000
0.000000 0.000000
0.000000 0.000000
0.000000 0.000000
0.000000 0.000000
0.000000 0.000000
0.000000 0.000000
0.000000 0.000000
0.000000 0.000000
0.000000 0.000000
0.000000 0.000000
0.000000 0.000000
0.000000 0.000000
0.000000 0.000000
0.000000 0.000000
0.000000 0.000000
0.000000 0.000000
0.000000 0.000000
0.000000 0.000000
0.000000 0.000000
0.000000 0.000000
0.000000 0.000000
0.000000 0.000000
0.000000 0.000000
0.000000 0.000000
0.000000 0.000000
0.000000 0.000000
0.000000 0.000000
0.000000 0.000000
0.000000 0.000000
0.000000 0.000000
0.000000 0.000000
0.000000 0.000000
0.000000 0.000000
0.000000 0.000000
0.000000 0.000000
0.000000 0.000000
0.000000 0.000000
0.000000 0.000000
0.000000 0.000000
0.000000 0.000000
0.000000 0.000000
0.000000 0.000000
0.000000 0.000000
0.000000 0.000000
0.000000 0.000000
0.000000 0.000000
0.000000 0.000000
0.000000 0.000000
0.000000 0.000000
0.000000 0.000000
0.000000 0.000000
0.000000 0.000000
0.000000 0.000000
0.000000 0.000000
0.000000 0.000000
0.000000 0.000000
0.000000 0.000000
0.000000 0.000000
0.000000 0.000000
0.000000 0.000000
0.000000 0.000000
0.000000 0.000000
0.000000 0.000000
0.000000 0.000000
0.000000 0.000000
0.000000 0.000000
0.000000 0.000000
0.000000 0.000000
0.000000 0.000000
0.000000 0.000000
0.000000 0.000000
0.000000 0.000000
0.000000 0.000000
0.000000 0.000000
0.000000 0.000000
0.000000 0.000000
0.000000 0.000000
0.000000 0.000000
0.000000 0.000000
0.000000 0.000000
0.000000 0.000000
0.000000 0.000000
0.000000 0.000000
0.000000 0.000000
0.000000 0.000000
0.000000 0.000000
0.000000 0.000000
0.000000 0.000000
0.000000 0.000000
0.000000 0.000000
0.000000 0.000000
0.000000 0.000000
0.000000 0.000000
0.000000 0.000000
0.000000 0.000000
0.000000 0.000000
0.000000 0.000000
0.000000 0.000000
0.000000 0.000000
0.000000 0.000000
0.000000 0.000000
0.000000 0.000000
0.000000 0.000000
0.000000 0.000000
0.000000 0.000000
0.000000 0.000000
0.000000 0.000000
0.000000 0.000000
0.000000 0.000000
0.000000 0.000000
0.000000 0.000000
0.000000 0.000000
0.000000 0.000000
0.000000 0.000000
0.000000 0.000000
0.000000 0.000000
0.000000 0.000000
0.000000 0.000000
0.000000 0.000000
0.000000 0.000000
0.000000 0.000000
0.000000 0.000000
0.000000 0.000000
0.000000 0.000000
0.000000 0.000000
0.000000 0.000000
0.000000 0.000000
0.000000 0.000000
0.000000 0.000000
0.000000 0.000000
0.000000 0.000000
0.000000 0.000000
0.000000 0.000000
0.000000 0.000000
0.000000 0.000000
0.000000 0.000000
0.000000 0.000000
0.000000 0.000000
0.000000 0.000000
0.000000 0.000000
0.000000 0.000000
0.000000 0.000000
0.000000 0.000000
0.000000 0.000000
0.000000 0.000000
0.000000 0.000000
0.000000 0.000000
0.000000 0.000000
0.000000 0.000000
0.000000 0.000000
0.000000 0.000000
0.000000 0.000000
0.000000 0.000000
0.000000 0.000000
0.000000 0.000000
0.000000 0.000000
0.000000 0.000000
0.000000 0.000000
0.000000 0.000000
0.000000 0.000000
0.000000 0.000000
0.000000 0.000000
0.000000 0.000000
0.000000 0.000000
0.000000 0.000000
0.000000 0.000000
0.000000 0.000000
0.000000 0.000000
0.000000 0.000000
0.000000 0.000000
0.000000 0.000000
0.000000 0.000000
0.000000 0.000000
0.000000 0.000000
0.000000 0.000000
0.000000 0.000000
0.000000 0.000000
0.000000 0.000000
0.000000 0.000000
0.000000 0.000000
0.000000 0.000000
0.000000 0.000000
0.000000 0.000000
0.000000 0.000000
0.000000 0.000000
0.000000 0.000000
0.000000 0.000000
0.000000 0.000000
0.000000 0.000000
0.000000 0.000000
0.000000 0.000000
0.000000 0.000000
0.000000 0.000000
0.000000 0.000000
0.000000 0.000000
0.000000 0.000000
0.000000 0.000000
0.000000 0.000000
0.000000 0.000000
0.000000 0.000000
0.000000 0.000000
0.000000 0.000000
0.000000 0.000000
0.000000 0.000000
0.000000 0.000000
0.000000 0.000000
0.000000 0.000000
0.000000 0.000000
0.000000 0.000000
213.082883 0.000000
0.000000 0.000000
166.649550 0.000000
0.000000 0.000000
0.000000 0.000000
83.695928 0.000000
0.000000 0.000000
19.248345 0.000000
0.000000 0.000000
0.000000 0.000000
0.000000 0.000000
0.000000 0.000000
0.000000 0.000000
0.000000 0.000000
0.000000 0.000000
0.000000 0.000000
0.000000 0.000000
0.000000 0.000000
0.000000 0.000000
0.000000 0.000000
0.000000 0.000000
0.000000 0.000000
0.000000 0.000000
0.000000 0.000000
0.000000 0.000000
0.000000 0.000000
0.000000 0.000000
0.000000 0.000000
0.000000 0.000000
0.000000 0.000000
0.000000 0.000000
0.000000 0.000000
0.000000 0.000000
0.000000 0.000000
0.000000 0.000000
0.000000 0.000000
0.000000 0.000000
0.000000 0.000000
0.000000 0.000000
0.000000 0.000000
0.000000 0.000000
0.000000 0.000000
0.000000 0.000000
0.000000 0.000000
0.000000 0.000000
0.000000 0.000000
0.000000 0.000000
0.000000 0.000000
0.000000 0.000000
0.000000 0.000000
0.000000 0.000000
0.000000 0.000000
0.000000 0.000000
0.000000 0.000000
0.000000 0.000000
0.000000 0.000000
0.000000 0.000000
0.000000 0.000000
0.000000 0.000000
0.000000 0.000000
0.000000 0.000000
0.000000 0.000000
0.000000 0.000000
0.000000 0.000000
0.000000 0.000000
0.000000 0.000000
0.000000 0.000000
0.000000 0.000000
0.000000 0.000000
0.000000 0.000000
0.000000 0.000000
0.000000 0.000000
0.000000 0.000000
0.000000 0.000000
0.000000 0.000000
0.000000 0.000000
3.378681 0.000000
6.730224 0.000000
10.054629 0.000000
16.622025 0.000000
26.269584 0.000000
41.806089 0.000000
44.831976 0.000000
60.985976 0.000000
73.584889 0.000000
82.995081 0.000000
98.328216 0.000000
116.151144 0.000000
144.300165 0.000000
162.591376 0.000000
184.518917 0.000000
4124.145920 0.000000
8022.695884 0.000000
15774.093249 0.000000
23335.889420 0.000000
30759.023092 0.000000
38077.752530 0.000000
48886.398605 0.000000
66280.361078 0.000000
79632.123943 0.000000
92471.678151 0.000000
113723.060151 0.000000
146557.911356 0.000000
172669.961373 0.000000
198610.327030 0.000000
219223.559466 0.000000
238960.110344 0.000000
249422.468871 0.000000
240173.556505 0.000000
186394.497431 0.000000
45382.236698 0.000000
514.731853 0.000000
418.608123 0.000000
190.273445 0.000000
107.397104 0.000000
149.667671 0.000000
208.829014 0.000000
270.101788 0.000000
332.119140 0.000000
458.507687 0.000000
615.875589 0.000000
740.754798 0.000000
873.157604 0.000000
1072.110814 0.000000
1272.728644 0.000000
1416.778703 0.000000
1527.038852 0.000000
1565.108141 0.000000
1471.267664 0.000000
1488.076740 0.000000
1571.904688 0.000000
1512.637941 0.000000
1174.215514 0.000000
999.044398 0.000000
940.132383 0.000000
718.155220 0.000000
452.461743 0.000000
513.675827 0.000000
581.921798 0.000000
626.766316 0.000000
641.727442 0.000000
596.795041 0.000000
590.882755 0.000000
513.484880 0.000000
300.709573 0.000000
232.102652 0.000000
168.815821 0.000000
150.977641 0.000000
162.917202 0.000000
170.602196 0.000000
138.375722 0.000000
33.767843 0.000000
5.804737 0.000000
10.423943 0.000000
