1125714.419297 0.000000
1020401.802623 0.000000
933211.007152 0.000000
842134.116921 0.000000
723583.853243 0.000000
645629.229147 0.000000
580672.994260 0.000000
546555.650700 0.000000
501802.574315 0.000000
459884.791820 0.000000
417828.271972 0.000000
359720.331714 0.000000
335121.926169 0.000000
305817.465468 0.000000
268296.047295 0.000000
234817.103907 0.000000
226759.447114 0.000000
220855.535865 0.000000
187255.204104 0.000000
169720.108337 0.000000
152606.820671 0.000000
141888.344568 0.000000
129660.574978 0.000000
115888.767861 0.000000
120767.364598 0.000000
121910.580887 0.000000
118952.416198 0.000000
107768.648727 0.000000
102763.755047 0.000000
97839.488986 0.000000
88165.357108 0.000000
69325.330646 0.000000
59354.393615 0.000000
68883.610091 0.000000
66845.326538 0.000000
49759.368394 0.000000
46510.668386 0.000000
50270.676906 0.000000
49129.494464 0.000000
43789.103312 0.000000
48988.719164 0.000000
46422.559247 0.000000
38385.341396 0.000000
35799.243968 0.000000
24441.422639 0.000000
7206.153547 0.000000
2335.248965 0.000000
3584.988233 0.000000
6666.690918 0.000000
8892.948567 0.000000
11882.505828 0.000000
14049.269143 0.000000
17048.453509 0.000000
20622.244418 0.000000
24273.788911 0.000000
25477.738702 0.000000
23787.094890 0.000000
25924.601293 0.000000
28831.729949 0.000000
29320.531478 0.000000
26444.737592 0.000000
18312.879062 0.000000
15330.515438 0.000000
15866.498235 0.000000
19412.112710 0.000000
21411.399980 0.000000
19847.393760 0.000000
18605.110627 0.000000
18208.687452 0.000000
17508.857923 0.000000
15311.532791 0.000000
17454.996241 0.000000
20693.240083 0.000000
22582.922807 0.000000
22048.624242 0.000000
16148.631259 0.000000
16981.650237 0.000000
17724.875579 0.000000
17577.365417 0.000000
15695.159772 0.000000
13271.791433 0.000000
13729.875126 0.000000
13641.362321 0.000000
11859.677708 0.000000
8354.834934 0.000000
6378.940319 0.000000
5442.108046 0.000000
6110.939628 0.000000
6120.894683 0.000000
5506.208520 0.000000
5697.240235 0.000000
7368.174089 0.000000
8231.882760 0.000000
8661.587797 0.000000
8345.933655 0.000000
7758.269266 0.000000
6669.358931 0.000000
6498.261936 0.000000
7446.521756 0.000000
9288.583675 0.000000
10624.809888 0.000000
11912.389632 0.000000
12795.698324 0.000000
12100.877978 0.000000
7737.036110 0.000000
4839.696514 0.000000
5219.332814 0.000000
6152.255641 0.000000
6240.130025 0.000000
6151.989911 0.000000
5058.720812 0.000000
5574.529916 0.000000
5490.724529 0.000000
4552.511625 0.000000
2439.047241 0.000000
1158.767683 0.000000
107.639091 0.000000
159.811099 0.000000
210.884749 0.000000
357.515741 0.000000
452.179527 0.000000
592.561907 0.000000
661.833369 0.000000
953.680200 0.000000
1163.702303 0.000000
1349.992052 0.000000
1790.981060 0.000000
2303.953830 0.000000
2686.536873 0.000000
2993.614533 0.000000
3076.766987 0.000000
2986.083542 0.000000
2648.431012 0.000000
1559.415855 0.000000
1083.943874 0.000000
1315.179725 0.000000
1564.012983 0.000000
1771.297069 0.000000
1883.764187 0.000000
1889.423514 0.000000
1553.696382 0.000000
1481.932471 0.000000
1868.432725 0.000000
2503.353159 0.000000
2978.723957 0.000000
3605.281344 0.000000
4262.281965 0.000000
5030.034186 0.000000
5480.966073 0.000000
5626.057759 0.000000
5264.726365 0.000000
5005.296926 0.000000
4185.211714 0.000000
2636.658675 0.000000
2611.045077 0.000000
3114.000291 0.000000
3659.957544 0.000000
3924.306408 0.000000
3622.077102 0.000000
3191.747309 0.000000
2868.863082 0.000000
3535.104190 0.000000
4278.877568 0.000000
4834.367358 0.000000
5303.335067 0.000000
4949.243834 0.000000
4137.461429 0.000000
4588.292968 0.000000
4856.404756 0.000000
4679.901535 0.000000
4277.968650 0.000000
4363.833645 0.000000
4699.041822 0.000000
5187.310093 0.000000
6089.706810 0.000000
6450.276312 0.000000
5621.177203 0.000000
3297.879801 0.000000
3577.453957 0.000000
4215.441933 0.000000
4480.839211 0.000000
4446.689822 0.000000
3897.422305 0.000000
2695.462436 0.000000
1770.112422 0.000000
1447.043790 0.000000
1805.929600 0.000000
2020.503918 0.000000
2263.962980 0.000000
2317.729817 0.000000
2044.367531 0.000000
1713.084737 0.000000
1989.688359 0.000000
2269.158826 0.000000
2351.969839 0.000000
2207.525756 0.000000
2462.613530 0.000000
2711.638989 0.000000
2705.570494 0.000000
2310.418636 0.000000
2334.164319 0.000000
2517.462179 0.000000
2417.533020 0.000000
2050.020312 0.000000
2034.921084 0.000000
1958.609358 0.000000
1076.006466 0.000000
860.858591 0.000000
974.456463 0.000000
1125.380908 0.000000
1379.712908 0.000000
1500.051146 0.000000
1584.676637 0.000000
1691.719995 0.000000
1720.002622 0.000000
1894.170275 0.000000
2198.504485 0.000000
2532.090545 0.000000
2687.710354 0.000000
2677.773689 0.000000
2220.565966 0.000000
1447.921142 0.000000
1422.972012 0.000000
896.204373 0.000000
417.052734 0.000000
15.622044 0.000000
23.057278 0.000000
82.681843 0.000000
138.247672 0.000000
254.476491 0.000000
262.195392 0.000000
319.159404 0.000000
482.874860 0.000000
587.522926 0.000000
645.357327 0.000000
768.272412 0.000000
878.593146 0.000000
1014.497733 0.000000
1133.183426 0.000000
1204.278881 0.000000
1181.570875 0.000000
1064.368672 0.000000
680.872672 0.000000
660.729416 0.000000
556.857863 0.000000
340.628339 0.000000
204.367792 0.000000
188.864236 0.000000
216.572950 0.000000
262.075660 0.000000
309.102445 0.000000
394.992076 0.000000
492.455421 0.000000
612.683904 0.000000
691.052251 0.000000
788.112300 0.000000
890.531979 0.000000
835.796971 0.000000
664.177852 0.000000
561.788418 0.000000
551.269719 0.000000
605.790900 0.000000
736.035981 0.000000
938.134536 0.000000
1163.286846 0.000000
1438.416975 0.000000
1548.805551 0.000000
1612.581809 0.000000
1532.819186 0.000000
1230.764694 0.000000
804.691050 0.000000
835.148825 0.000000
790.051125 0.000000
612.352725 0.000000
237.436025 0.000000
306.933600 0.000000
339.242400 0.000000
389.640722 0.000000
415.218546 0.000000
406.384161 0.000000
291.368355 0.000000
95.538503 0.000000
0.000000 0.000000
0.000000 0.000000
0.000000 0.000000
0.000000 0.000000
0.000000 0.000000
43.832151 0.000000
43.832151 0.000000
86.778804 0.000000
170.015616 0.000000
249.710436 0.000000
344.237306 0.000000
441.309969 0.000000
514.031407 0.000000
620.512526 0.000000
734.907725 0.000000
976.178336 0.000000
1060.051712 0.000000
1049.506356 0.000000
903.095791 0.000000
574.260332 0.000000
544.125873 0.000000
531.196299 0.000000
426.894344 0.000000
226.840929 0.000000
208.390914 0.000000
224.814246 0.000000
225.720504 0.000000
197.889390 0.000000
177.370602 0.000000
122.746074 0.000000
82.545576 0.000000
67.747974 0.000000
49.041702 0.000000
27.398739 0.000000
28.349964 0.000000
33.157974 0.000000
33.735627 0.000000
30.373479 0.000000
25.906295 0.000000
23.490803 0.000000
20.804592 0.000000
33.658052 0.000000
50.373720 0.000000
63.363961 0.000000
68.352746 0.000000
82.541631 0.000000
105.444667 0.000000
128.768828 0.000000
151.607108 0.000000
160.499542 0.000000
152.627753 0.000000
122.533317 0.000000
74.443660 0.000000
18.270878 0.000000
0.000000 0.000000
0.000000 0.000000
0.000000 0.000000
0.000000 0.000000
0.000000 0.000000
0.000000 0.000000
0.000000 0.000000
0.000000 0.000000
0.000000 0.000000
0.000000 0.000000
0.000000 0.000000
0.000000 0.000000
0.000000 0.000000
0.000000 0.000000
0.000000 0.000000
0.000000 0.000000
0.000000 0.000000
0.000000 0.000000
0.000000 0.000000
0.000000 0.000000
0.000000 0.000000
0.000000 0.000000
0.000000 0.000000
0.000000 0.000000
0.000000 0.000000
0.000000 0.000000
0.000000 0.000000
0.000000 0.000000
0.000000 0.000000
0.000000 0.000000
0.000000 0.000000
0.000000 0.000000
0.000000 0.000000
0.000000 0.000000
0.000000 0.000000
0.000000 0.000000
0.000000 0.000000
0.000000 0.000000
0.000000 0.000000
0.000000 0.000000
0.000000 0.000000
0.000000 0.000000
0.000000 0.000000
0.000000 0.000000
6.344118 0.000000
12.560072 0.000000
18.647862 0.000000
36.142248 0.000000
49.823755 0.000000
67.606510 0.000000
81.448222 0.000000
103.652635 0.000000
124.030711 0.000000
135.901888 0.000000
146.827875 0.000000
157.032940 0.000000
139.682800 0.000000
74.713918 0.000000
43.053194 0.000000
10.429671 0.000000
0.000000 0.000000
0.000000 0.000000
0.000000 0.000000
0.000000 0.000000
0.000000 0.000000
0.000000 0.000000
0.000000 0.000000
0.000000 0.000000
0.000000 0.000000
0.000000 0.000000
0.000000 0.000000
0.000000 0.000000
0.000000 0.000000
1.455894 0.000000
2.882376 0.000000
4.279446 0.000000
5.647104 0.000000
6.985350 0.000000
8.294184 0.000000
10.823616 0.000000
13.235400 0.000000
19.257507 0.000000
24.816375 0.000000
29.731836 0.000000
33.639955 0.000000
36.014992 0.000000
35.908407 0.000000
31.154748 0.000000
15.077522 0.000000
0.000000 0.000000
0.000000 0.000000
0.000000 0.000000
0.000000 0.000000
0.000000 0.000000
0.000000 0.000000
0.000000 0.000000
0.000000 0.000000
0.000000 0.000000
0.000000 0.000000
0.000000 0.000000
0.000000 0.000000
0.000000 0.000000
0.000000 0.000000
0.000000 0.000000
0.000000 0.000000
0.000000 0.000000
0.000000 0.000000
0.000000 0.000000
0.000000 0.000000
0.000000 0.000000
0.000000 0.000000
0.000000 0.000000
0.000000 0.000000
0.000000 0.000000
0.000000 0.000000
0.000000 0.000000
0.000000 0.000000
0.000000 0.000000
0.000000 0.000000
0.000000 0.000000
0.000000 0.000000
0.000000 0.000000
0.000000 0.000000
0.000000 0.000000
0.000000 0.000000
0.000000 0.000000
0.000000 0.000000
0.000000 0.000000
0.000000 0.000000
0.000000 0.000000
0.000000 0.000000
0.000000 0.000000
0.000000 0.000000
0.000000 0.000000
0.000000 0.000000
0.000000 0.000000
0.000000 0.000000
0.000000 0.000000
0.000000 0.000000
0.000000 0.000000
0.000000 0.000000
0.000000 0.000000
0.000000 0.000000
0.000000 0.000000
0.000000 0.000000
0.000000 0.000000
0.000000 0.000000
0.000000 0.000000
0.000000 0.000000
0.000000 0.000000
0.000000 0.000000
0.000000 0.000000
0.000000 0.000000
0.000000 0.000000
0.000000 0.000000
0.000000 0.000000
0.000000 0.000000
0.000000 0.000000
0.000000 0.000000
0.000000 0.000000
0.000000 0.000000
34.003134 0.000000
67.319336 0.000000
99.948606 0.000000
99.948606 0.000000
131.890944 0.000000
178.430587 0.000000
193.371358 0.000000
251.417112 0.000000
333.162020 0.000000
429.332500 0.000000
528.680017 0.000000
610.081416 0.000000
722.137203 0.000000
733.815058 0.000000
640.134805 0.000000
572.128609 0.000000
398.892603 0.000000
250.772553 0.000000
147.346056 0.000000
167.224035 0.000000
192.597438 0.000000
211.230360 0.000000
213.548742 0.000000
198.779790 0.000000
152.626815 0.000000
61.630286 0.000000
56.134794 0.000000
67.125593 0.000000
81.915972 0.000000
86.187761 0.000000
101.643754 0.000000
104.219849 0.000000
100.356049 0.000000
81.498088 0.000000
45.917913 0.000000
51.928673 0.000000
53.399166 0.000000
44.179128 0.000000
18.408074 0.000000
4.121856 0.000000
6.043242 0.000000
7.857288 0.000000
9.292997 0.000000
10.234937 0.000000
12.698378 0.000000
14.638560 0.000000
15.497305 0.000000
16.149882 0.000000
19.275180 0.000000
20.105961 0.000000
19.165136 0.000000
16.259654 0.000000
11.741105 0.000000
5.482940 0.000000
5.692084 0.000000
6.303812 0.000000
6.383676 0.000000
5.654020 0.000000
3.274064 0.000000
2.551329 0.000000
2.544375 0.000000
2.862059 0.000000
3.025133 0.000000
2.912723 0.000000
2.267199 0.000000
0.988725 0.000000
0.887720 0.000000
1.111650 0.000000
1.215886 0.000000
1.381887 0.000000
32.788973 0.000000
63.426485 0.000000
93.190053 0.000000
122.368686 0.000000
179.368939 0.000000
260.007701 0.000000
346.612960 0.000000
402.521891 0.000000
493.056808 0.000000
549.073361 0.000000
651.158989 0.000000
724.464093 0.000000
728.664128 0.000000
616.748353 0.000000
399.477529 0.000000
393.242914 0.000000
367.446216 0.000000
241.260885 0.000000
116.847828 0.000000
139.960181 0.000000
168.654939 0.000000
188.192144 0.000000
196.185068 0.000000
171.452840 0.000000
98.999900 0.000000
67.925541 0.000000
76.083570 0.000000
89.973470 0.000000
94.671262 0.000000
96.546068 0.000000
86.154023 0.000000
36.403700 0.000000
13.671181 0.000000
17.787582 0.000000
20.969508 0.000000
22.908958 0.000000
24.602895 0.000000
23.213795 0.000000
16.883517 0.000000
3.222555 0.000000
0.008559 0.000000
0.000582 0.000000
0.000000 0.000000
0.000000 0.000000
0.000000 0.000000
0.000000 0.000000
0.000000 0.000000
0.836154 0.000000
1.655416 0.000000
3.243264 0.000000
4.763544 0.000000
6.566765 0.000000
9.235701 0.000000
11.342978 0.000000
13.359432 0.000000
16.434828 0.000000
18.499884 0.000000
19.931496 0.000000
20.144801 0.000000
14.722562 0.000000
7.005957 0.000000
1.621632 0.000000
0.000000 0.000000
0.000000 0.000000
0.000000 0.000000
0.000000 0.000000
0.000000 0.000000
0.000000 0.000000
0.000000 0.000000
0.000000 0.000000
0.000000 0.000000
0.000000 0.000000
0.000000 0.000000
0.000000 0.000000
0.000000 0.000000
0.000000 0.000000
0.000000 0.000000
0.000000 0.000000
0.000000 0.000000
0.000000 0.000000
0.000000 0.000000
23.758317 0.000000
47.036668 0.000000
69.835053 0.000000
113.991925 0.000000
176.627488 0.000000
225.464068 0.000000
271.180864 0.000000
390.572421 0.000000
459.567589 0.000000
542.301744 0.000000
586.488479 0.000000
552.350683 0.000000
312.576885 0.000000
316.206454 0.000000
328.565619 0.000000
317.946626 0.000000
237.957931 0.000000
107.962802 0.000000
4.364709 0.000000
0.000000 0.000000
0.000000 0.000000
0.000000 0.000000
0.000000 0.000000
0.000000 0.000000
0.000000 0.000000
0.000000 0.000000
0.000000 0.000000
0.000000 0.000000
0.000000 0.000000
0.000000 0.000000
0.000000 0.000000
0.000000 0.000000
0.000000 0.000000
0.000000 0.000000
0.000000 0.000000
0.000000 0.000000
0.000000 0.000000
0.000000 0.000000
0.000000 0.000000
0.000000 0.000000
0.000000 0.000000
0.000000 0.000000
0.000000 0.000000
0.000000 0.000000
0.000000 0.000000
0.000000 0.000000
0.000000 0.000000
0.000000 0.000000
0.000000 0.000000
0.000000 0.000000
0.000000 0.000000
0.000000 0.000000
0.000000 0.000000
0.000000 0.000000
0.000000 0.000000
0.000000 0.000000
0.000000 0.000000
0.000000 0.000000
0.000000 0.000000
0.000000 0.000000
0.000000 0.000000
0.000000 0.000000
0.000000 0.000000
0.000000 0.000000
0.000000 0.000000
0.000000 0.000000
0.000000 0.000000
0.000000 0.000000
0.000000 0.000000
0.000000 0.000000
0.000000 0.000000
0.000000 0.000000
0.000000 0.000000
0.000000 0.000000
0.000000 0.000000
0.000000 0.000000
0.000000 0.000000
0.000000 0.000000
0.000000 0.000000
0.000000 0.000000
0.000000 0.000000
0.000000 0.000000
0.000000 0.000000
0.000000 0.000000
0.000000 0.000000
0.000000 0.000000
0.000000 0.000000
0.000000 0.000000
0.000000 0.000000
0.000000 0.000000
0.000000 0.000000
0.000000 0.000000
0.000000 0.000000
0.000000 0.000000
0.000000 0.000000
0.000000 0.000000
0.000000 0.000000
0.000000 0.000000
0.000000 0.000000
0.000000 0.000000
0.000000 0.000000
0.000000 0.000000
0.000000 0.000000
0.000000 0.000000
0.000000 0.000000
0.000000 0.000000
0.000000 0.000000
0.000000 0.000000
0.000000 0.000000
0.000000 0.000000
0.000000 0.000000
0.000000 0.000000
0.000000 0.000000
0.000000 0.000000
0.000000 0.000000
0.000000 0.000000
0.000000 0.000000
0.000000 0.000000
0.000000 0.000000
0.000000 0.000000
0.000000 0.000000
0.000000 0.000000
0.000000 0.000000
0.000000 0.000000
0.000000 0.000000
0.000000 0.000000
0.000000 0.000000
0.000000 0.000000
0.000000 0.000000
0.000000 0.000000
0.000000 0.000000
0.000000 0.000000
0.000000 0.000000
0.000000 0.000000
0.000000 0.000000
0.000000 0.000000
0.000000 0.000000
0.000000 0.000000
0.000000 0.000000
0.000000 0.000000
0.000000 0.000000
0.000000 0.000000
0.000000 0.000000
0.000000 0.000000
0.000000 0.000000
0.000000 0.000000
0.000000 0.000000
0.000000 0.000000
0.000000 0.000000
0.000000 0.000000
0.000000 0.000000
0.000000 0.000000
0.000000 0.000000
0.000000 0.000000
0.000000 0.000000
0.000000 0.000000
0.000000 0.000000
0.000000 0.000000
0.000000 0.000000
0.000000 0.000000
0.000000 0.000000
0.000000 0.000000
0.000000 0.000000
0.000000 0.000000
0.000000 0.000000
0.000000 0.000000
0.000000 0.000000
0.000000 0.000000
0.000000 0.000000
0.000000 0.000000
0.000000 0.000000
0.000000 0.000000
0.000000 0.000000
0.000000 0.000000
0.000000 0.000000
0.000000 0.000000
0.000000 0.000000
0.000000 0.000000
0.000000 0.000000
0.000000 0.000000
0.000000 0.000000
0.000000 0.000000
0.000000 0.000000
0.000000 0.000000
0.000000 0.000000
0.000000 0.000000
0.000000 0.000000
0.000000 0.000000
0.000000 0.000000
0.000000 0.000000
0.000000 0.000000
0.000000 0.000000
0.000000 0.000000
0.000000 0.000000
0.000000 0.000000
0.000000 0.000000
0.000000 0.000000
0.000000 0.000000
0.000000 0.000000
0.000000 0.000000
0.000000 0.000000
0.000000 0.000000
0.000000 0.000000
0.000000 0.000000
0.000000 0.000000
0.000000 0.000000
0.000000 0.000000
0.000000 0.000000
0.000000 0.000000
0.000000 0.000000
0.000000 0.000000
0.000000 0.000000
0.000000 0.000000
0.000000 0.000000
0.000000 0.000000
0.000000 0.000000
0.000000 0.000000
0.000000 0.000000
0.000000 0.000000
0.000000 0.000000
0.000000 0.000000
0.000000 0.000000
0.000000 0.000000
0.000000 0.000000
0.000000 0.000000
0.000000 0.000000
0.000000 0.000000
0.000000 0.000000
0.000000 0.000000
0.000000 0.000000
0.000000 0.000000
0.000000 0.000000
0.000000 0.000000
0.000000 0.000000
0.000000 0.000000
0.000000 0.000000
0.000000 0.000000
0.000000 0.000000
0.000000 0.000000
0.000000 0.000000
0.000000 0.000000
0.000000 0.000000
0.000000 0.000000
0.000000 0.000000
0.000000 0.000000
0.000000 0.000000
0.000000 0.000000
0.000000 0.000000
0.000000 0.000000
0.000000 0.000000
0.000000 0.000000
0.000000 0.000000
0.000000 0.000000
0.000000 0.000000
0.000000 0.000000
0.000000 0.000000
0.000000 0.000000
0.000000 0.000000
0.000000 0.000000
0.000000 0.000000
0.000000 0.000000
0.000000 0.000000
0.000000 0.000000
0.000000 0.000000
0.000000 0.000000
0.000000 0.000000
0.000000 0.000000
0.000000 0.000000
0.000000 0.000000
0.000000 0.000000
0.000000 0.000000
0.000000 0.000000
6.391440 0.000000
6.391440 0.000000
12.653760 0.000000
27.728520 0.000000
34.943100 0.000000
48.758940 0.000000
67.884840 0.000000
80.619300 0.000000
94.128480 0.000000
112.592640 0.000000
132.590100 0.000000
151.780560 0.000000
153.862620 0.000000
134.171820 0.000000
73.985760 0.000000
41.157000 0.000000
0.000000 0.000000
0.000000 0.000000
0.000000 0.000000
0.000000 0.000000
0.000000 0.000000
0.000000 0.000000
0.000000 0.000000
0.000000 0.000000
0.000000 0.000000
0.000000 0.000000
0.000000 0.000000
0.000000 0.000000
0.000000 0.000000
0.000000 0.000000
0.000000 0.000000
0.000000 0.000000
0.000000 0.000000
0.000000 0.000000
0.000000 0.000000
0.000000 0.000000
0.000000 0.000000
0.000000 0.000000
0.000000 0.000000
0.000000 0.000000
0.000000 0.000000
0.000000 0.000000
0.000000 0.000000
0.000000 0.000000
0.000000 0.000000
0.000000 0.000000
0.000000 0.000000
0.000000 0.000000
8.063550 0.000000
15.964200 0.000000
31.276800 0.000000
45.937800 0.000000
70.006275 0.000000
79.658100 0.000000
88.902675 0.000000
97.740000 0.000000
114.192900 0.000000
139.422014 0.000000
161.902222 0.000000
185.400560 0.000000
187.029576 0.000000
156.445121 0.000000
103.461912 0.000000
99.755937 0.000000
58.114591 0.000000
0.000000 0.000000
0.000000 0.000000
0.000000 0.000000
0.000000 0.000000
0.000000 0.000000
0.000000 0.000000
0.000000 0.000000
0.000000 0.000000
0.000000 0.000000
0.000000 0.000000
0.000000 0.000000
0.000000 0.000000
0.000000 0.000000
0.000000 0.000000
0.000000 0.000000
