30502089.151040 0.000000
28955371.335014 0.000000
27821869.793411 0.000000
27008289.614068 0.000000
25876090.826437 0.000000
24879963.928533 0.000000
24553773.739853 0.000000
23225710.087342 0.000000
22102001.212736 0.000000
21145920.266672 0.000000
20296877.909790 0.000000
19804834.679312 0.000000
18266667.606168 0.000000
17556946.465628 0.000000
16726584.499057 0.000000
15262639.747712 0.000000
14563250.275439 0.000000
14398558.551143 0.000000
14271911.349500 0.000000
14023371.617190 0.000000
13558226.746038 0.000000
11908392.219864 0.000000
11290436.554083 0.000000
10913635.370484 0.000000
11179206.789020 0.000000
10978292.035558 0.000000
10893128.250620 0.000000
10470615.559003 0.000000
9911396.741236 0.000000
9227130.948759 0.000000
7117677.251175 0.000000
5477260.554778 0.000000
5250535.224092 0.000000
6381989.917744 0.000000
7320930.011589 0.000000
8166624.907366 0.000000
8827330.639272 0.000000
8766806.186180 0.000000
8695416.019483 0.000000
9221963.941808 0.000000
9229699.125034 0.000000
8757994.661273 0.000000
8570526.556377 0.000000
8416109.748451 0.000000
7257408.285532 0.000000
4419719.367119 0.000000
2996332.904499 0.000000
3198454.630440 0.000000
3694532.596957 0.000000
4112062.153043 0.000000
4278482.637921 0.000000
4299193.670437 0.000000
3581013.671266 0.000000
2895661.754280 0.000000
2878264.279248 0.000000
2733363.779029 0.000000
3088373.395730 0.000000
3661463.196585 0.000000
4166748.810140 0.000000
4367612.810711 0.000000
4088994.801124 0.000000
3652281.784649 0.000000
3437551.768262 0.000000
2238028.803580 0.000000
758657.769351 0.000000
769330.447761 0.000000
835377.263970 0.000000
786131.917394 0.000000
507749.122514 0.000000
607160.906993 0.000000
702402.630645 0.000000
809022.304925 0.000000
884182.352876 0.000000
1013886.621994 0.000000
1057734.574941 0.000000
558164.632101 0.000000
487960.243513 0.000000
465134.337521 0.000000
552052.902105 0.000000
436496.283773 0.000000
481623.064857 0.000000
570139.110535 0.000000
597817.293605 0.000000
534036.693611 0.000000
469768.210086 0.000000
409578.980036 0.000000
316018.586151 0.000000
302586.608830 0.000000
322041.650484 0.000000
329078.746262 0.000000
320532.487617 0.000000
302445.897270 0.000000
294442.842736 0.000000
244097.530470 0.000000
224635.967077 0.000000
180941.182955 0.000000
214223.755702 0.000000
261084.224416 0.000000
303801.762253 0.000000
339815.954996 0.000000
337901.860725 0.000000
341615.753718 0.000000
361407.123217 0.000000
356838.537908 0.000000
321926.994296 0.000000
323000.809113 0.000000
321825.303403 0.000000
280329.077572 0.000000
259091.205705 0.000000
297363.075813 0.000000
308171.809029 0.000000
295538.970197 0.000000
289621.866451 0.000000
272363.472453 0.000000
216736.928389 0.000000
199329.458494 0.000000
224801.523062 0.000000
245409.980279 0.000000
249980.804395 0.000000
239279.189847 0.000000
211732.250263 0.000000
190018.638354 0.000000
173550.393175 0.000000
175443.685022 0.000000
199629.004675 0.000000
223049.862186 0.000000
243224.480728 0.000000
248750.838203 0.000000
261577.193356 0.000000
276504.475717 0.000000
285065.693467 0.000000
272553.506647 0.000000
246999.802739 0.000000
210586.390868 0.000000
241326.414582 0.000000
252600.705438 0.000000
241232.282253 0.000000
195878.916310 0.000000
189233.202060 0.000000
186133.113000 0.000000
184297.864610 0.000000
180944.304731 0.000000
161871.338541 0.000000
129991.127193 0.000000
106611.608882 0.000000
100518.194371 0.000000
115394.751681 0.000000
140631.663632 0.000000
156411.126406 0.000000
167475.061414 0.000000
165872.614276 0.000000
176730.612664 0.000000
158528.658330 0.000000
137828.392680 0.000000
99788.114641 0.000000
61533.393401 0.000000
32991.875525 0.000000
41050.401411 0.000000
50827.363193 0.000000
65568.103807 0.000000
79823.566951 0.000000
93668.165998 0.000000
110338.095521 0.000000
127397.979287 0.000000
143297.440159 0.000000
151523.878269 0.000000
153579.029247 0.000000
146584.745690 0.000000
134537.936028 0.000000
133212.573732 0.000000
141842.944750 0.000000
141014.362668 0.000000
152689.980224 0.000000
144101.152550 0.000000
120637.662662 0.000000
105347.487732 0.000000
76544.179848 0.000000
76627.681148 0.000000
87513.032172 0.000000
94045.615761 0.000000
95434.061871 0.000000
69612.337445 0.000000
68257.564391 0.000000
80901.108163 0.000000
94068.054204 0.000000
107471.650478 0.000000
115490.687582 0.000000
117991.385833 0.000000
107322.050127 0.000000
92233.985152 0.000000
90438.216694 0.000000
86405.386567 0.000000
74375.057710 0.000000
58178.874953 0.000000
36051.311779 0.000000
18592.910436 0.000000
9872.154800 0.000000
12869.986252 0.000000
16939.914726 0.000000
22029.623019 0.000000
26513.740254 0.000000
32049.053157 0.000000
40857.802255 0.000000
51946.329717 0.000000
62056.284235 0.000000
71703.899076 0.000000
82392.796237 0.000000
94520.602860 0.000000
100891.272456 0.000000
102780.642993 0.000000
96760.698749 0.000000
91666.823541 0.000000
66588.124009 0.000000
61250.338065 0.000000
51267.305086 0.000000
31108.166084 0.000000
31956.113335 0.000000
38419.495205 0.000000
43541.933271 0.000000
47769.209462 0.000000
47267.356129 0.000000
45977.025775 0.000000
45211.958145 0.000000
46037.615382 0.000000
44169.558702 0.000000
47434.502382 0.000000
46779.892117 0.000000
44902.237206 0.000000
35518.974857 0.000000
33689.116562 0.000000
37862.296163 0.000000
40774.190659 0.000000
41466.245834 0.000000
38415.714575 0.000000
27048.125534 0.000000
27245.189143 0.000000
30744.640444 0.000000
32329.696399 0.000000
30704.346241 0.000000
30776.969446 0.000000
33488.034431 0.000000
37603.458183 0.000000
40469.843691 0.000000
39722.093005 0.000000
37225.304609 0.000000
27814.834641 0.000000
16491.957044 0.000000
18896.717892 0.000000
21876.070354 0.000000
24211.815893 0.000000
24312.042731 0.000000
22611.972356 0.000000
23457.199945 0.000000
26774.983340 0.000000
31101.934095 0.000000
35275.782326 0.000000
38403.077885 0.000000
40732.398181 0.000000
40745.798839 0.000000
40588.116191 0.000000
38863.127866 0.000000
37804.276799 0.000000
34334.403950 0.000000
34843.893235 0.000000
35939.057827 0.000000
35250.588869 0.000000
27698.877503 0.000000
30469.636322 0.000000
31436.371401 0.000000
32162.716481 0.000000
33439.960023 0.000000
27847.649067 0.000000
24183.264037 0.000000
24764.073941 0.000000
29548.348655 0.000000
35340.251932 0.000000
40822.803867 0.000000
45831.049766 0.000000
47348.375208 0.000000
43352.109228 0.000000
33480.889920 0.000000
26517.249726 0.000000
27951.125429 0.000000
30739.799495 0.000000
32681.990274 0.000000
31569.814247 0.000000
24878.183281 0.000000
16731.932429 0.000000
15907.982702 0.000000
19631.020117 0.000000
23286.902293 0.000000
27181.547980 0.000000
30248.728071 0.000000
33197.679204 0.000000
34751.778981 0.000000
34073.407027 0.000000
31800.553515 0.000000
28943.288042 0.000000
27275.465089 0.000000
27214.800352 0.000000
27263.476401 0.000000
27241.320007 0.000000
31741.869619 0.000000
36371.781062 0.000000
40316.820707 0.000000
44061.060590 0.000000
42113.249224 0.000000
30660.834796 0.000000
19146.918597 0.000000
12822.272394 0.000000
15257.517259 0.000000
17447.734111 0.000000
20287.123190 0.000000
22608.205688 0.000000
23208.631658 0.000000
21101.814737 0.000000
17403.208464 0.000000
17721.038123 0.000000
16885.444691 0.000000
11658.090438 0.000000
6750.291912 0.000000
4259.951684 0.000000
5225.492277 0.000000
6363.620740 0.000000
7400.059530 0.000000
8146.622866 0.000000
6459.145555 0.000000
2624.003456 0.000000
1655.335087 0.000000
2260.929250 0.000000
2840.488942 0.000000
3464.293290 0.000000
4765.068189 0.000000
5812.692042 0.000000
7639.614062 0.000000
9671.070100 0.000000
11859.404915 0.000000
14602.517114 0.000000
17469.070018 0.000000
20988.655034 0.000000
22955.673302 0.000000
25171.956284 0.000000
22391.708187 0.000000
20695.803652 0.000000
19183.061415 0.000000
17497.280775 0.000000
19853.043234 0.000000
21730.196998 0.000000
21683.426470 0.000000
22252.457855 0.000000
24004.002401 0.000000
24770.344941 0.000000
24887.633479 0.000000
22736.064952 0.000000
17936.201407 0.000000
13411.450520 0.000000
14270.497289 0.000000
14151.689447 0.000000
12255.676419 0.000000
8562.145608 0.000000
9356.168781 0.000000
10972.139991 0.000000
12486.133550 0.000000
14079.490315 0.000000
15452.079441 0.000000
15367.366911 0.000000
16405.416390 0.000000
17049.609921 0.000000
17578.217625 0.000000
14080.218343 0.000000
14932.756053 0.000000
16772.913352 0.000000
18195.960460 0.000000
20452.775722 0.000000
21919.480044 0.000000
21818.962637 0.000000
21454.352751 0.000000
16525.772671 0.000000
16375.572283 0.000000
16100.079082 0.000000
15392.896163 0.000000
15871.417172 0.000000
15676.277829 0.000000
15360.042279 0.000000
15453.686459 0.000000
16149.403180 0.000000
14518.599532 0.000000
14514.878301 0.000000
14864.117101 0.000000
15569.300870 0.000000
16173.735661 0.000000
17706.478560 0.000000
18435.306597 0.000000
17535.293373 0.000000
14360.745058 0.000000
9006.745616 0.000000
10393.668486 0.000000
11788.363920 0.000000
12816.251388 0.000000
13315.330215 0.000000
12470.425696 0.000000
11203.205054 0.000000
12431.146939 0.000000
12829.910318 0.000000
13110.827063 0.000000
12159.774310 0.000000
10481.867629 0.000000
8234.055134 0.000000
3724.625797 0.000000
2443.039583 0.000000
2869.437047 0.000000
3790.120745 0.000000
4716.450754 0.000000
6044.089124 0.000000
6812.549217 0.000000
8239.672319 0.000000
9382.260716 0.000000
10814.684109 0.000000
11701.673626 0.000000
11718.803957 0.000000
12694.878889 0.000000
13300.963546 0.000000
13454.896910 0.000000
12355.464694 0.000000
13376.252395 0.000000
13282.884114 0.000000
13832.913017 0.000000
15204.627288 0.000000
16177.659899 0.000000
16014.564318 0.000000
16791.368995 0.000000
18031.045895 0.000000
18134.315388 0.000000
15733.872196 0.000000
12877.233286 0.000000
8748.349977 0.000000
7413.931383 0.000000
8269.758783 0.000000
8724.993654 0.000000
8596.182690 0.000000
9508.135075 0.000000
10307.819829 0.000000
9342.703828 0.000000
9209.351653 0.000000
9742.888470 0.000000
10373.669908 0.000000
11378.842809 0.000000
12457.626418 0.000000
12963.993327 0.000000
13443.743387 0.000000
13985.072398 0.000000
13954.050892 0.000000
11973.025835 0.000000
10252.806966 0.000000
7109.602811 0.000000
3892.436156 0.000000
4124.471655 0.000000
4821.044433 0.000000
5199.659337 0.000000
5688.123154 0.000000
6333.301586 0.000000
7253.027081 0.000000
7746.530298 0.000000
7747.426207 0.000000
8168.076860 0.000000
8143.080946 0.000000
8520.545921 0.000000
7711.183072 0.000000
5481.091917 0.000000
3635.024297 0.000000
2064.499622 0.000000
2631.801518 0.000000
3253.315101 0.000000
4367.705266 0.000000
5441.539660 0.000000
6483.728028 0.000000
7470.255758 0.000000
8741.695482 0.000000
10236.323055 0.000000
11171.495763 0.000000
11535.321370 0.000000
11054.279458 0.000000
8994.042178 0.000000
6549.263438 0.000000
6012.984512 0.000000
4324.426958 0.000000
3034.680807 0.000000
3643.180144 0.000000
4359.795123 0.000000
5123.961925 0.000000
5752.961005 0.000000
6265.191360 0.000000
6495.881750 0.000000
6598.596290 0.000000
6474.370320 0.000000
6004.387865 0.000000
5396.628180 0.000000
5706.823462 0.000000
5871.315717 0.000000
6902.314414 0.000000
7397.265638 0.000000
7844.570617 0.000000
8915.538542 0.000000
9786.797136 0.000000
10308.555706 0.000000
11506.278544 0.000000
12232.153561 0.000000
11513.913203 0.000000
8901.818482 0.000000
7393.010789 0.000000
7692.481925 0.000000
6952.577538 0.000000
4414.408378 0.000000
2883.841469 0.000000
1765.202910 0.000000
1214.831526 0.000000
566.011926 0.000000
124.195264 0.000000
145.459382 0.000000
198.742293 0.000000
279.391596 0.000000
368.930191 0.000000
457.123059 0.000000
571.933745 0.000000
733.551410 0.000000
887.376891 0.000000
1086.825648 0.000000
1248.040695 0.000000
1408.993364 0.000000
1559.690270 0.000000
1473.257250 0.000000
1656.892387 0.000000
1788.950004 0.000000
1828.266329 0.000000
1516.343645 0.000000
1360.878078 0.000000
1556.646276 0.000000
1705.241899 0.000000
1755.981971 0.000000
1674.013229 0.000000
1637.940678 0.000000
1997.043280 0.000000
2525.710264 0.000000
3104.841956 0.000000
3646.889202 0.000000
4202.861244 0.000000
4853.157572 0.000000
5485.500976 0.000000
6224.583162 0.000000
6933.501607 0.000000
7652.133100 0.000000
7780.565840 0.000000
6828.110378 0.000000
5051.777530 0.000000
4242.325289 0.000000
3543.114658 0.000000
1815.849806 0.000000
1008.511406 0.000000
1236.681593 0.000000
1432.508362 0.000000
1654.823447 0.000000
1977.928437 0.000000
2234.342459 0.000000
2369.747220 0.000000
2631.669783 0.000000
2650.504629 0.000000
2276.416785 0.000000
2518.608704 0.000000
2372.791631 0.000000
2680.151079 0.000000
2687.100748 0.000000
2870.257551 0.000000
3490.448621 0.000000
4426.696582 0.000000
5297.029611 0.000000
5923.177452 0.000000
6609.313497 0.000000
7227.299503 0.000000
7388.358040 0.000000
6740.079008 0.000000
4852.219641 0.000000
4217.394592 0.000000
3963.030661 0.000000
3091.687574 0.000000
1215.394954 0.000000
1030.385956 0.000000
1179.137921 0.000000
1398.112539 0.000000
1609.082531 0.000000
1877.872073 0.000000
2015.600302 0.000000
1937.071331 0.000000
1606.020347 0.000000
1418.937916 0.000000
1407.821174 0.000000
1674.425188 0.000000
1899.550915 0.000000
2191.006565 0.000000
2450.050696 0.000000
2710.064903 0.000000
2616.835360 0.000000
2217.692378 0.000000
1759.719639 0.000000
1519.256623 0.000000
1504.892244 0.000000
1881.736344 0.000000
2151.590854 0.000000
2396.866225 0.000000
2781.551221 0.000000
3130.397848 0.000000
3585.582484 0.000000
3961.706661 0.000000
4092.882464 0.000000
4177.613444 0.000000
4279.631012 0.000000
3947.785296 0.000000
2898.773367 0.000000
1491.788983 0.000000
80.818787 0.000000
0.000000 0.000000
0.000000 0.000000
50.901992 0.000000
101.599968 0.000000
152.093928 0.000000
252.469800 0.000000
352.029608 0.000000
499.839200 0.000000
645.812648 0.000000
837.587688 0.000000
1164.931360 0.000000
1414.595940 0.000000
1755.532178 0.000000
2072.011998 0.000000
2453.827942 0.000000
3089.235774 0.000000
3773.390004 0.000000
4357.804381 0.000000
5202.270630 0.000000
5679.369330 0.000000
6048.360701 0.000000
6114.390004 0.000000
5408.802275 0.000000
3818.912503 0.000000
3934.886961 0.000000
3810.882111 0.000000
2840.775538 0.000000
3355.687480 0.000000
4102.361963 0.000000
4909.506341 0.000000
5674.184969 0.000000
6571.259816 0.000000
7345.764892 0.000000
7935.757225 0.000000
8643.175074 0.000000
9050.759880 0.000000
8927.624500 0.000000
7897.105404 0.000000
5117.165136 0.000000
5193.895473 0.000000
4879.736637 0.000000
3440.525216 0.000000
2096.262945 0.000000
1809.850855 0.000000
1415.307925 0.000000
1066.621907 0.000000
1150.794041 0.000000
1324.046803 0.000000
1536.200466 0.000000
1658.420588 0.000000
1692.294792 0.000000
1600.804248 0.000000
1158.598012 0.000000
808.583744 0.000000
388.718613 0.000000
0.000000 0.000000
0.000000 0.000000
25.123153 0.000000
50.145612 0.000000
75.067377 0.000000
124.608825 0.000000
173.747497 0.000000
185.956402 0.000000
234.591606 0.000000
330.653686 0.000000
471.725986 0.000000
575.113329 0.000000
742.894503 0.000000
851.442223 0.000000
1060.179714 0.000000
1229.773092 0.000000
1445.836119 0.000000
1732.661850 0.000000
2122.384188 0.000000
2554.676626 0.000000
2871.196792 0.000000
3040.441309 0.000000
2926.840572 0.000000
2101.429523 0.000000
1121.929904 0.000000
284.548647 0.000000
0.000000 0.000000
7.777913 0.000000
15.524652 0.000000
23.240217 0.000000
23.240217 0.000000
30.924608 0.000000
46.199868 0.000000
76.376300 0.000000
107.659932 0.000000
145.641099 0.000000
175.700246 0.000000
236.011118 0.000000
313.730790 0.000000
400.300209 0.000000
489.050373 0.000000
568.384624 0.000000
670.477290 0.000000
774.569878 0.000000
892.189909 0.000000
967.095209 0.000000
945.311319 0.000000
792.361916 0.000000
342.838627 0.000000
20.961963 0.000000
0.000000 0.000000
0.000000 0.000000
0.000000 0.000000
0.000000 0.000000
0.000000 0.000000
0.000000 0.000000
0.000000 0.000000
0.000000 0.000000
0.000000 0.000000
0.000000 0.000000
0.000000 0.000000
0.000000 0.000000
0.000000 0.000000
0.000000 0.000000
0.000000 0.000000
0.000000 0.000000
0.000000 0.000000
0.000000 0.000000
0.000000 0.000000
0.000000 0.000000
0.000000 0.000000
0.000000 0.000000
0.000000 0.000000
0.000000 0.000000
0.000000 0.000000
0.000000 0.000000
0.000000 0.000000
0.000000 0.000000
0.000000 0.000000
0.000000 0.000000
0.000000 0.000000
0.000000 0.000000
0.000000 0.000000
0.000000 0.000000
0.000000 0.000000
0.000000 0.000000
0.000000 0.000000
0.000000 0.000000
0.000000 0.000000
0.000000 0.000000
0.000000 0.000000
0.000000 0.000000
0.000000 0.000000
0.000000 0.000000
0.000000 0.000000
0.000000 0.000000
0.000000 0.000000
0.000000 0.000000
0.000000 0.000000
0.000000 0.000000
0.000000 0.000000
0.000000 0.000000
0.000000 0.000000
0.000000 0.000000
0.000000 0.000000
0.000000 0.000000
0.000000 0.000000
0.000000 0.000000
0.000000 0.000000
0.000000 0.000000
0.000000 0.000000
0.000000 0.000000
0.000000 0.000000
24.564772 0.000000
49.031088 0.000000
97.668352 0.000000
121.839300 0.000000
157.898810 0.000000
193.712180 0.000000
264.600500 0.000000
351.647911 0.000000
511.368157 0.000000
600.052399 0.000000
681.872133 0.000000
870.520530 0.000000
1107.920886 0.000000
1340.395989 0.000000
1664.412571 0.000000
1979.074173 0.000000
2281.096399 0.000000
2581.248082 0.000000
2801.666843 0.000000
2752.734346 0.000000
2335.178614 0.000000
1868.558641 0.000000
1406.026814 0.000000
913.571540 0.000000
471.588436 0.000000
529.652362 0.000000
595.554272 0.000000
795.304787 0.000000
956.448919 0.000000
1138.722138 0.000000
1332.144620 0.000000
1500.607684 0.000000
1616.693464 0.000000
1646.400154 0.000000
1456.903952 0.000000
782.310463 0.000000
328.382767 0.000000
0.000000 0.000000
0.000000 0.000000
0.000000 0.000000
0.000000 0.000000
0.000000 0.000000
0.000000 0.000000
0.000000 0.000000
0.000000 0.000000
0.000000 0.000000
0.000000 0.000000
0.000000 0.000000
0.000000 0.000000
0.000000 0.000000
0.000000 0.000000
0.000000 0.000000
0.000000 0.000000
0.000000 0.000000
0.000000 0.000000
0.000000 0.000000
0.000000 0.000000
0.000000 0.000000
0.000000 0.000000
0.000000 0.000000
0.000000 0.000000
0.000000 0.000000
0.000000 0.000000
0.000000 0.000000
0.000000 0.000000
0.000000 0.000000
0.000000 0.000000
0.000000 0.000000
0.000000 0.000000
0.000000 0.000000
0.000000 0.000000
0.000000 0.000000
0.000000 0.000000
0.000000 0.000000
0.000000 0.000000
0.000000 0.000000
0.000000 0.000000
0.000000 0.000000
0.000000 0.000000
0.000000 0.000000
0.000000 0.000000
0.000000 0.000000
0.000000 0.000000
0.000000 0.000000
0.000000 0.000000
0.000000 0.000000
9.528405 0.000000
19.018620 0.000000
37.884480 0.000000
47.260125 0.000000
70.527625 0.000000
107.228688 0.000000
147.701229 0.000000
165.497757 0.000000
200.327925 0.000000
264.229929 0.000000
309.552485 0.000000
371.444755 0.000000
450.642426 0.000000
561.692310 0.000000
657.879423 0.000000
767.972056 0.000000
899.598817 0.000000
1001.329285 0.000000
1079.320256 0.000000
1090.033007 0.000000
915.602701 0.000000
569.750173 0.000000
407.483808 0.000000
156.264682 0.000000
180.300469 0.000000
213.405088 0.000000
242.261147 0.000000
271.973566 0.000000
292.469509 0.000000
292.425587 0.000000
249.377896 0.000000
144.683943 0.000000
78.328427 0.000000
37.049869 0.000000
42.833605 0.000000
49.884700 0.000000
61.103771 0.000000
69.359304 0.000000
75.567125 0.000000
78.902840 0.000000
71.543849 0.000000
48.924795 0.000000
17.344342 0.000000
1.668809 0.000000
1.952493 0.000000
2.295090 0.000000
2.910399 0.000000
3.728777 0.000000
4.477256 0.000000
5.456640 0.000000
6.538577 0.000000
7.412849 0.000000
8.260294 0.000000
8.885821 0.000000
8.981460 0.000000
8.269185 0.000000
5.721286 0.000000
5.098954 0.000000
5.346424 0.000000
5.094814 0.000000
3.917983 0.000000
2.126852 0.000000
0.722406 0.000000
0.209691 0.000000
0.269550 0.000000
0.334863 0.000000
0.411894 0.000000
0.475778 0.000000
0.593264 0.000000
0.719700 0.000000
0.851616 0.000000
0.964715 0.000000
1.050900 0.000000
1.088540 0.000000
1.031032 0.000000
0.783704 0.000000
0.594066 0.000000
0.636606 0.000000
0.618066 0.000000
0.496932 0.000000
0.203802 0.000000
0.000000 0.000000
0.000000 0.000000
0.000000 0.000000
0.000000 0.000000
0.000000 0.000000
0.000000 0.000000
0.000000 0.000000
0.000000 0.000000
0.000000 0.000000
0.000000 0.000000
0.000000 0.000000
0.000000 0.000000
0.000000 0.000000
0.000000 0.000000
0.000000 0.000000
0.000000 0.000000
0.000000 0.000000
0.000000 0.000000
0.000000 0.000000
0.000000 0.000000
0.000000 0.000000
0.000000 0.000000
0.000000 0.000000
0.000000 0.000000
0.000000 0.000000
0.000000 0.000000
0.000000 0.000000
0.000000 0.000000
0.000000 0.000000
0.000000 0.000000
0.000000 0.000000
0.000000 0.000000
0.000000 0.000000
0.000000 0.000000
0.000000 0.000000
0.000000 0.000000
0.000000 0.000000
0.000000 0.000000
0.000000 0.000000
0.000000 0.000000
0.000000 0.000000
0.000000 0.000000
0.000000 0.000000
0.000000 0.000000
0.000000 0.000000
0.000000 0.000000
