29851094.059397 0.000000
28724718.393923 0.000000
28349702.936396 0.000000
28172788.827954 0.000000
27608825.756809 0.000000
27401774.231753 0.000000
27824393.258753 0.000000
27226502.856423 0.000000
26903895.613335 0.000000
26380846.609719 0.000000
26277793.359042 0.000000
26386249.945377 0.000000
26587618.962827 0.000000
26352084.941394 0.000000
26241182.481632 0.000000
26261929.492383 0.000000
24020997.393312 0.000000
22032786.327383 0.000000
20720102.352615 0.000000
20041290.898502 0.000000
21642123.095631 0.000000
21781760.628221 0.000000
22765468.412496 0.000000
21561841.426363 0.000000
19686553.801484 0.000000
18683287.158251 0.000000
18912892.475838 0.000000
17862095.122742 0.000000
17896997.823693 0.000000
17641073.447942 0.000000
17826388.232854 0.000000
17986821.252961 0.000000
17882317.716183 0.000000
18786029.097270 0.000000
18227008.506061 0.000000
18399071.625186 0.000000
18667648.579029 0.000000
18392667.600319 0.000000
17031571.153665 0.000000
13043296.636599 0.000000
8624517.338662 0.000000
3421470.537914 0.000000
3660918.747860 0.000000
4283676.728432 0.000000
4886357.745419 0.000000
5090886.450280 0.000000
5101155.208450 0.000000
4264088.561160 0.000000
1819701.224518 0.000000
1326769.755753 0.000000
1497189.435384 0.000000
1697733.465694 0.000000
2022320.651905 0.000000
2226145.348849 0.000000
2465704.407465 0.000000
2636369.062928 0.000000
2727172.465387 0.000000
2334331.621272 0.000000
1109285.125545 0.000000
16267.516332 0.000000
19551.952690 0.000000
22527.571194 0.000000
25668.773821 0.000000
28049.212847 0.000000
28982.976347 0.000000
27399.184811 0.000000
22983.187074 0.000000
21687.301128 0.000000
16987.847267 0.000000
11686.106301 0.000000
8917.015891 0.000000
11697.348702 0.000000
14148.167005 0.000000
16911.490750 0.000000
20956.335738 0.000000
24689.846534 0.000000
28585.117835 0.000000
33580.588856 0.000000
37142.001057 0.000000
40037.737709 0.000000
38409.604984 0.000000
33577.800699 0.000000
32454.791508 0.000000
26654.678309 0.000000
31693.304511 0.000000
37113.781633 0.000000
44012.536292 0.000000
52024.568867 0.000000
56433.745864 0.000000
57466.054396 0.000000
51001.732671 0.000000
45110.546554 0.000000
48450.151761 0.000000
49426.920456 0.000000
46744.373488 0.000000
44848.364330 0.000000
44913.000634 0.000000
43441.263701 0.000000
43069.831077 0.000000
23741.884235 0.000000
14527.596182 0.000000
16345.963543 0.000000
17702.089276 0.000000
18298.075327 0.000000
17435.367671 0.000000
12540.453828 0.000000
11125.842241 0.000000
10118.642430 0.000000
11070.608492 0.000000
11709.925739 0.000000
11206.512760 0.000000
7603.132262 0.000000
6577.514838 0.000000
7501.197943 0.000000
8356.924236 0.000000
8928.105878 0.000000
8459.309838 0.000000
8586.449464 0.000000
8457.558149 0.000000
8591.739975 0.000000
8969.918026 0.000000
8753.036706 0.000000
7885.393361 0.000000
7241.285551 0.000000
5150.190768 0.000000
3378.536300 0.000000
3436.484835 0.000000
3775.082741 0.000000
4050.545515 0.000000
3925.211354 0.000000
3321.928917 0.000000
2394.979877 0.000000
2398.462877 0.000000
1924.530637 0.000000
1456.413686 0.000000
1732.254440 0.000000
2000.698403 0.000000
2297.471340 0.000000
2495.678236 0.000000
2655.096678 0.000000
2522.571667 0.000000
2162.549014 0.000000
2459.734761 0.000000
2748.979141 0.000000
3055.854459 0.000000
3181.308957 0.000000
3183.951208 0.000000
3219.853625 0.000000
2966.924971 0.000000
2484.229623 0.000000
2215.860098 0.000000
1537.108804 0.000000
1412.995440 0.000000
1397.186053 0.000000
1342.100019 0.000000
1130.082417 0.000000
839.635228 0.000000
1149.187426 0.000000
1334.608916 0.000000
1572.043257 0.000000
1735.931934 0.000000
2206.645669 0.000000
2675.813648 0.000000
3049.401849 0.000000
3438.743108 0.000000
4069.176915 0.000000
5193.576939 0.000000
6478.690466 0.000000
2617.866863 0.000000
3085.557443 0.000000
3802.073160 0.000000
4317.390030 0.000000
4965.071511 0.000000
5830.386181 0.000000
6474.878156 0.000000
7069.285215 0.000000
7368.668891 0.000000
7248.574621 0.000000
6017.225306 0.000000
3422.298910 0.000000
2647.614000 0.000000
1319.684562 0.000000
7.340305 0.000000
7.340305 0.000000
21.917848 0.000000
29.125666 0.000000
32.707511 0.000000
36.274645 0.000000
46.887790 0.000000
71.549020 0.000000
102.283392 0.000000
130.391770 0.000000
160.045592 0.000000
213.342432 0.000000
261.334602 0.000000
313.829447 0.000000
377.416232 0.000000
460.029524 0.000000
523.841817 0.000000
591.621070 0.000000
643.027739 0.000000
650.678443 0.000000
600.449402 0.000000
410.720749 0.000000
349.990580 0.000000
405.635764 0.000000
484.578032 0.000000
570.493121 0.000000
638.929142 0.000000
693.798162 0.000000
690.512097 0.000000
541.828077 0.000000
328.921049 0.000000
166.550048 0.000000
0.000000 0.000000
0.000000 0.000000
0.000000 0.000000
0.000000 0.000000
0.000000 0.000000
0.000000 0.000000
0.000000 0.000000
0.000000 0.000000
0.000000 0.000000
0.000000 0.000000
0.000000 0.000000
0.000000 0.000000
0.000000 0.000000
0.000000 0.000000
44.635550 0.000000
89.092200 0.000000
133.369950 0.000000
272.131773 0.000000
322.670299 0.000000
459.972452 0.000000
602.907653 0.000000
875.153669 0.000000
1121.790033 0.000000
1533.397380 0.000000
1987.209685 0.000000
2444.290074 0.000000
2918.823572 0.000000
3552.108995 0.000000
4186.225714 0.000000
4816.930372 0.000000
5663.343725 0.000000
6629.087089 0.000000
7450.211385 0.000000
8051.979500 0.000000
8204.097814 0.000000
7850.129633 0.000000
6530.058060 0.000000
5785.985109 0.000000
4458.898757 0.000000
3764.350899 0.000000
2796.614567 0.000000
3118.115429 0.000000
3477.725063 0.000000
3612.709185 0.000000
3434.003103 0.000000
3224.894249 0.000000
3155.356831 0.000000
2796.492663 0.000000
2568.553745 0.000000
2598.467437 0.000000
2579.015145 0.000000
2510.390818 0.000000
2088.406756 0.000000
1675.834746 0.000000
1943.550792 0.000000
2157.093494 0.000000
2614.413791 0.000000
2922.671582 0.000000
3188.435092 0.000000
3192.045082 0.000000
2790.236754 0.000000
1917.766221 0.000000
1365.628308 0.000000
1521.127559 0.000000
1569.506197 0.000000
1424.765242 0.000000
855.042841 0.000000
421.232511 0.000000
494.871969 0.000000
576.218406 0.000000
646.646358 0.000000
715.319281 0.000000
755.685373 0.000000
759.721778 0.000000
675.156874 0.000000
399.819820 0.000000
299.015555 0.000000
334.739593 0.000000
377.116989 0.000000
400.608127 0.000000
390.255286 0.000000
310.620317 0.000000
159.277065 0.000000
53.714458 0.000000
16.513971 0.000000
20.649343 0.000000
26.150982 0.000000
31.268488 0.000000
35.273702 0.000000
44.901767 0.000000
49.534481 0.000000
59.582445 0.000000
70.182014 0.000000
80.346619 0.000000
88.875802 0.000000
92.638150 0.000000
89.083353 0.000000
65.806901 0.000000
43.966784 0.000000
48.175577 0.000000
48.221978 0.000000
42.657447 0.000000
23.939610 0.000000
7.007405 0.000000
2.376157 0.000000
2.676240 0.000000
3.344114 0.000000
3.887615 0.000000
4.613269 0.000000
5.829922 0.000000
7.106313 0.000000
8.482232 0.000000
10.345404 0.000000
11.450638 0.000000
12.168873 0.000000
11.905148 0.000000
10.075283 0.000000
5.222966 0.000000
1.850546 0.000000
0.000000 0.000000
0.000000 0.000000
0.000000 0.000000
0.000000 0.000000
0.000000 0.000000
0.000000 0.000000
0.000000 0.000000
0.000000 0.000000
0.000000 0.000000
0.000000 0.000000
0.000000 0.000000
0.000000 0.000000
0.000000 0.000000
0.000000 0.000000
0.000000 0.000000
0.000000 0.000000
0.000000 0.000000
0.000000 0.000000
0.000000 0.000000
0.000000 0.000000
0.000000 0.000000
0.000000 0.000000
0.000000 0.000000
0.000000 0.000000
0.000000 0.000000
0.000000 0.000000
0.000000 0.000000
0.000000 0.000000
0.000000 0.000000
0.000000 0.000000
0.000000 0.000000
0.000000 0.000000
0.000000 0.000000
0.000000 0.000000
0.000000 0.000000
0.000000 0.000000
0.000000 0.000000
0.000000 0.000000
0.000000 0.000000
0.000000 0.000000
0.000000 0.000000
0.000000 0.000000
0.000000 0.000000
0.000000 0.000000
0.000000 0.000000
0.000000 0.000000
0.000000 0.000000
0.000000 0.000000
0.000000 0.000000
0.000000 0.000000
0.000000 0.000000
0.000000 0.000000
0.000000 0.000000
0.000000 0.000000
0.000000 0.000000
0.000000 0.000000
0.000000 0.000000
0.000000 0.000000
0.000000 0.000000
0.000000 0.000000
0.000000 0.000000
0.000000 0.000000
0.000000 0.000000
0.000000 0.000000
0.000000 0.000000
0.000000 0.000000
0.000000 0.000000
0.000000 0.000000
0.000000 0.000000
0.000000 0.000000
0.000000 0.000000
0.000000 0.000000
0.000000 0.000000
0.000000 0.000000
0.000000 0.000000
0.000000 0.000000
0.000000 0.000000
0.000000 0.000000
0.000000 0.000000
0.000000 0.000000
0.000000 0.000000
0.000000 0.000000
0.000000 0.000000
0.000000 0.000000
0.000000 0.000000
0.000000 0.000000
0.000000 0.000000
0.000000 0.000000
0.000000 0.000000
0.000000 0.000000
0.000000 0.000000
0.000000 0.000000
0.000000 0.000000
0.000000 0.000000
0.000000 0.000000
0.000000 0.000000
0.000000 0.000000
0.000000 0.000000
0.000000 0.000000
0.000000 0.000000
0.000000 0.000000
0.000000 0.000000
0.000000 0.000000
0.000000 0.000000
0.000000 0.000000
0.000000 0.000000
0.000000 0.000000
0.000000 0.000000
0.000000 0.000000
0.000000 0.000000
0.000000 0.000000
0.000000 0.000000
0.000000 0.000000
0.000000 0.000000
0.000000 0.000000
0.000000 0.000000
0.000000 0.000000
0.000000 0.000000
0.000000 0.000000
0.000000 0.000000
0.000000 0.000000
0.000000 0.000000
0.000000 0.000000
0.000000 0.000000
0.000000 0.000000
0.000000 0.000000
0.000000 0.000000
0.000000 0.000000
0.000000 0.000000
0.000000 0.000000
0.000000 0.000000
0.000000 0.000000
0.000000 0.000000
0.000000 0.000000
0.000000 0.000000
0.000000 0.000000
0.000000 0.000000
0.000000 0.000000
0.000000 0.000000
0.000000 0.000000
0.000000 0.000000
0.000000 0.000000
0.000000 0.000000
0.000000 0.000000
0.000000 0.000000
0.000000 0.000000
0.000000 0.000000
0.000000 0.000000
0.000000 0.000000
0.000000 0.000000
0.000000 0.000000
0.000000 0.000000
0.000000 0.000000
0.000000 0.000000
0.000000 0.000000
0.000000 0.000000
0.000000 0.000000
0.000000 0.000000
0.000000 0.000000
0.000000 0.000000
0.000000 0.000000
0.000000 0.000000
0.000000 0.000000
0.000000 0.000000
0.000000 0.000000
0.000000 0.000000
0.000000 0.000000
0.000000 0.000000
0.000000 0.000000
0.000000 0.000000
0.000000 0.000000
0.000000 0.000000
0.000000 0.000000
0.000000 0.000000
0.000000 0.000000
0.000000 0.000000
0.000000 0.000000
0.000000 0.000000
0.000000 0.000000
0.000000 0.000000
0.000000 0.000000
0.000000 0.000000
0.000000 0.000000
0.000000 0.000000
0.000000 0.000000
0.000000 0.000000
0.000000 0.000000
0.000000 0.000000
0.000000 0.000000
0.000000 0.000000
0.000000 0.000000
0.000000 0.000000
0.000000 0.000000
0.000000 0.000000
0.000000 0.000000
0.000000 0.000000
0.000000 0.000000
0.000000 0.000000
0.000000 0.000000
0.000000 0.000000
0.000000 0.000000
0.000000 0.000000
0.000000 0.000000
0.000000 0.000000
0.000000 0.000000
0.000000 0.000000
0.000000 0.000000
0.000000 0.000000
0.000000 0.000000
0.000000 0.000000
0.000000 0.000000
0.000000 0.000000
0.000000 0.000000
0.000000 0.000000
0.000000 0.000000
0.000000 0.000000
0.000000 0.000000
0.000000 0.000000
0.000000 0.000000
0.000000 0.000000
0.000000 0.000000
0.000000 0.000000
0.000000 0.000000
0.000000 0.000000
0.000000 0.000000
0.000000 0.000000
0.000000 0.000000
0.000000 0.000000
0.000000 0.000000
0.000000 0.000000
0.000000 0.000000
0.000000 0.000000
0.000000 0.000000
0.000000 0.000000
0.000000 0.000000
0.000000 0.000000
0.000000 0.000000
0.000000 0.000000
0.000000 0.000000
0.000000 0.000000
0.000000 0.000000
0.000000 0.000000
0.000000 0.000000
0.000000 0.000000
0.000000 0.000000
0.000000 0.000000
0.000000 0.000000
0.000000 0.000000
0.000000 0.000000
0.000000 0.000000
0.000000 0.000000
0.000000 0.000000
0.000000 0.000000
0.000000 0.000000
0.000000 0.000000
0.000000 0.000000
0.000000 0.000000
0.000000 0.000000
0.000000 0.000000
0.000000 0.000000
0.000000 0.000000
0.000000 0.000000
0.000000 0.000000
0.000000 0.000000
0.000000 0.000000
0.000000 0.000000
0.000000 0.000000
0.000000 0.000000
0.000000 0.000000
0.000000 0.000000
0.000000 0.000000
0.000000 0.000000
0.000000 0.000000
0.000000 0.000000
0.000000 0.000000
0.000000 0.000000
0.000000 0.000000
0.000000 0.000000
0.000000 0.000000
0.000000 0.000000
0.000000 0.000000
0.000000 0.000000
0.000000 0.000000
0.000000 0.000000
0.000000 0.000000
0.000000 0.000000
0.000000 0.000000
0.000000 0.000000
0.000000 0.000000
0.000000 0.000000
0.000000 0.000000
0.000000 0.000000
0.000000 0.000000
0.000000 0.000000
0.000000 0.000000
0.000000 0.000000
0.000000 0.000000
0.000000 0.000000
0.000000 0.000000
0.000000 0.000000
0.000000 0.000000
0.000000 0.000000
0.000000 0.000000
0.000000 0.000000
0.000000 0.000000
0.000000 0.000000
0.000000 0.000000
0.000000 0.000000
0.000000 0.000000
0.000000 0.000000
0.000000 0.000000
0.000000 0.000000
0.000000 0.000000
0.000000 0.000000
0.000000 0.000000
0.000000 0.000000
0.000000 0.000000
0.000000 0.000000
0.000000 0.000000
0.000000 0.000000
0.000000 0.000000
0.000000 0.000000
0.000000 0.000000
0.000000 0.000000
0.000000 0.000000
0.000000 0.000000
0.000000 0.000000
0.000000 0.000000
0.000000 0.000000
0.000000 0.000000
0.000000 0.000000
0.000000 0.000000
0.000000 0.000000
0.000000 0.000000
0.000000 0.000000
0.000000 0.000000
0.000000 0.000000
0.000000 0.000000
0.000000 0.000000
0.000000 0.000000
0.000000 0.000000
0.000000 0.000000
0.000000 0.000000
0.000000 0.000000
0.000000 0.000000
0.000000 0.000000
0.000000 0.000000
0.000000 0.000000
0.000000 0.000000
0.000000 0.000000
0.000000 0.000000
0.000000 0.000000
0.000000 0.000000
0.000000 0.000000
0.000000 0.000000
0.000000 0.000000
0.000000 0.000000
0.000000 0.000000
0.000000 0.000000
0.000000 0.000000
0.000000 0.000000
0.000000 0.000000
0.000000 0.000000
0.000000 0.000000
0.000000 0.000000
0.000000 0.000000
0.000000 0.000000
0.000000 0.000000
0.000000 0.000000
0.000000 0.000000
0.000000 0.000000
0.000000 0.000000
0.000000 0.000000
0.000000 0.000000
0.000000 0.000000
0.000000 0.000000
0.000000 0.000000
0.000000 0.000000
0.000000 0.000000
0.000000 0.000000
0.000000 0.000000
0.000000 0.000000
0.000000 0.000000
0.000000 0.000000
0.000000 0.000000
0.000000 0.000000
0.000000 0.000000
0.000000 0.000000
0.000000 0.000000
0.000000 0.000000
0.000000 0.000000
0.000000 0.000000
0.000000 0.000000
0.000000 0.000000
0.000000 0.000000
0.000000 0.000000
0.000000 0.000000
0.000000 0.000000
0.000000 0.000000
0.000000 0.000000
0.000000 0.000000
0.000000 0.000000
0.000000 0.000000
0.000000 0.000000
0.000000 0.000000
0.000000 0.000000
0.000000 0.000000
0.000000 0.000000
0.000000 0.000000
0.000000 0.000000
0.000000 0.000000
0.000000 0.000000
0.000000 0.000000
0.000000 0.000000
0.000000 0.000000
0.000000 0.000000
0.000000 0.000000
0.000000 0.000000
0.000000 0.000000
0.000000 0.000000
0.000000 0.000000
0.000000 0.000000
0.000000 0.000000
0.000000 0.000000
0.000000 0.000000
0.000000 0.000000
0.000000 0.000000
0.000000 0.000000
0.000000 0.000000
0.000000 0.000000
0.000000 0.000000
0.000000 0.000000
0.000000 0.000000
0.000000 0.000000
0.000000 0.000000
0.000000 0.000000
0.000000 0.000000
0.000000 0.000000
0.000000 0.000000
0.000000 0.000000
0.000000 0.000000
0.000000 0.000000
0.000000 0.000000
0.000000 0.000000
0.000000 0.000000
0.000000 0.000000
0.000000 0.000000
0.000000 0.000000
0.000000 0.000000
0.000000 0.000000
0.000000 0.000000
0.000000 0.000000
0.000000 0.000000
0.000000 0.000000
0.000000 0.000000
0.000000 0.000000
0.000000 0.000000
0.000000 0.000000
0.000000 0.000000
0.000000 0.000000
0.000000 0.000000
0.000000 0.000000
0.000000 0.000000
0.000000 0.000000
0.000000 0.000000
0.000000 0.000000
0.000000 0.000000
0.000000 0.000000
0.000000 0.000000
0.000000 0.000000
0.000000 0.000000
0.000000 0.000000
0.000000 0.000000
0.000000 0.000000
0.000000 0.000000
0.000000 0.000000
0.000000 0.000000
0.000000 0.000000
