124235553.185781 0.000000
123158733.632990 0.000000
124022818.092450 0.000000
123083476.184234 0.000000
122142328.105556 0.000000
123357008.029091 0.000000
122655188.322309 0.000000
122479021.923141 0.000000
122727548.889874 0.000000
121375685.666977 0.000000
120180849.902759 0.000000
121216781.529910 0.000000
121199238.040661 0.000000
119295762.533928 0.000000
117448054.398512 0.000000
116280272.221837 0.000000
116418595.622841 0.000000
114423485.147355 0.000000
114500594.867341 0.000000
109680283.300703 0.000000
108658627.777883 0.000000
103606810.053703 0.000000
99891834.826996 0.000000
97456823.725713 0.000000
93345108.213062 0.000000
90554150.117986 0.000000
84168546.516649 0.000000
67858157.364678 0.000000
56716107.618342 0.000000
45687484.672117 0.000000
50470334.114315 0.000000
55348136.931042 0.000000
56326710.413957 0.000000
51385750.957376 0.000000
33574295.021846 0.000000
14628330.749189 0.000000
17799775.988998 0.000000
22059891.428682 0.000000
27207946.868166 0.000000
31532713.135464 0.000000
37773637.279085 0.000000
44443716.453545 0.000000
49409840.354016 0.000000
54324401.728505 0.000000
56653348.112524 0.000000
54194652.175808 0.000000
50497195.805358 0.000000
34725494.569796 0.000000
16541630.794989 0.000000
17080256.769521 0.000000
20547792.376129 0.000000
24094640.701002 0.000000
28689249.414347 0.000000
27168624.520717 0.000000
31744937.901462 0.000000
37518165.684341 0.000000
24653666.972323 0.000000
11382488.753735 0.000000
14168809.674033 0.000000
18341065.676778 0.000000
21955329.439200 0.000000
9100524.687045 0.000000
2274553.069678 0.000000
2928712.938226 0.000000
3162539.125683 0.000000
3421679.923650 0.000000
4169137.129949 0.000000
4288095.296339 0.000000
4431963.076657 0.000000
5344579.797622 0.000000
6360265.280079 0.000000
8234088.777322 0.000000
10165343.415456 0.000000
12584183.508009 0.000000
15621487.457179 0.000000
18621915.862010 0.000000
19096022.887086 0.000000
186863.214436 0.000000
172931.813738 0.000000
167790.679200 0.000000
171403.318497 0.000000
157204.698405 0.000000
107514.638704 0.000000
70808.770436 0.000000
52347.752922 0.000000
25547.080364 0.000000
30589.067318 0.000000
38190.772951 0.000000
45848.292500 0.000000
56792.895659 0.000000
69637.812341 0.000000
82753.319191 0.000000
97615.532752 0.000000
115556.106002 0.000000
131745.260466 0.000000
146948.261911 0.000000
153346.992543 0.000000
143538.034140 0.000000
134345.635466 0.000000
122196.174271 0.000000
76209.905466 0.000000
49046.793112 0.000000
62157.144352 0.000000
78318.994629 0.000000
98973.954047 0.000000
118308.611409 0.000000
138197.348542 0.000000
158126.988884 0.000000
173847.619285 0.000000
182510.708165 0.000000
176845.936795 0.000000
142279.821515 0.000000
137480.158199 0.000000
107897.352757 0.000000
79342.004218 0.000000
93742.730117 0.000000
108312.498883 0.000000
117702.117480 0.000000
125160.688743 0.000000
123124.183940 0.000000
103890.437785 0.000000
69658.317608 0.000000
42806.524312 0.000000
8882.479306 0.000000
11630.168148 0.000000
14592.465160 0.000000
17880.792328 0.000000
21274.268973 0.000000
23625.123970 0.000000
29374.671338 0.000000
34653.505965 0.000000
40954.689745 0.000000
49851.449728 0.000000
58603.891271 0.000000
70170.878126 0.000000
80127.495538 0.000000
88123.614640 0.000000
96568.992891 0.000000
102175.525856 0.000000
111647.580944 0.000000
125084.467907 0.000000
136570.359465 0.000000
140703.398022 0.000000
134037.414934 0.000000
135237.220906 0.000000
120580.500222 0.000000
83339.503654 0.000000
202.240708 0.000000
303.057093 0.000000
403.670832 0.000000
604.290372 0.000000
903.699837 0.000000
1228.602675 0.000000
1255.864597 0.000000
1578.617707 0.000000
1974.985262 0.000000
2910.050580 0.000000
3411.752905 0.000000
4086.174539 0.000000
5316.298643 0.000000
6495.706320 0.000000
8280.495905 0.000000
10305.063117 0.000000
12305.861292 0.000000
14690.338496 0.000000
17632.082808 0.000000
20558.093943 0.000000
24026.069756 0.000000
25852.029770 0.000000
26730.146711 0.000000
24322.510344 0.000000
24247.271591 0.000000
23358.247554 0.000000
25502.174371 0.000000
26113.877035 0.000000
23438.422350 0.000000
14482.749080 0.000000
8701.960833 0.000000
9876.768404 0.000000
11463.445744 0.000000
12671.840550 0.000000
13294.204285 0.000000
12802.807364 0.000000
9572.257036 0.000000
6913.411506 0.000000
1732.749713 0.000000
460.176589 0.000000
595.833059 0.000000
720.189454 0.000000
884.450169 0.000000
1157.481435 0.000000
1392.812720 0.000000
1664.884530 0.000000
2143.028112 0.000000
2536.016080 0.000000
2981.336266 0.000000
3495.537732 0.000000
3890.960000 0.000000
4049.277740 0.000000
3808.038350 0.000000
2974.755213 0.000000
2416.341688 0.000000
2038.314177 0.000000
2065.876021 0.000000
2535.020649 0.000000
2824.279722 0.000000
3091.442757 0.000000
3154.642986 0.000000
3635.696768 0.000000
4154.803908 0.000000
4529.522932 0.000000
5065.475265 0.000000
5421.964258 0.000000
5445.231196 0.000000
4900.324154 0.000000
3327.418511 0.000000
2462.027628 0.000000
2835.070623 0.000000
3173.153599 0.000000
3315.392495 0.000000
3194.325237 0.000000
2527.925970 0.000000
2301.320982 0.000000
1985.656327 0.000000
1502.307563 0.000000
846.651478 0.000000
13.158388 0.000000
0.000000 0.000000
0.000000 0.000000
0.000000 0.000000
0.000000 0.000000
0.000000 0.000000
0.000000 0.000000
0.000000 0.000000
0.000000 0.000000
0.000000 0.000000
0.000000 0.000000
0.000000 0.000000
0.000000 0.000000
0.000000 0.000000
0.000000 0.000000
0.000000 0.000000
0.000000 0.000000
0.000000 0.000000
0.000000 0.000000
0.000000 0.000000
0.000000 0.000000
0.000000 0.000000
0.000000 0.000000
0.000000 0.000000
0.000000 0.000000
0.000000 0.000000
0.000000 0.000000
0.000000 0.000000
0.000000 0.000000
0.000000 0.000000
0.000000 0.000000
0.000000 0.000000
0.000000 0.000000
0.000000 0.000000
0.000000 0.000000
0.000000 0.000000
0.000000 0.000000
0.000000 0.000000
0.000000 0.000000
0.000000 0.000000
0.000000 0.000000
0.000000 0.000000
0.000000 0.000000
0.000000 0.000000
0.000000 0.000000
0.000000 0.000000
0.000000 0.000000
0.000000 0.000000
0.000000 0.000000
0.000000 0.000000
0.000000 0.000000
0.000000 0.000000
0.000000 0.000000
0.000000 0.000000
0.000000 0.000000
0.000000 0.000000
0.000000 0.000000
0.000000 0.000000
0.000000 0.000000
0.000000 0.000000
0.000000 0.000000
0.000000 0.000000
0.000000 0.000000
0.000000 0.000000
0.000000 0.000000
0.000000 0.000000
0.000000 0.000000
0.000000 0.000000
0.000000 0.000000
0.000000 0.000000
0.000000 0.000000
0.000000 0.000000
0.000000 0.000000
0.000000 0.000000
0.000000 0.000000
0.000000 0.000000
0.000000 0.000000
0.000000 0.000000
0.000000 0.000000
0.000000 0.000000
0.000000 0.000000
0.000000 0.000000
0.000000 0.000000
0.000000 0.000000
0.000000 0.000000
0.000000 0.000000
0.000000 0.000000
0.000000 0.000000
0.000000 0.000000
0.000000 0.000000
0.000000 0.000000
0.000000 0.000000
0.000000 0.000000
0.000000 0.000000
0.000000 0.000000
0.000000 0.000000
0.000000 0.000000
0.000000 0.000000
0.000000 0.000000
0.000000 0.000000
0.000000 0.000000
0.000000 0.000000
0.000000 0.000000
0.000000 0.000000
0.000000 0.000000
0.000000 0.000000
0.000000 0.000000
0.000000 0.000000
0.000000 0.000000
0.000000 0.000000
0.000000 0.000000
0.000000 0.000000
0.000000 0.000000
0.000000 0.000000
0.000000 0.000000
0.000000 0.000000
0.000000 0.000000
0.000000 0.000000
0.000000 0.000000
0.000000 0.000000
0.000000 0.000000
0.000000 0.000000
0.000000 0.000000
0.000000 0.000000
0.000000 0.000000
0.000000 0.000000
0.000000 0.000000
0.000000 0.000000
0.000000 0.000000
0.000000 0.000000
0.000000 0.000000
0.000000 0.000000
0.000000 0.000000
0.000000 0.000000
0.000000 0.000000
0.000000 0.000000
0.000000 0.000000
0.000000 0.000000
0.000000 0.000000
0.000000 0.000000
0.000000 0.000000
0.000000 0.000000
0.000000 0.000000
0.000000 0.000000
0.000000 0.000000
0.000000 0.000000
0.000000 0.000000
0.000000 0.000000
0.000000 0.000000
0.000000 0.000000
0.000000 0.000000
0.000000 0.000000
0.000000 0.000000
0.000000 0.000000
0.000000 0.000000
0.000000 0.000000
0.000000 0.000000
0.000000 0.000000
0.000000 0.000000
0.000000 0.000000
0.000000 0.000000
0.000000 0.000000
0.000000 0.000000
0.000000 0.000000
0.000000 0.000000
0.000000 0.000000
0.000000 0.000000
0.000000 0.000000
0.000000 0.000000
0.000000 0.000000
0.000000 0.000000
0.000000 0.000000
0.000000 0.000000
0.000000 0.000000
0.000000 0.000000
0.000000 0.000000
0.000000 0.000000
0.000000 0.000000
0.000000 0.000000
0.000000 0.000000
0.000000 0.000000
0.000000 0.000000
0.000000 0.000000
0.000000 0.000000
0.000000 0.000000
0.000000 0.000000
0.000000 0.000000
0.000000 0.000000
0.000000 0.000000
0.000000 0.000000
0.000000 0.000000
0.000000 0.000000
0.000000 0.000000
0.000000 0.000000
0.000000 0.000000
0.000000 0.000000
0.000000 0.000000
0.000000 0.000000
0.000000 0.000000
0.000000 0.000000
0.000000 0.000000
0.000000 0.000000
0.000000 0.000000
0.000000 0.000000
0.000000 0.000000
0.000000 0.000000
0.000000 0.000000
0.000000 0.000000
0.000000 0.000000
0.000000 0.000000
0.000000 0.000000
0.000000 0.000000
0.000000 0.000000
0.000000 0.000000
0.000000 0.000000
0.000000 0.000000
0.000000 0.000000
0.000000 0.000000
0.000000 0.000000
0.000000 0.000000
0.000000 0.000000
0.000000 0.000000
0.000000 0.000000
0.000000 0.000000
0.000000 0.000000
0.000000 0.000000
0.000000 0.000000
0.000000 0.000000
0.000000 0.000000
0.000000 0.000000
0.000000 0.000000
0.000000 0.000000
0.000000 0.000000
0.000000 0.000000
0.000000 0.000000
0.000000 0.000000
0.000000 0.000000
0.000000 0.000000
0.000000 0.000000
0.000000 0.000000
0.000000 0.000000
0.000000 0.000000
0.000000 0.000000
0.000000 0.000000
0.000000 0.000000
0.000000 0.000000
0.000000 0.000000
0.000000 0.000000
0.000000 0.000000
0.000000 0.000000
0.000000 0.000000
0.000000 0.000000
0.000000 0.000000
0.000000 0.000000
0.000000 0.000000
0.000000 0.000000
0.000000 0.000000
0.000000 0.000000
0.000000 0.000000
0.000000 0.000000
0.000000 0.000000
0.000000 0.000000
0.000000 0.000000
0.000000 0.000000
0.000000 0.000000
0.000000 0.000000
0.000000 0.000000
0.000000 0.000000
0.000000 0.000000
0.000000 0.000000
0.000000 0.000000
0.000000 0.000000
0.000000 0.000000
0.000000 0.000000
0.000000 0.000000
0.000000 0.000000
0.000000 0.000000
0.000000 0.000000
0.000000 0.000000
0.000000 0.000000
0.000000 0.000000
0.000000 0.000000
0.000000 0.000000
0.000000 0.000000
0.000000 0.000000
0.000000 0.000000
0.000000 0.000000
0.000000 0.000000
0.000000 0.000000
0.000000 0.000000
40.954005 0.000000
81.826020 0.000000
142.970559 0.000000
244.454173 0.000000
284.916236 0.000000
365.594392 0.000000
505.778250 0.000000
634.923943 0.000000
851.890418 0.000000
1190.931827 0.000000
1390.589743 0.000000
1736.621078 0.000000
2075.887222 0.000000
2571.193582 0.000000
3257.239784 0.000000
3886.229288 0.000000
4862.757055 0.000000
5700.576507 0.000000
6607.021882 0.000000
7691.782021 0.000000
8520.937594 0.000000
9013.718019 0.000000
8695.274099 0.000000
6946.869399 0.000000
5111.065107 0.000000
4682.409324 0.000000
3181.830786 0.000000
1239.319527 0.000000
1523.937177 0.000000
1867.618116 0.000000
2210.643661 0.000000
2485.161655 0.000000
2736.756110 0.000000
2911.371908 0.000000
2844.552661 0.000000
2220.774850 0.000000
1068.349474 0.000000
942.617445 0.000000
1095.935372 0.000000
1247.723630 0.000000
1314.887680 0.000000
1279.267824 0.000000
1005.369683 0.000000
559.253709 0.000000
237.551320 0.000000
85.301746 0.000000
111.204304 0.000000
144.139839 0.000000
181.047467 0.000000
249.596304 0.000000
299.347294 0.000000
398.608778 0.000000
522.169774 0.000000
641.164776 0.000000
722.037064 0.000000
847.127020 0.000000
953.272001 0.000000
1000.980637 0.000000
1130.742440 0.000000
1259.657687 0.000000
1527.586919 0.000000
1813.938216 0.000000
2157.077073 0.000000
2509.432147 0.000000
2862.893136 0.000000
3146.946958 0.000000
3217.004862 0.000000
2893.834407 0.000000
2085.034765 0.000000
1605.042936 0.000000
956.293348 0.000000
86.380908 0.000000
0.000000 0.000000
0.000000 0.000000
0.000000 0.000000
0.000000 0.000000
0.000000 0.000000
0.000000 0.000000
0.000000 0.000000
0.000000 0.000000
8.024967 0.000000
16.033868 0.000000
16.033868 0.000000
28.014591 0.000000
43.935999 0.000000
67.697616 0.000000
99.154848 0.000000
145.841687 0.000000
172.803984 0.000000
214.730832 0.000000
233.628012 0.000000
293.359616 0.000000
359.147276 0.000000
433.858416 0.000000
522.530676 0.000000
649.804209 0.000000
816.752720 0.000000
1003.742076 0.000000
1226.037282 0.000000
1464.491814 0.000000
1766.211873 0.000000
1960.277046 0.000000
2063.338781 0.000000
2010.725320 0.000000
1613.973550 0.000000
1576.509162 0.000000
1493.452374 0.000000
1264.144917 0.000000
1542.135290 0.000000
1830.932856 0.000000
2175.385888 0.000000
2569.129962 0.000000
3001.311502 0.000000
3301.205145 0.000000
3430.971658 0.000000
3171.199058 0.000000
2331.342064 0.000000
1627.803098 0.000000
1277.399852 0.000000
747.835360 0.000000
815.045800 0.000000
839.579642 0.000000
773.235625 0.000000
578.898037 0.000000
502.673217 0.000000
542.956741 0.000000
558.220435 0.000000
529.720213 0.000000
414.110885 0.000000
241.007910 0.000000
169.151070 0.000000
205.801795 0.000000
238.791722 0.000000
279.145667 0.000000
310.359291 0.000000
339.502384 0.000000
342.738949 0.000000
305.849967 0.000000
191.988842 0.000000
77.809280 0.000000
13.396674 0.000000
17.135851 0.000000
21.604623 0.000000
26.233587 0.000000
30.482630 0.000000
38.731725 0.000000
46.661009 0.000000
55.407929 0.000000
69.261192 0.000000
79.698847 0.000000
93.598554 0.000000
96.829529 0.000000
86.383378 0.000000
60.907071 0.000000
76.889595 0.000000
96.709246 0.000000
105.893307 0.000000
117.119165 0.000000
129.574889 0.000000
154.489601 0.000000
199.660986 0.000000
250.745563 0.000000
317.618305 0.000000
408.802119 0.000000
487.804447 0.000000
596.760505 0.000000
730.969607 0.000000
840.071262 0.000000
960.921871 0.000000
1040.388467 0.000000
1063.490976 0.000000
987.912325 0.000000
1047.629073 0.000000
1117.602528 0.000000
1112.219052 0.000000
1118.428448 0.000000
1226.373852 0.000000
1273.143118 0.000000
1178.149748 0.000000
1010.461430 0.000000
716.436180 0.000000
590.195684 0.000000
169.832515 0.000000
0.000000 0.000000
0.000000 0.000000
0.000000 0.000000
0.000000 0.000000
0.000000 0.000000
0.000000 0.000000
0.000000 0.000000
0.000000 0.000000
0.000000 0.000000
0.000000 0.000000
0.000000 0.000000
0.000000 0.000000
0.000000 0.000000
0.000000 0.000000
0.000000 0.000000
0.000000 0.000000
0.000000 0.000000
0.000000 0.000000
0.000000 0.000000
0.000000 0.000000
0.000000 0.000000
0.000000 0.000000
0.000000 0.000000
0.000000 0.000000
0.000000 0.000000
0.000000 0.000000
0.000000 0.000000
0.000000 0.000000
0.000000 0.000000
0.000000 0.000000
0.000000 0.000000
0.000000 0.000000
0.000000 0.000000
0.000000 0.000000
0.000000 0.000000
0.000000 0.000000
0.000000 0.000000
0.000000 0.000000
0.000000 0.000000
0.000000 0.000000
0.000000 0.000000
0.000000 0.000000
0.000000 0.000000
0.000000 0.000000
0.000000 0.000000
0.000000 0.000000
0.000000 0.000000
0.000000 0.000000
0.000000 0.000000
0.000000 0.000000
0.000000 0.000000
0.000000 0.000000
0.000000 0.000000
0.000000 0.000000
0.000000 0.000000
0.000000 0.000000
0.000000 0.000000
0.000000 0.000000
0.000000 0.000000
0.000000 0.000000
0.000000 0.000000
0.000000 0.000000
0.000000 0.000000
0.000000 0.000000
0.000000 0.000000
0.000000 0.000000
1.443555 0.000000
3.603605 0.000000
6.473373 0.000000
11.467059 0.000000
14.305035 0.000000
17.131451 0.000000
24.143547 0.000000
30.392910 0.000000
35.211720 0.000000
44.069277 0.000000
50.127872 0.000000
60.084509 0.000000
73.451671 0.000000
90.242970 0.000000
110.691215 0.000000
135.748959 0.000000
164.617271 0.000000
189.750763 0.000000
228.441049 0.000000
259.106473 0.000000
297.186506 0.000000
330.433465 0.000000
343.903990 0.000000
317.505415 0.000000
221.843485 0.000000
149.170857 0.000000
78.247099 0.000000
0.000000 0.000000
0.000000 0.000000
0.000000 0.000000
0.000000 0.000000
0.000000 0.000000
0.000000 0.000000
0.000000 0.000000
0.000000 0.000000
0.000000 0.000000
0.000000 0.000000
0.000000 0.000000
0.000000 0.000000
0.000000 0.000000
0.000000 0.000000
0.000000 0.000000
0.000000 0.000000
0.000000 0.000000
0.000000 0.000000
0.000000 0.000000
0.000000 0.000000
0.000000 0.000000
0.000000 0.000000
0.000000 0.000000
0.000000 0.000000
0.000000 0.000000
0.000000 0.000000
0.000000 0.000000
0.000000 0.000000
0.000000 0.000000
0.000000 0.000000
0.000000 0.000000
0.000000 0.000000
0.000000 0.000000
0.000000 0.000000
0.000000 0.000000
0.000000 0.000000
0.000000 0.000000
0.000000 0.000000
0.000000 0.000000
0.000000 0.000000
0.000000 0.000000
0.000000 0.000000
0.000000 0.000000
0.000000 0.000000
0.069930 0.000000
0.139720 0.000000
0.278880 0.000000
0.348250 0.000000
0.555520 0.000000
0.761530 0.000000
1.203545 0.000000
1.606185 0.000000
2.036720 0.000000
2.460885 0.000000
3.134250 0.000000
3.744299 0.000000
4.807230 0.000000
6.192371 0.000000
7.469077 0.000000
8.876325 0.000000
10.732608 0.000000
12.174807 0.000000
13.877382 0.000000
15.578726 0.000000
16.543080 0.000000
16.268693 0.000000
13.364284 0.000000
7.872066 0.000000
4.921778 0.000000
0.035856 0.000000
0.000000 0.000000
0.000000 0.000000
0.000000 0.000000
0.000000 0.000000
0.000000 0.000000
0.000000 0.000000
0.000000 0.000000
0.000000 0.000000
0.000000 0.000000
0.000000 0.000000
0.000000 0.000000
0.000000 0.000000
0.000000 0.000000
0.000000 0.000000
0.000000 0.000000
0.000000 0.000000
0.000000 0.000000
0.000000 0.000000
0.000000 0.000000
0.000000 0.000000
0.000000 0.000000
0.000000 0.000000
3.755241 0.000000
7.502964 0.000000
11.243169 0.000000
18.701025 0.000000
18.701025 0.000000
26.128809 0.000000
37.214100 0.000000
51.886449 0.000000
64.624296 0.000000
86.239481 0.000000
106.697576 0.000000
127.769541 0.000000
158.753869 0.000000
172.640991 0.000000
226.456394 0.000000
259.947719 0.000000
317.366334 0.000000
387.832835 0.000000
469.684441 0.000000
562.873539 0.000000
667.555851 0.000000
760.072796 0.000000
829.868565 0.000000
853.472309 0.000000
795.412155 0.000000
601.520611 0.000000
476.534061 0.000000
457.747161 0.000000
359.800515 0.000000
132.239716 0.000000
143.758744 0.000000
166.359611 0.000000
189.460484 0.000000
209.297999 0.000000
223.229101 0.000000
216.685764 0.000000
169.494043 0.000000
135.600986 0.000000
138.361730 0.000000
125.394534 0.000000
84.884245 0.000000
35.089335 0.000000
0.526298 0.000000
0.000000 0.000000
0.000000 0.000000
0.000000 0.000000
0.000000 0.000000
0.000000 0.000000
0.000000 0.000000
0.000000 0.000000
0.000000 0.000000
0.000000 0.000000
0.000000 0.000000
0.000000 0.000000
0.000000 0.000000
0.000000 0.000000
0.000000 0.000000
0.000000 0.000000
0.000000 0.000000
0.000000 0.000000
0.000000 0.000000
0.000000 0.000000
0.000000 0.000000
0.000000 0.000000
0.000000 0.000000
0.000000 0.000000
0.000000 0.000000
0.000000 0.000000
0.000000 0.000000
0.000000 0.000000
0.000000 0.000000
0.000000 0.000000
0.000000 0.000000
0.000000 0.000000
0.000000 0.000000
0.000000 0.000000
0.000000 0.000000
0.000000 0.000000
0.000000 0.000000
0.000000 0.000000
0.000000 0.000000
0.000000 0.000000
0.000000 0.000000
0.000000 0.000000
0.000000 0.000000
0.000000 0.000000
0.000000 0.000000
0.000000 0.000000
0.000000 0.000000
0.000000 0.000000
0.000000 0.000000
0.000000 0.000000
0.000000 0.000000
0.000000 0.000000
0.000000 0.000000
0.000000 0.000000
0.000000 0.000000
0.000000 0.000000
0.000000 0.000000
0.000000 0.000000
0.000000 0.000000
0.000000 0.000000
0.000000 0.000000
0.000000 0.000000
0.000000 0.000000
0.000000 0.000000
0.000000 0.000000
0.000000 0.000000
0.000000 0.000000
0.000000 0.000000
0.000000 0.000000
0.000000 0.000000
0.000000 0.000000
0.000000 0.000000
0.000000 0.000000
0.000000 0.000000
