7585698.611436 0.000000
7523785.976393 0.000000
7406014.473653 0.000000
7134482.327613 0.000000
6929802.114307 0.000000
6727408.470259 0.000000
6747319.892105 0.000000
6634529.059215 0.000000
6476413.093251 0.000000
6141422.204691 0.000000
6129877.286224 0.000000
6067359.413743 0.000000
5940838.747515 0.000000
5907894.326943 0.000000
5735377.441291 0.000000
5514432.725293 0.000000
5355328.191799 0.000000
5361101.503611 0.000000
5501106.502764 0.000000
5417214.317196 0.000000
5159093.469572 0.000000
5099258.944282 0.000000
4730990.629968 0.000000
4411453.109747 0.000000
3855971.666074 0.000000
3419680.676626 0.000000
3471998.343451 0.000000
2996314.527107 0.000000
2857024.731858 0.000000
3210443.439300 0.000000
3602848.630261 0.000000
3694234.466655 0.000000
3594002.842007 0.000000
3439886.046643 0.000000
3374021.641775 0.000000
2523682.829606 0.000000
2783537.343143 0.000000
2709390.989881 0.000000
1878775.126457 0.000000
1251998.211847 0.000000
727743.592781 0.000000
473297.779044 0.000000
272699.011137 0.000000
267094.534242 0.000000
341463.670802 0.000000
417596.497148 0.000000
473597.117396 0.000000
459889.767768 0.000000
440508.849602 0.000000
429762.048180 0.000000
431436.538498 0.000000
408870.503319 0.000000
319207.808171 0.000000
294791.895408 0.000000
341079.564883 0.000000
365835.202224 0.000000
324948.807058 0.000000
291013.238457 0.000000
294326.585670 0.000000
282045.010849 0.000000
273536.087597 0.000000
271235.113276 0.000000
256033.354278 0.000000
289981.092143 0.000000
311091.937472 0.000000
292470.856592 0.000000
284866.268566 0.000000
277313.584380 0.000000
254331.702072 0.000000
247708.416091 0.000000
225781.500721 0.000000
178698.541450 0.000000
171888.526422 0.000000
133001.953391 0.000000
146486.141434 0.000000
154556.173955 0.000000
153130.950541 0.000000
128533.218986 0.000000
84015.971264 0.000000
81540.284726 0.000000
95547.857773 0.000000
113759.915296 0.000000
125550.421937 0.000000
136240.170100 0.000000
135945.235528 0.000000
144070.165886 0.000000
156565.517501 0.000000
168992.152667 0.000000
171906.508742 0.000000
168182.206472 0.000000
158800.075632 0.000000
147330.496746 0.000000
120686.687228 0.000000
56938.033459 0.000000
50271.222588 0.000000
61506.731485 0.000000
70345.272768 0.000000
83807.070653 0.000000
96993.824284 0.000000
107869.979692 0.000000
108509.747923 0.000000
86553.716743 0.000000
88655.005700 0.000000
77496.901882 0.000000
73469.229096 0.000000
56546.168058 0.000000
52322.069511 0.000000
47377.391633 0.000000
36155.960560 0.000000
17524.908282 0.000000
14443.616541 0.000000
16104.084230 0.000000
20659.731523 0.000000
24327.466052 0.000000
29588.898118 0.000000
34287.935929 0.000000
39387.986138 0.000000
47602.137538 0.000000
55147.993268 0.000000
61744.778913 0.000000
67335.686288 0.000000
68708.360894 0.000000
66144.197430 0.000000
66229.442601 0.000000
51590.605357 0.000000
14245.266063 0.000000
2553.250412 0.000000
3544.004980 0.000000
4166.710939 0.000000
4802.696989 0.000000
6213.114355 0.000000
7377.481868 0.000000
8573.785482 0.000000
9675.293261 0.000000
10847.373498 0.000000
12869.010076 0.000000
14960.462414 0.000000
16926.023448 0.000000
18735.028094 0.000000
19320.128171 0.000000
19426.761678 0.000000
17799.367399 0.000000
16186.547759 0.000000
10177.336518 0.000000
547.073229 0.000000
219.244749 0.000000
436.728496 0.000000
866.412984 0.000000
1393.392714 0.000000
1908.925936 0.000000
2293.020594 0.000000
2787.909646 0.000000
3456.582418 0.000000
3638.290646 0.000000
3772.069135 0.000000
4524.772138 0.000000
5354.110656 0.000000
6378.093320 0.000000
7497.096508 0.000000
8878.288101 0.000000
10562.884185 0.000000
11600.668829 0.000000
12299.034727 0.000000
11927.198229 0.000000
8812.268179 0.000000
8021.485316 0.000000
6784.822744 0.000000
3485.316005 0.000000
2524.613873 0.000000
2993.810433 0.000000
3429.547992 0.000000
3772.612925 0.000000
3999.678985 0.000000
3731.405569 0.000000
2446.783217 0.000000
1673.193725 0.000000
1917.965188 0.000000
2510.632889 0.000000
2859.510147 0.000000
3710.489887 0.000000
4325.536766 0.000000
5095.890684 0.000000
6433.255869 0.000000
7157.179528 0.000000
8000.124309 0.000000
8526.971334 0.000000
8550.267227 0.000000
7641.815829 0.000000
5300.147066 0.000000
4997.051659 0.000000
5835.920296 0.000000
6949.012556 0.000000
8125.222513 0.000000
8590.349788 0.000000
8389.703204 0.000000
7150.346676 0.000000
3038.297229 0.000000
0.000000 0.000000
0.000000 0.000000
0.000000 0.000000
0.000000 0.000000
0.000000 0.000000
0.000000 0.000000
0.000000 0.000000
0.000000 0.000000
0.000000 0.000000
0.000000 0.000000
0.000000 0.000000
0.000000 0.000000
0.000000 0.000000
0.000000 0.000000
0.000000 0.000000
0.000000 0.000000
0.000000 0.000000
0.000000 0.000000
0.000000 0.000000
0.000000 0.000000
0.000000 0.000000
0.000000 0.000000
0.000000 0.000000
0.000000 0.000000
0.000000 0.000000
50.212842 0.000000
100.022368 0.000000
149.428578 0.000000
295.227312 0.000000
390.409888 0.000000
598.621773 0.000000
710.642792 0.000000
905.948565 0.000000
1111.639725 0.000000
1345.966321 0.000000
1774.540060 0.000000
2166.311181 0.000000
2536.857720 0.000000
2801.634666 0.000000
2997.469728 0.000000
2892.805060 0.000000
2309.479451 0.000000
1665.138902 0.000000
1739.613682 0.000000
1675.738607 0.000000
1288.278452 0.000000
426.910104 0.000000
0.000000 0.000000
0.000000 0.000000
0.000000 0.000000
0.000000 0.000000
0.000000 0.000000
0.000000 0.000000
0.000000 0.000000
0.000000 0.000000
0.000000 0.000000
0.000000 0.000000
0.000000 0.000000
0.000000 0.000000
0.000000 0.000000
0.000000 0.000000
0.000000 0.000000
0.000000 0.000000
0.000000 0.000000
0.000000 0.000000
0.000000 0.000000
0.000000 0.000000
0.000000 0.000000
0.000000 0.000000
0.000000 0.000000
0.000000 0.000000
0.000000 0.000000
0.000000 0.000000
0.000000 0.000000
0.000000 0.000000
0.000000 0.000000
0.000000 0.000000
0.000000 0.000000
0.000000 0.000000
0.000000 0.000000
0.000000 0.000000
0.000000 0.000000
0.000000 0.000000
0.000000 0.000000
0.000000 0.000000
0.000000 0.000000
0.000000 0.000000
0.000000 0.000000
0.000000 0.000000
0.000000 0.000000
0.000000 0.000000
0.000000 0.000000
0.000000 0.000000
0.000000 0.000000
0.000000 0.000000
0.000000 0.000000
0.000000 0.000000
0.000000 0.000000
0.000000 0.000000
0.000000 0.000000
0.000000 0.000000
0.000000 0.000000
0.000000 0.000000
0.000000 0.000000
0.000000 0.000000
0.000000 0.000000
0.000000 0.000000
0.000000 0.000000
0.000000 0.000000
0.000000 0.000000
0.000000 0.000000
0.000000 0.000000
0.000000 0.000000
0.000000 0.000000
0.000000 0.000000
0.000000 0.000000
0.000000 0.000000
0.000000 0.000000
0.000000 0.000000
0.000000 0.000000
0.000000 0.000000
0.000000 0.000000
0.000000 0.000000
0.000000 0.000000
0.000000 0.000000
0.000000 0.000000
0.000000 0.000000
0.000000 0.000000
0.000000 0.000000
0.000000 0.000000
0.000000 0.000000
0.000000 0.000000
0.000000 0.000000
0.000000 0.000000
0.000000 0.000000
0.000000 0.000000
0.000000 0.000000
0.000000 0.000000
0.000000 0.000000
0.000000 0.000000
0.000000 0.000000
0.000000 0.000000
0.000000 0.000000
0.000000 0.000000
0.000000 0.000000
0.000000 0.000000
0.000000 0.000000
0.000000 0.000000
0.000000 0.000000
0.000000 0.000000
0.000000 0.000000
0.000000 0.000000
0.000000 0.000000
0.000000 0.000000
0.000000 0.000000
0.000000 0.000000
0.000000 0.000000
0.000000 0.000000
0.000000 0.000000
0.000000 0.000000
0.000000 0.000000
0.000000 0.000000
0.000000 0.000000
0.000000 0.000000
0.000000 0.000000
0.000000 0.000000
0.000000 0.000000
0.000000 0.000000
0.000000 0.000000
0.000000 0.000000
0.000000 0.000000
0.000000 0.000000
0.000000 0.000000
0.000000 0.000000
0.000000 0.000000
0.000000 0.000000
6.203337 0.000000
12.356848 0.000000
18.460533 0.000000
24.514392 0.000000
48.231568 0.000000
65.496277 0.000000
82.312552 0.000000
93.274272 0.000000
104.036688 0.000000
119.806617 0.000000
130.070773 0.000000
157.263216 0.000000
195.161905 0.000000
236.529820 0.000000
275.238217 0.000000
321.231682 0.000000
383.703555 0.000000
418.510301 0.000000
441.170484 0.000000
414.849253 0.000000
322.124075 0.000000
261.923059 0.000000
316.946785 0.000000
358.984678 0.000000
399.511082 0.000000
396.935370 0.000000
352.148511 0.000000
327.636398 0.000000
416.822133 0.000000
523.938072 0.000000
630.598752 0.000000
749.811573 0.000000
860.049288 0.000000
941.020353 0.000000
1001.569800 0.000000
997.407432 0.000000
860.049288 0.000000
477.631728 0.000000
0.000000 0.000000
0.000000 0.000000
0.000000 0.000000
0.000000 0.000000
0.000000 0.000000
0.000000 0.000000
0.000000 0.000000
0.000000 0.000000
0.000000 0.000000
0.000000 0.000000
0.000000 0.000000
0.000000 0.000000
0.000000 0.000000
0.000000 0.000000
0.000000 0.000000
0.000000 0.000000
17.186976 0.000000
34.235904 0.000000
34.235904 0.000000
34.235904 0.000000
67.919616 0.000000
84.554400 0.000000
133.630464 0.000000
181.464096 0.000000
212.662944 0.000000
273.404064 0.000000
346.224384 0.000000
388.260000 0.000000
506.912256 0.000000
614.382624 0.000000
720.679584 0.000000
795.777696 0.000000
919.468704 0.000000
1016.378400 0.000000
1078.430976 0.000000
1003.332864 0.000000
679.817376 0.000000
0.000000 0.000000
0.000000 0.000000
0.000000 0.000000
0.000000 0.000000
0.000000 0.000000
0.000000 0.000000
0.000000 0.000000
0.000000 0.000000
0.000000 0.000000
0.000000 0.000000
0.000000 0.000000
0.000000 0.000000
0.000000 0.000000
0.000000 0.000000
0.000000 0.000000
0.000000 0.000000
0.000000 0.000000
0.000000 0.000000
0.000000 0.000000
0.000000 0.000000
0.000000 0.000000
0.000000 0.000000
0.000000 0.000000
0.000000 0.000000
0.000000 0.000000
0.000000 0.000000
0.000000 0.000000
0.000000 0.000000
0.000000 0.000000
0.000000 0.000000
0.000000 0.000000
0.000000 0.000000
0.000000 0.000000
0.000000 0.000000
0.000000 0.000000
0.000000 0.000000
0.000000 0.000000
0.000000 0.000000
0.000000 0.000000
0.000000 0.000000
0.000000 0.000000
0.000000 0.000000
0.000000 0.000000
0.000000 0.000000
0.000000 0.000000
0.000000 0.000000
0.000000 0.000000
0.000000 0.000000
0.000000 0.000000
0.000000 0.000000
0.000000 0.000000
0.000000 0.000000
0.000000 0.000000
0.000000 0.000000
0.000000 0.000000
0.000000 0.000000
0.000000 0.000000
0.000000 0.000000
0.000000 0.000000
0.000000 0.000000
0.000000 0.000000
0.000000 0.000000
0.000000 0.000000
0.000000 0.000000
0.000000 0.000000
0.000000 0.000000
0.000000 0.000000
0.000000 0.000000
0.000000 0.000000
0.000000 0.000000
0.000000 0.000000
0.000000 0.000000
0.000000 0.000000
0.000000 0.000000
0.000000 0.000000
0.000000 0.000000
0.000000 0.000000
0.000000 0.000000
0.000000 0.000000
0.000000 0.000000
0.000000 0.000000
0.000000 0.000000
0.000000 0.000000
0.000000 0.000000
0.000000 0.000000
0.000000 0.000000
0.000000 0.000000
0.000000 0.000000
0.000000 0.000000
0.000000 0.000000
0.000000 0.000000
0.000000 0.000000
0.000000 0.000000
0.000000 0.000000
0.000000 0.000000
0.000000 0.000000
0.000000 0.000000
0.000000 0.000000
0.000000 0.000000
0.000000 0.000000
0.000000 0.000000
0.000000 0.000000
0.000000 0.000000
0.000000 0.000000
0.000000 0.000000
0.000000 0.000000
0.000000 0.000000
0.000000 0.000000
0.000000 0.000000
0.000000 0.000000
0.000000 0.000000
0.000000 0.000000
13.787379 0.000000
27.464016 0.000000
54.485064 0.000000
94.186071 0.000000
107.198256 0.000000
120.099699 0.000000
132.890400 0.000000
158.139576 0.000000
207.309024 0.000000
266.279139 0.000000
289.091991 0.000000
401.578086 0.000000
532.474989 0.000000
645.182640 0.000000
756.588904 0.000000
812.624376 0.000000
859.177872 0.000000
811.061188 0.000000
552.452583 0.000000
138.623802 0.000000
23.546943 0.000000
33.223200 0.000000
45.737272 0.000000
54.832123 0.000000
70.398929 0.000000
81.569822 0.000000
97.495582 0.000000
114.815923 0.000000
130.779649 0.000000
148.305720 0.000000
171.987874 0.000000
189.891091 0.000000
210.978528 0.000000
214.356529 0.000000
184.239678 0.000000
114.100668 0.000000
66.556029 0.000000
76.563900 0.000000
87.443865 0.000000
95.929060 0.000000
102.779066 0.000000
106.730450 0.000000
101.026570 0.000000
76.598441 0.000000
43.777650 0.000000
49.431290 0.000000
53.297840 0.000000
52.683690 0.000000
41.599580 0.000000
15.329530 0.000000
0.000000 0.000000
0.000000 0.000000
0.000000 0.000000
0.000000 0.000000
0.000000 0.000000
0.000000 0.000000
0.000000 0.000000
0.000000 0.000000
0.000000 0.000000
0.000000 0.000000
0.000000 0.000000
0.000000 0.000000
0.000000 0.000000
0.000000 0.000000
0.000000 0.000000
0.000000 0.000000
0.000000 0.000000
0.000000 0.000000
0.000000 0.000000
0.000000 0.000000
0.000000 0.000000
0.000000 0.000000
0.000000 0.000000
0.000000 0.000000
0.000000 0.000000
0.000000 0.000000
0.000000 0.000000
0.000000 0.000000
0.000000 0.000000
0.000000 0.000000
0.000000 0.000000
0.000000 0.000000
0.000000 0.000000
0.000000 0.000000
0.000000 0.000000
0.000000 0.000000
0.000000 0.000000
0.000000 0.000000
0.000000 0.000000
0.000000 0.000000
0.000000 0.000000
0.000000 0.000000
0.000000 0.000000
0.000000 0.000000
0.000000 0.000000
0.000000 0.000000
0.000000 0.000000
0.000000 0.000000
0.000000 0.000000
0.000000 0.000000
0.000000 0.000000
0.000000 0.000000
0.000000 0.000000
0.000000 0.000000
0.000000 0.000000
0.000000 0.000000
0.000000 0.000000
0.000000 0.000000
0.000000 0.000000
0.000000 0.000000
0.000000 0.000000
0.000000 0.000000
0.000000 0.000000
0.000000 0.000000
0.000000 0.000000
0.000000 0.000000
0.000000 0.000000
0.000000 0.000000
0.000000 0.000000
0.000000 0.000000
0.000000 0.000000
0.000000 0.000000
0.000000 0.000000
0.000000 0.000000
0.000000 0.000000
0.000000 0.000000
0.000000 0.000000
0.000000 0.000000
0.000000 0.000000
0.000000 0.000000
0.000000 0.000000
0.000000 0.000000
0.000000 0.000000
0.000000 0.000000
0.000000 0.000000
0.000000 0.000000
0.000000 0.000000
0.000000 0.000000
0.000000 0.000000
0.000000 0.000000
0.000000 0.000000
0.000000 0.000000
0.000000 0.000000
0.000000 0.000000
0.000000 0.000000
0.000000 0.000000
0.000000 0.000000
0.000000 0.000000
0.000000 0.000000
0.000000 0.000000
0.000000 0.000000
0.000000 0.000000
0.000000 0.000000
0.000000 0.000000
0.000000 0.000000
0.000000 0.000000
0.000000 0.000000
0.000000 0.000000
0.000000 0.000000
0.000000 0.000000
0.000000 0.000000
0.000000 0.000000
0.000000 0.000000
0.000000 0.000000
0.000000 0.000000
0.000000 0.000000
0.000000 0.000000
0.000000 0.000000
0.000000 0.000000
0.000000 0.000000
0.000000 0.000000
0.000000 0.000000
0.000000 0.000000
0.000000 0.000000
0.000000 0.000000
0.000000 0.000000
0.000000 0.000000
0.000000 0.000000
0.000000 0.000000
0.000000 0.000000
0.000000 0.000000
0.000000 0.000000
0.000000 0.000000
0.000000 0.000000
0.000000 0.000000
0.000000 0.000000
0.000000 0.000000
0.000000 0.000000
0.000000 0.000000
0.000000 0.000000
0.000000 0.000000
0.000000 0.000000
0.000000 0.000000
0.000000 0.000000
0.000000 0.000000
0.000000 0.000000
0.000000 0.000000
0.000000 0.000000
0.000000 0.000000
0.000000 0.000000
0.000000 0.000000
0.000000 0.000000
0.000000 0.000000
0.000000 0.000000
0.000000 0.000000
0.000000 0.000000
0.000000 0.000000
0.000000 0.000000
0.000000 0.000000
0.000000 0.000000
0.000000 0.000000
0.000000 0.000000
0.000000 0.000000
0.000000 0.000000
0.000000 0.000000
0.000000 0.000000
0.000000 0.000000
0.000000 0.000000
0.000000 0.000000
0.000000 0.000000
0.000000 0.000000
0.000000 0.000000
0.000000 0.000000
0.000000 0.000000
0.000000 0.000000
0.000000 0.000000
0.000000 0.000000
0.000000 0.000000
0.000000 0.000000
0.000000 0.000000
0.000000 0.000000
0.000000 0.000000
0.000000 0.000000
0.000000 0.000000
0.000000 0.000000
0.000000 0.000000
0.000000 0.000000
0.000000 0.000000
0.000000 0.000000
0.000000 0.000000
0.000000 0.000000
0.000000 0.000000
0.000000 0.000000
0.000000 0.000000
0.000000 0.000000
0.000000 0.000000
0.000000 0.000000
0.000000 0.000000
0.000000 0.000000
0.000000 0.000000
0.000000 0.000000
0.000000 0.000000
0.000000 0.000000
0.000000 0.000000
0.006225 0.000000
0.012400 0.000000
0.018525 0.000000
0.024600 0.000000
0.030625 0.000000
0.048400 0.000000
0.060000 0.000000
0.077025 0.000000
0.104400 0.000000
0.125400 0.000000
0.145600 0.000000
0.179025 0.000000
0.212197 0.000000
0.262977 0.000000
0.309528 0.000000
0.352512 0.000000
0.377889 0.000000
0.388707 0.000000
0.363726 0.000000
0.237582 0.000000
0.035622 0.000000
0.000000 0.000000
0.000000 0.000000
0.000000 0.000000
0.000000 0.000000
0.000000 0.000000
0.000000 0.000000
0.000000 0.000000
0.000000 0.000000
0.000000 0.000000
0.000000 0.000000
0.000000 0.000000
0.000000 0.000000
0.000000 0.000000
0.000000 0.000000
0.000000 0.000000
0.000000 0.000000
0.000000 0.000000
0.000000 0.000000
0.000000 0.000000
0.000000 0.000000
0.000000 0.000000
0.000000 0.000000
0.000000 0.000000
0.000000 0.000000
0.000000 0.000000
0.000000 0.000000
0.000000 0.000000
0.000000 0.000000
0.000000 0.000000
0.000000 0.000000
0.000000 0.000000
0.000000 0.000000
0.000000 0.000000
0.000000 0.000000
0.000000 0.000000
0.000000 0.000000
0.000000 0.000000
0.000000 0.000000
0.000000 0.000000
0.000000 0.000000
0.000000 0.000000
0.000000 0.000000
0.000000 0.000000
0.000000 0.000000
0.000000 0.000000
0.000000 0.000000
0.000000 0.000000
0.000000 0.000000
0.000000 0.000000
0.000000 0.000000
0.000000 0.000000
0.000000 0.000000
0.000000 0.000000
0.000000 0.000000
0.000000 0.000000
0.000000 0.000000
0.000000 0.000000
0.000000 0.000000
0.000000 0.000000
0.000000 0.000000
0.000000 0.000000
0.000000 0.000000
0.000000 0.000000
0.000000 0.000000
0.000000 0.000000
0.000000 0.000000
0.000000 0.000000
0.000000 0.000000
0.000000 0.000000
0.000000 0.000000
0.000000 0.000000
0.000000 0.000000
0.000000 0.000000
0.000000 0.000000
0.000000 0.000000
0.000000 0.000000
0.000000 0.000000
0.000000 0.000000
0.000000 0.000000
0.000000 0.000000
0.000000 0.000000
0.000000 0.000000
0.000000 0.000000
0.000000 0.000000
0.000000 0.000000
0.000000 0.000000
0.000000 0.000000
0.000000 0.000000
0.000000 0.000000
0.000000 0.000000
0.000000 0.000000
0.000000 0.000000
0.000000 0.000000
0.000000 0.000000
0.000000 0.000000
0.000000 0.000000
0.000000 0.000000
0.000000 0.000000
0.000000 0.000000
0.000000 0.000000
0.000000 0.000000
0.000000 0.000000
0.000000 0.000000
0.000000 0.000000
0.000000 0.000000
0.000000 0.000000
0.000000 0.000000
0.000000 0.000000
0.000000 0.000000
0.000000 0.000000
0.000000 0.000000
0.000000 0.000000
0.000000 0.000000
0.000000 0.000000
0.000000 0.000000
0.000000 0.000000
0.000000 0.000000
0.000000 0.000000
0.000000 0.000000
0.000000 0.000000
0.000000 0.000000
0.000000 0.000000
0.000000 0.000000
0.000000 0.000000
0.000000 0.000000
0.000000 0.000000
0.000000 0.000000
0.000000 0.000000
0.000000 0.000000
0.000000 0.000000
0.000000 0.000000
0.000000 0.000000
0.000000 0.000000
0.000000 0.000000
0.000000 0.000000
0.000000 0.000000
0.000000 0.000000
0.000000 0.000000
0.000000 0.000000
0.000000 0.000000
0.000000 0.000000
0.000000 0.000000
0.000000 0.000000
0.000000 0.000000
0.000000 0.000000
0.000000 0.000000
0.000000 0.000000
0.000000 0.000000
0.000000 0.000000
0.000000 0.000000
0.000000 0.000000
0.000000 0.000000
0.000000 0.000000
0.000000 0.000000
0.000000 0.000000
0.000000 0.000000
0.000000 0.000000
0.000000 0.000000
0.000000 0.000000
0.000000 0.000000
0.000000 0.000000
0.000000 0.000000
0.000000 0.000000
0.000000 0.000000
0.000000 0.000000
