7534636.906603 0.000000
7235985.925570 0.000000
6927363.040191 0.000000
6336064.323666 0.000000
5933012.978305 0.000000
5616407.355621 0.000000
5173281.927980 0.000000
5016939.857398 0.000000
4608679.547422 0.000000
4328196.938517 0.000000
3925653.894089 0.000000
3682308.332746 0.000000
3416230.485777 0.000000
3635210.978123 0.000000
3516776.104975 0.000000
3260099.008207 0.000000
3049538.794032 0.000000
2805510.014472 0.000000
2639049.725121 0.000000
2573021.032225 0.000000
2627895.816232 0.000000
2311919.590624 0.000000
2083439.653977 0.000000
1997032.399839 0.000000
1946912.582663 0.000000
1767850.056755 0.000000
1671424.510278 0.000000
1277774.815236 0.000000
953172.732229 0.000000
673539.763027 0.000000
658895.642573 0.000000
790502.072258 0.000000
941914.846158 0.000000
1064874.118863 0.000000
1178436.869551 0.000000
1219362.136487 0.000000
1177066.636952 0.000000
1104985.784088 0.000000
1058148.461620 0.000000
1081207.060577 0.000000
1021656.510858 0.000000
871323.699402 0.000000
789591.783177 0.000000
761993.239878 0.000000
661769.071110 0.000000
667520.113473 0.000000
708624.878281 0.000000
692567.337389 0.000000
666951.585831 0.000000
575563.790879 0.000000
583567.102626 0.000000
584167.566846 0.000000
608410.536960 0.000000
622212.554003 0.000000
669570.521964 0.000000
701000.524529 0.000000
722656.959184 0.000000
656737.465697 0.000000
536369.458129 0.000000
465887.441158 0.000000
327160.402925 0.000000
202763.812709 0.000000
277994.039341 0.000000
319171.917505 0.000000
389174.538195 0.000000
447174.096281 0.000000
511571.233433 0.000000
534893.982489 0.000000
496942.409505 0.000000
385444.386775 0.000000
378741.223646 0.000000
339655.443232 0.000000
338296.446445 0.000000
392286.101454 0.000000
444370.752689 0.000000
501091.896255 0.000000
520289.471854 0.000000
477063.260654 0.000000
482034.565471 0.000000
518499.925560 0.000000
572131.940015 0.000000
604190.679789 0.000000
638187.638056 0.000000
607711.854193 0.000000
628961.057695 0.000000
602946.889328 0.000000
600748.204436 0.000000
631492.265934 0.000000
611719.818150 0.000000
366792.309929 0.000000
250791.706942 0.000000
143181.412139 0.000000
91888.115681 0.000000
109226.031074 0.000000
133629.114985 0.000000
171502.445307 0.000000
218452.536590 0.000000
243491.726089 0.000000
288737.375427 0.000000
324241.836463 0.000000
363581.116971 0.000000
389377.520684 0.000000
398240.757944 0.000000
337570.351726 0.000000
305449.526162 0.000000
281099.330113 0.000000
261044.658191 0.000000
192630.273680 0.000000
73175.076093 0.000000
7371.300178 0.000000
9739.205007 0.000000
13604.867975 0.000000
17486.697828 0.000000
21652.930053 0.000000
28147.040402 0.000000
38307.992903 0.000000
50037.807792 0.000000
57912.726679 0.000000
68695.223430 0.000000
82021.132262 0.000000
96260.779437 0.000000
98706.447978 0.000000
70228.121228 0.000000
52286.939468 0.000000
40709.162022 0.000000
39886.584059 0.000000
44196.274049 0.000000
48360.347397 0.000000
50214.229023 0.000000
50040.917449 0.000000
50202.845242 0.000000
54545.748016 0.000000
57370.979095 0.000000
62765.498976 0.000000
55462.917686 0.000000
38841.036934 0.000000
24675.886434 0.000000
24006.321412 0.000000
25088.782266 0.000000
12144.358086 0.000000
6907.433758 0.000000
57.291414 0.000000
114.122656 0.000000
226.404624 0.000000
336.845904 0.000000
391.376286 0.000000
445.446496 0.000000
631.010855 0.000000
967.014338 0.000000
1304.655258 0.000000
1586.168022 0.000000
1770.795636 0.000000
5021.205029 0.000000
5442.890322 0.000000
6460.000724 0.000000
7281.209382 0.000000
7952.879176 0.000000
9099.161625 0.000000
12472.159969 0.000000
13310.038295 0.000000
13191.190354 0.000000
7375.990192 0.000000
8650.124233 0.000000
9699.612152 0.000000
11384.342933 0.000000
12077.705101 0.000000
12082.725022 0.000000
11700.155007 0.000000
7514.729719 0.000000
2851.949316 0.000000
3399.178619 0.000000
3993.489537 0.000000
4858.863639 0.000000
5936.525279 0.000000
7329.183730 0.000000
8508.394300 0.000000
8859.240373 0.000000
7403.008304 0.000000
3546.753676 0.000000
3324.087336 0.000000
4037.215297 0.000000
5485.714767 0.000000
6046.210461 0.000000
8221.650993 0.000000
10551.363604 0.000000
12880.622885 0.000000
15987.130545 0.000000
18684.368109 0.000000
21184.149982 0.000000
22986.453572 0.000000
23710.867748 0.000000
23048.492102 0.000000
21920.520426 0.000000
15368.896240 0.000000
15204.358250 0.000000
13843.272858 0.000000
14455.314629 0.000000
14901.347260 0.000000
14636.097954 0.000000
11971.284162 0.000000
6397.613127 0.000000
3820.093718 0.000000
5257.058193 0.000000
6735.106938 0.000000
7669.312829 0.000000
8723.788545 0.000000
10553.975137 0.000000
11706.287118 0.000000
13716.738806 0.000000
15544.118700 0.000000
16359.622221 0.000000
15545.495909 0.000000
14425.992592 0.000000
10395.842085 0.000000
8864.131534 0.000000
7327.441032 0.000000
3481.643684 0.000000
5350.763513 0.000000
9850.334747 0.000000
14404.145722 0.000000
22975.494159 0.000000
29574.916778 0.000000
40121.265011 0.000000
50328.499278 0.000000
62299.543534 0.000000
77626.304702 0.000000
89300.886697 0.000000
113125.965043 0.000000
132928.516277 0.000000
159938.823170 0.000000
176321.745735 0.000000
207566.627444 0.000000
239292.735717 0.000000
262062.724663 0.000000
253037.207209 0.000000
187626.987321 0.000000
125922.354268 0.000000
72967.896732 0.000000
3072.462272 0.000000
0.000000 0.000000
356.185785 0.000000
884.742725 0.000000
1227.843229 0.000000
1398.809412 0.000000
1993.521839 0.000000
2660.948714 0.000000
2900.956804 0.000000
3507.433774 0.000000
4903.372052 0.000000
6189.125709 0.000000
7941.365695 0.000000
9924.709543 0.000000
11418.862064 0.000000
13648.074979 0.000000
15376.845916 0.000000
16635.093522 0.000000
17233.819825 0.000000
15677.724552 0.000000
12216.677606 0.000000
7755.176675 0.000000
5565.371285 0.000000
3453.471144 0.000000
1613.359345 0.000000
1842.942833 0.000000
2355.347307 0.000000
2913.150841 0.000000
3505.734309 0.000000
4451.452706 0.000000
5431.493694 0.000000
6523.658213 0.000000
7629.690484 0.000000
8472.095026 0.000000
8750.111361 0.000000
8299.615248 0.000000
7733.932259 0.000000
7120.882480 0.000000
5254.401214 0.000000
3743.273430 0.000000
572.309701 0.000000
151.549338 0.000000
176.103806 0.000000
249.592695 0.000000
308.852638 0.000000
402.768568 0.000000
483.068526 0.000000
669.665504 0.000000
813.164049 0.000000
1005.449191 0.000000
1208.500829 0.000000
1403.856824 0.000000
1535.855520 0.000000
1761.013145 0.000000
1988.330052 0.000000
2109.001411 0.000000
12724.769815 0.000000
12243.734277 0.000000
21898.172475 0.000000
32005.488118 0.000000
42545.291679 0.000000
63239.845905 0.000000
108454.826486 0.000000
156607.741943 0.000000
184409.784877 0.000000
230689.226080 0.000000
286629.684740 0.000000
365616.932347 0.000000
445995.625633 0.000000
519376.588262 0.000000
593276.066017 0.000000
625864.878610 0.000000
613996.384482 0.000000
500818.173849 0.000000
392601.925430 0.000000
399095.526514 0.000000
330612.553847 0.000000
184985.512732 0.000000
84789.123595 0.000000
99119.942813 0.000000
117432.170235 0.000000
138957.523755 0.000000
167685.359677 0.000000
195504.052536 0.000000
215452.375703 0.000000
232503.380964 0.000000
237305.598141 0.000000
202082.280818 0.000000
103863.285984 0.000000
19892.213408 0.000000
2826.648662 0.000000
3737.440227 0.000000
4638.467743 0.000000
5940.107825 0.000000
7219.221728 0.000000
8574.234388 0.000000
9809.705270 0.000000
12532.138086 0.000000
15145.570398 0.000000
19442.842109 0.000000
23503.100187 0.000000
28873.506548 0.000000
34136.360183 0.000000
39852.196881 0.000000
47515.354898 0.000000
51651.544811 0.000000
48920.541973 0.000000
26494.948910 0.000000
29108.222760 0.000000
30247.092593 0.000000
27169.723528 0.000000
20963.378336 0.000000
14654.480219 0.000000
13759.112731 0.000000
16614.870737 0.000000
20690.542057 0.000000
26548.292278 0.000000
33487.527132 0.000000
39739.738671 0.000000
45269.530699 0.000000
50083.319813 0.000000
53728.380178 0.000000
56222.857131 0.000000
50953.310382 0.000000
36812.537721 0.000000
16282.600031 0.000000
7660.199593 0.000000
6404.386057 0.000000
8479.169955 0.000000
10541.959789 0.000000
12861.592051 0.000000
15855.892825 0.000000
19721.931348 0.000000
23466.166527 0.000000
27595.990859 0.000000
29236.655821 0.000000
32037.696244 0.000000
36179.261048 0.000000
37226.480735 0.000000
34887.179108 0.000000
35409.148744 0.000000
36307.091452 0.000000
36212.222111 0.000000
29553.169201 0.000000
19052.972989 0.000000
20239.314765 0.000000
19777.737540 0.000000
17559.839661 0.000000
17019.804414 0.000000
14738.275416 0.000000
9896.119946 0.000000
8222.382396 0.000000
9967.392966 0.000000
10739.882255 0.000000
10645.221081 0.000000
9444.338386 0.000000
5785.723156 0.000000
0.000000 0.000000
0.000000 0.000000
0.000000 0.000000
0.000000 0.000000
0.000000 0.000000
0.000000 0.000000
0.000000 0.000000
0.000000 0.000000
0.000000 0.000000
0.000000 0.000000
0.000000 0.000000
0.000000 0.000000
0.000000 0.000000
4.525077 0.000000
9.013808 0.000000
17.882232 0.000000
30.912273 0.000000
35.182928 0.000000
47.776817 0.000000
64.041872 0.000000
85.386363 0.000000
105.676589 0.000000
130.469560 0.000000
146.688905 0.000000
175.307062 0.000000
213.379663 0.000000
233.351895 0.000000
264.831602 0.000000
275.143719 0.000000
255.265023 0.000000
160.651966 0.000000
81.889762 0.000000
39.446580 0.000000
78.576320 0.000000
136.637250 0.000000
212.995690 0.000000
250.699650 0.000000
306.542700 0.000000
486.450554 0.000000
593.031295 0.000000
662.500922 0.000000
832.937387 0.000000
1022.967147 0.000000
1249.590032 0.000000
3094.261573 0.000000
5025.804645 0.000000
6879.866800 0.000000
11291.540911 0.000000
12445.811038 0.000000
15012.806225 0.000000
19163.465181 0.000000
21255.412629 0.000000
26664.874399 0.000000
32274.743267 0.000000
38322.428055 0.000000
49133.831993 0.000000
64826.853374 0.000000
79350.551191 0.000000
92492.342096 0.000000
102630.458538 0.000000
112340.189736 0.000000
98495.694527 0.000000
76952.520301 0.000000
54762.036491 0.000000
39706.500132 0.000000
32860.881090 0.000000
37152.287101 0.000000
43571.885944 0.000000
48297.314163 0.000000
55474.795768 0.000000
62987.759804 0.000000
69361.517305 0.000000
72783.492593 0.000000
71102.902114 0.000000
58060.313604 0.000000
39699.790166 0.000000
44586.555309 0.000000
47620.150565 0.000000
47347.297443 0.000000
40716.902433 0.000000
33488.527687 0.000000
27738.508240 0.000000
12064.552652 0.000000
1216.486091 0.000000
1514.426281 0.000000
2278.723969 0.000000
3423.874777 0.000000
3980.126069 0.000000
5590.044448 0.000000
5976.698481 0.000000
7471.644074 0.000000
10525.663761 0.000000
12083.730769 0.000000
14677.893431 0.000000
16748.493886 0.000000
18882.035672 0.000000
19467.072667 0.000000
17768.513439 0.000000
12501.627887 0.000000
7394.581492 0.000000
2539.319912 0.000000
3746.021524 0.000000
5336.375503 0.000000
7243.488616 0.000000
9019.438524 0.000000
10545.522473 0.000000
12164.732329 0.000000
13818.044647 0.000000
16822.362382 0.000000
19056.645992 0.000000
20044.927711 0.000000
19360.277694 0.000000
14475.377953 0.000000
8539.056311 0.000000
9831.342338 0.000000
10257.294991 0.000000
9815.602616 0.000000
7250.540861 0.000000
2641.299794 0.000000
200.844046 0.000000
317.415570 0.000000
393.490376 0.000000
505.143270 0.000000
613.844987 0.000000
754.189888 0.000000
922.243069 0.000000
1113.085902 0.000000
1391.070559 0.000000
1601.915994 0.000000
1928.923214 0.000000
2196.988388 0.000000
2473.825108 0.000000
2536.783144 0.000000
2136.650773 0.000000
1121.032536 0.000000
159.035753 0.000000
1.363008 0.000000
16.123616 0.000000
31.742726 0.000000
68.331557 0.000000
82.251029 0.000000
109.424645 0.000000
167.338860 0.000000
213.865388 0.000000
290.815492 0.000000
353.151354 0.000000
433.746428 0.000000
518.392493 0.000000
644.597501 0.000000
770.528117 0.000000
854.211028 0.000000
948.116057 0.000000
985.757538 0.000000
790.336491 0.000000
510.780625 0.000000
277.324845 0.000000
0.000000 0.000000
0.000000 0.000000
0.000000 0.000000
2630.507375 0.000000
5239.886176 0.000000
10395.258059 0.000000
12941.251141 0.000000
17969.851584 0.000000
28972.556125 0.000000
32553.706363 0.000000
40650.899722 0.000000
51715.450397 0.000000
69372.324837 0.000000
84464.676552 0.000000
97007.407393 0.000000
115847.033308 0.000000
135013.288718 0.000000
153186.876485 0.000000
156273.432040 0.000000
134992.317563 0.000000
92371.371046 0.000000
92485.117293 0.000000
83569.273179 0.000000
56360.861459 0.000000
30219.542811 0.000000
8788.728747 0.000000
11055.251038 0.000000
14587.925672 0.000000
16075.424345 0.000000
19810.615803 0.000000
23618.251606 0.000000
27443.075169 0.000000
31030.186114 0.000000
30774.141819 0.000000
30008.662297 0.000000
23558.560381 0.000000
15971.248039 0.000000
8143.045479 0.000000
2574.161317 0.000000
658.919646 0.000000
1247.193348 0.000000
1824.879138 0.000000
2336.654527 0.000000
3482.900874 0.000000
4583.165128 0.000000
5072.548262 0.000000
6692.789404 0.000000
8908.406451 0.000000
10468.272244 0.000000
12413.170623 0.000000
14230.819486 0.000000
16304.025362 0.000000
17219.617851 0.000000
16750.050532 0.000000
13606.085039 0.000000
6365.522666 0.000000
1427.592096 0.000000
0.000000 0.000000
0.000000 0.000000
0.000000 0.000000
0.000000 0.000000
0.000000 0.000000
0.000000 0.000000
0.000000 0.000000
0.000000 0.000000
0.000000 0.000000
0.000000 0.000000
0.000000 0.000000
0.000000 0.000000
0.000000 0.000000
0.000000 0.000000
0.000000 0.000000
0.000000 0.000000
14.069994 0.000000
28.026976 0.000000
41.870946 0.000000
196.549200 0.000000
343.116539 0.000000
619.286873 0.000000
755.671292 0.000000
1091.420700 0.000000
1426.251026 0.000000
2124.520106 0.000000
2688.850467 0.000000
3181.436481 0.000000
4150.295087 0.000000
4942.283205 0.000000
5957.317486 0.000000
6982.164967 0.000000
7801.419431 0.000000
8326.938040 0.000000
8039.789785 0.000000
6136.365791 0.000000
5918.872132 0.000000
4967.915884 0.000000
3051.091244 0.000000
2141.301775 0.000000
1838.040058 0.000000
2163.615215 0.000000
2385.248175 0.000000
2694.494309 0.000000
3488.695708 0.000000
4706.355163 0.000000
5207.560850 0.000000
5764.428718 0.000000
6430.177695 0.000000
7998.432750 0.000000
10093.213404 0.000000
11665.564843 0.000000
12824.761680 0.000000
13916.752676 0.000000
7612.025374 0.000000
2586.226386 0.000000
0.000000 0.000000
0.000000 0.000000
0.000000 0.000000
0.000000 0.000000
0.000000 0.000000
0.000000 0.000000
0.000000 0.000000
26.441808 0.000000
52.671232 0.000000
78.688272 0.000000
186.188379 0.000000
292.638029 0.000000
422.936214 0.000000
611.357475 0.000000
955.671366 0.000000
1159.709194 0.000000
1512.677655 0.000000
1809.597996 0.000000
2266.183291 0.000000
2836.992023 0.000000
3548.819061 0.000000
4223.282058 0.000000
4796.020298 0.000000
5194.276849 0.000000
5421.985773 0.000000
5382.163866 0.000000
4512.316475 0.000000
2221.051194 0.000000
522.994583 0.000000
0.000000 0.000000
0.000000 0.000000
0.000000 0.000000
0.000000 0.000000
0.000000 0.000000
44.471649 0.000000
88.586096 0.000000
132.343341 0.000000
217.883055 0.000000
302.519209 0.000000
407.214019 0.000000
427.997633 0.000000
509.669358 0.000000
742.822277 0.000000
1334.112101 0.000000
1863.412193 0.000000
2419.148955 0.000000
3315.623071 0.000000
4061.958849 0.000000
4731.216683 0.000000
5671.377812 0.000000
6904.777066 0.000000
7553.807748 0.000000
8132.717697 0.000000
8599.158147 0.000000
10057.969388 0.000000
11351.272577 0.000000
12357.749708 0.000000
13760.050288 0.000000
15182.255206 0.000000
15422.315770 0.000000
14565.879832 0.000000
9329.565139 0.000000
5291.136447 0.000000
2126.878768 0.000000
2802.109606 0.000000
3399.938057 0.000000
3879.798729 0.000000
4523.442575 0.000000
5561.119287 0.000000
6235.780852 0.000000
6868.312867 0.000000
7083.092463 0.000000
6684.505953 0.000000
5683.097059 0.000000
5692.016402 0.000000
5693.869148 0.000000
4696.066403 0.000000
1977.381066 0.000000
320.136999 0.000000
0.000000 0.000000
0.000000 0.000000
0.000000 0.000000
76.696233 0.000000
152.776432 0.000000
228.240597 0.000000
340.204656 0.000000
414.128737 0.000000
560.128797 0.000000
703.664721 0.000000
878.464032 0.000000
1151.983144 0.000000
1480.021269 0.000000
1868.045661 0.000000
2045.925492 0.000000
2544.604884 0.000000
3197.908812 0.000000
3725.310781 0.000000
4206.972348 0.000000
4516.683481 0.000000
4712.120956 0.000000
4483.804521 0.000000
3630.947011 0.000000
1631.159368 0.000000
536.848084 0.000000
67.948959 0.000000
90.231816 0.000000
134.247336 0.000000
177.529264 0.000000
272.208594 0.000000
312.923169 0.000000
362.853375 0.000000
491.438625 0.000000
607.025450 0.000000
721.878725 0.000000
849.844794 0.000000
991.841061 0.000000
1152.681061 0.000000
1258.111856 0.000000
1339.184759 0.000000
1338.127312 0.000000
1149.366789 0.000000
866.225050 0.000000
889.436136 0.000000
841.440821 0.000000
553.690050 0.000000
370.416169 0.000000
290.483692 0.000000
357.251923 0.000000
477.226738 0.000000
615.052919 0.000000
785.734851 0.000000
967.870261 0.000000
1140.881906 0.000000
1271.982684 0.000000
1369.764459 0.000000
1367.838572 0.000000
1216.343005 0.000000
745.488597 0.000000
497.812700 0.000000
447.899048 0.000000
533.014988 0.000000
600.131326 0.000000
672.924157 0.000000
708.098119 0.000000
689.414400 0.000000
591.801851 0.000000
335.289668 0.000000
145.779855 0.000000
0.000000 0.000000
0.000000 0.000000
0.000000 0.000000
0.000000 0.000000
0.000000 0.000000
0.000000 0.000000
0.000000 0.000000
0.000000 0.000000
0.000000 0.000000
0.000000 0.000000
0.000000 0.000000
1.014924 0.000000
12.432598 0.000000
23.750680 0.000000
34.969171 0.000000
58.053998 0.000000
89.567744 0.000000
138.193470 0.000000
173.320696 0.000000
216.662635 0.000000
255.150087 0.000000
307.420174 0.000000
369.685917 0.000000
452.828866 0.000000
531.909419 0.000000
606.551805 0.000000
662.829302 0.000000
647.497975 0.000000
545.854047 0.000000
185.955482 0.000000
0.000000 0.000000
34.875687 0.000000
69.471248 0.000000
137.821992 0.000000
221.649816 0.000000
254.704683 0.000000
287.479424 0.000000
399.460128 0.000000
523.836056 0.000000
687.219627 0.000000
895.423527 0.000000
1011.606024 0.000000
1222.015859 0.000000
1453.855584 0.000000
1652.465072 0.000000
1872.854120 0.000000
2031.194528 0.000000
1903.282545 0.000000
1312.658345 0.000000
920.329793 0.000000
484.542080 0.000000
3.778769 0.000000
5.465121 0.000000
7.884189 0.000000
56.055388 0.000000
58.053006 0.000000
106.636313 0.000000
155.485045 0.000000
229.853374 0.000000
342.636504 0.000000
389.642715 0.000000
491.090234 0.000000
680.670996 0.000000
899.188122 0.000000
1080.899281 0.000000
1307.707558 0.000000
1585.875537 0.000000
1813.565949 0.000000
2190.443589 0.000000
2599.502906 0.000000
2861.439698 0.000000
3024.033880 0.000000
2884.394762 0.000000
2197.837034 0.000000
1246.150744 0.000000
888.155678 0.000000
1091.578872 0.000000
1296.021181 0.000000
1498.146680 0.000000
2336.200407 0.000000
3064.680546 0.000000
3614.502957 0.000000
4459.048862 0.000000
5729.653908 0.000000
6440.140818 0.000000
7547.656670 0.000000
8847.114048 0.000000
10450.268796 0.000000
11335.819625 0.000000
11695.623570 0.000000
10386.982486 0.000000
5837.361425 0.000000
3579.354242 0.000000
1223.816367 0.000000
1479.528453 0.000000
1822.490638 0.000000
2095.535711 0.000000
2299.690331 0.000000
2389.512364 0.000000
4168.490379 0.000000
5616.498651 0.000000
9644.956736 0.000000
14299.509135 0.000000
18748.570481 0.000000
26637.027681 0.000000
35095.885016 0.000000
47143.388338 0.000000
57433.716074 0.000000
72489.041207 0.000000
94335.721225 0.000000
110026.239797 0.000000
124721.219708 0.000000
136628.616969 0.000000
141921.447658 0.000000
132961.098071 0.000000
90305.085979 0.000000
33913.901356 0.000000
19208.437993 0.000000
25155.599115 0.000000
30103.997987 0.000000
36567.839969 0.000000
42013.098755 0.000000
47823.073088 0.000000
49724.931634 0.000000
36194.879236 0.000000
27991.270070 0.000000
16585.946030 0.000000
1515.485415 0.000000
0.000000 0.000000
0.000000 0.000000
0.000000 0.000000
0.000000 0.000000
0.000000 0.000000
0.000000 0.000000
0.000000 0.000000
0.000000 0.000000
0.000000 0.000000
0.000000 0.000000
0.000000 0.000000
0.000000 0.000000
0.000000 0.000000
44.388732 0.000000
88.420928 0.000000
153.756150 0.000000
218.200032 0.000000
323.823822 0.000000
426.238788 0.000000
584.540772 0.000000
719.935318 0.000000
1003.648488 0.000000
1250.763460 0.000000
1525.926316 0.000000
1727.069614 0.000000
2058.552563 0.000000
2384.817194 0.000000
2552.932413 0.000000
2544.490398 0.000000
2196.304894 0.000000
1943.686752 0.000000
1876.487878 0.000000
1678.512267 0.000000
1661.640129 0.000000
1968.118387 0.000000
2166.298953 0.000000
2524.145466 0.000000
2745.006240 0.000000
2863.548736 0.000000
2736.645288 0.000000
1810.573515 0.000000
1159.572942 0.000000
793.455053 0.000000
1061.212125 0.000000
1212.962164 0.000000
1377.213673 0.000000
1510.023797 0.000000
1648.175990 0.000000
1703.840607 0.000000
1572.978331 0.000000
1205.666550 0.000000
1018.756693 0.000000
937.277938 0.000000
634.185435 0.000000
272.389499 0.000000
332.833384 0.000000
372.232658 0.000000
495.205812 0.000000
628.030267 0.000000
766.539907 0.000000
924.657126 0.000000
1061.845461 0.000000
1179.640717 0.000000
1385.685406 0.000000
1484.487808 0.000000
1486.718888 0.000000
1292.849741 0.000000
787.882451 0.000000
324.726858 0.000000
0.000000 0.000000
0.000000 0.000000
0.000000 0.000000
0.000000 0.000000
0.000000 0.000000
0.000000 0.000000
0.000000 0.000000
0.000000 0.000000
0.000000 0.000000
0.000000 0.000000
0.000000 0.000000
0.000000 0.000000
0.000000 0.000000
17.985270 0.000000
35.826080 0.000000
53.522430 0.000000
88.481750 0.000000
105.744720 0.000000
148.252075 0.000000
211.486327 0.000000
273.046712 0.000000
308.107166 0.000000
349.465701 0.000000
425.502734 0.000000
530.465592 0.000000
672.230420 0.000000
861.269675 0.000000
1081.794350 0.000000
1235.679538 0.000000
1376.581303 0.000000
1451.671732 0.000000
1290.727722 0.000000
1337.841427 0.000000
1498.031564 0.000000
1674.229063 0.000000
1871.514693 0.000000
2248.450860 0.000000
2678.862073 0.000000
2948.317316 0.000000
3140.847879 0.000000
3042.992293 0.000000
2793.956511 0.000000
2073.339089 0.000000
1819.024084 0.000000
1219.490268 0.000000
529.986519 0.000000
433.750965 0.000000
175.458079 0.000000
121.574836 0.000000
143.356689 0.000000
171.005872 0.000000
212.790223 0.000000
252.775300 0.000000
312.303539 0.000000
377.764125 0.000000
443.347838 0.000000
522.382235 0.000000
608.182926 0.000000
703.277409 0.000000
776.855458 0.000000
843.467847 0.000000
850.000375 0.000000
923.856471 0.000000
883.125080 0.000000
783.270040 0.000000
574.647158 0.000000
244.550631 0.000000
0.000000 0.000000
0.000000 0.000000
0.000000 0.000000
0.000000 0.000000
34.299750 0.000000
68.324000 0.000000
135.546000 0.000000
168.743750 0.000000
282.731875 0.000000
377.779375 0.000000
500.376875 0.000000
589.638875 0.000000
760.724375 0.000000
895.719375 0.000000
1144.495875 0.000000
1396.785000 0.000000
1669.392250 0.000000
1920.579375 0.000000
2070.658000 0.000000
2127.858670 0.000000
1929.601896 0.000000
1465.590951 0.000000
394.136889 0.000000
0.000000 0.000000
0.000000 0.000000
0.000000 0.000000
0.000000 0.000000
0.000000 0.000000
0.000000 0.000000
0.000000 0.000000
0.000000 0.000000
0.000000 0.000000
0.000000 0.000000
0.000000 0.000000
0.000000 0.000000
0.000000 0.000000
0.000000 0.000000
0.000000 0.000000
0.000000 0.000000
0.000000 0.000000
0.000000 0.000000
0.000000 0.000000
0.000000 0.000000
0.000000 0.000000
0.000000 0.000000
0.000000 0.000000
0.000000 0.000000
0.000000 0.000000
0.000000 0.000000
0.000000 0.000000
0.000000 0.000000
0.000000 0.000000
0.000000 0.000000
0.000000 0.000000
0.000000 0.000000
0.000000 0.000000
0.000000 0.000000
0.000000 0.000000
0.000000 0.000000
0.000000 0.000000
0.000000 0.000000
0.000000 0.000000
0.000000 0.000000
0.000000 0.000000
0.000000 0.000000
0.000000 0.000000
0.000000 0.000000
0.000000 0.000000
0.000000 0.000000
0.000000 0.000000
0.000000 0.000000
0.000000 0.000000
0.000000 0.000000
0.000000 0.000000
0.000000 0.000000
0.000000 0.000000
0.000000 0.000000
4.557447 0.000000
9.078288 0.000000
18.010152 0.000000
22.421175 0.000000
35.434608 0.000000
48.118587 0.000000
56.391543 0.000000
88.257831 0.000000
133.424311 0.000000
163.731716 0.000000
204.630336 0.000000
239.025351 0.000000
287.325436 0.000000
360.196131 0.000000
399.372612 0.000000
446.836294 0.000000
416.765488 0.000000
378.275338 0.000000
360.031526 0.000000
373.918372 0.000000
433.652258 0.000000
524.258486 0.000000
590.463815 0.000000
627.163886 0.000000
593.228046 0.000000
443.738896 0.000000
119.391666 0.000000
0.000000 0.000000
0.000000 0.000000
0.000000 0.000000
0.000000 0.000000
0.000000 0.000000
0.000000 0.000000
0.000000 0.000000
0.000000 0.000000
0.000000 0.000000
0.000000 0.000000
0.000000 0.000000
0.000000 0.000000
0.000000 0.000000
15.634461 0.000000
31.143344 0.000000
46.526649 0.000000
61.784376 0.000000
76.916525 0.000000
136.189341 0.000000
150.693600 0.000000
248.707229 0.000000
308.450859 0.000000
402.351720 0.000000
499.956975 0.000000
583.466226 0.000000
685.184346 0.000000
905.771390 0.000000
984.601609 0.000000
1039.289194 0.000000
1095.348634 0.000000
1022.604543 0.000000
683.328161 0.000000
189.193800 0.000000
79.853411 0.000000
163.677632 0.000000
222.036588 0.000000
279.590569 0.000000
364.643064 0.000000
475.672888 0.000000
548.082823 0.000000
714.540286 0.000000
892.425531 0.000000
1059.920061 0.000000
1282.745292 0.000000
1396.775365 0.000000
1724.501308 0.000000
2136.821507 0.000000
2424.111769 0.000000
2730.305956 0.000000
2893.678858 0.000000
2861.811321 0.000000
2014.126637 0.000000
1060.743327 0.000000
245.454679 0.000000
308.065610 0.000000
353.430505 0.000000
3363.518339 0.000000
6315.255011 0.000000
9301.901064 0.000000
12347.435743 0.000000
20701.706060 0.000000
29090.536782 0.000000
39731.719647 0.000000
52346.702321 0.000000
72517.160654 0.000000
87824.700848 0.000000
110126.523368 0.000000
123594.762264 0.000000
141460.649478 0.000000
165328.886918 0.000000
178077.127009 0.000000
171183.979897 0.000000
133112.628966 0.000000
52176.246047 0.000000
4026.493350 0.000000
7216.574512 0.000000
10380.090304 0.000000
13251.049856 0.000000
13836.880549 0.000000
18516.199551 0.000000
23053.291160 0.000000
27389.517023 0.000000
33108.514697 0.000000
40070.440268 0.000000
45305.409036 0.000000
47802.161806 0.000000
47076.066736 0.000000
43449.893273 0.000000
32054.567174 0.000000
28581.600415 0.000000
19740.443345 0.000000
12520.727049 0.000000
14163.766208 0.000000
16812.639758 0.000000
20192.277632 0.000000
21733.967010 0.000000
21695.247144 0.000000
18368.448328 0.000000
10513.785166 0.000000
9084.208101 0.000000
10635.571763 0.000000
11768.589568 0.000000
12093.745705 0.000000
10936.273161 0.000000
8195.437073 0.000000
9225.651689 0.000000
9963.282694 0.000000
9927.329745 0.000000
9355.673159 0.000000
7375.098960 0.000000
8442.438441 0.000000
9076.338616 0.000000
8515.242035 0.000000
7176.489956 0.000000
6964.593622 0.000000
7855.116865 0.000000
7971.315388 0.000000
7249.327469 0.000000
5581.515634 0.000000
6452.548273 0.000000
7342.695094 0.000000
8324.634096 0.000000
9413.776854 0.000000
10373.677432 0.000000
10545.278159 0.000000
9267.307556 0.000000
5803.699818 0.000000
5118.994741 0.000000
5909.514939 0.000000
6670.900874 0.000000
6777.778571 0.000000
6747.147881 0.000000
5217.404958 0.000000
5964.777571 0.000000
7944.931066 0.000000
9594.414165 0.000000
11239.793377 0.000000
13145.526503 0.000000
15172.115660 0.000000
16425.369535 0.000000
17755.653735 0.000000
17959.176302 0.000000
15841.434026 0.000000
6446.907847 0.000000
1874.330622 0.000000
2277.667592 0.000000
2925.561819 0.000000
3482.507444 0.000000
4485.793420 0.000000
5411.211074 0.000000
6498.734664 0.000000
7863.836336 0.000000
9085.415293 0.000000
9630.325089 0.000000
9034.090763 0.000000
6307.009761 0.000000
3144.629761 0.000000
3065.253424 0.000000
3764.553369 0.000000
4284.316689 0.000000
5193.551253 0.000000
6204.196617 0.000000
7505.401301 0.000000
8481.127934 0.000000
9923.514771 0.000000
10581.042767 0.000000
10002.661024 0.000000
8249.038257 0.000000
5500.235035 0.000000
3660.824823 0.000000
3154.510103 0.000000
783.417755 0.000000
0.000000 0.000000
0.000000 0.000000
0.000000 0.000000
0.000000 0.000000
0.000000 0.000000
0.000000 0.000000
0.000000 0.000000
0.000000 0.000000
0.000000 0.000000
0.000000 0.000000
0.000000 0.000000
0.000000 0.000000
0.000000 0.000000
10.165425 0.000000
48.307648 0.000000
76.140185 0.000000
123.467370 0.000000
170.107350 0.000000
220.723209 0.000000
288.459396 0.000000
358.479181 0.000000
473.084067 0.000000
554.659165 0.000000
715.671848 0.000000
809.966442 0.000000
1091.030404 0.000000
1302.107655 0.000000
1463.802170 0.000000
1613.667202 0.000000
1747.420252 0.000000
1759.735857 0.000000
1820.666922 0.000000
1848.661963 0.000000
1574.592951 0.000000
781.923019 0.000000
282.822642 0.000000
0.000000 0.000000
0.000000 0.000000
0.000000 0.000000
99.906768 0.000000
199.011072 0.000000
394.812288 0.000000
491.509200 0.000000
776.785152 0.000000
1054.838928 0.000000
1236.195792 0.000000
1887.595944 0.000000
2454.937992 0.000000
3150.700593 0.000000
3526.855593 0.000000
3939.121473 0.000000
4708.102660 0.000000
5532.952704 0.000000
6242.802259 0.000000
6387.708918 0.000000
5949.129192 0.000000
4463.329562 0.000000
2957.042950 0.000000
1914.356930 0.000000
266.467568 0.000000
398.089653 0.000000
658.110425 0.000000
913.833333 0.000000
1411.848096 0.000000
1891.596953 0.000000
2238.649269 0.000000
2574.956937 0.000000
3115.413177 0.000000
3728.395904 0.000000
4467.344952 0.000000
4916.605998 0.000000
5783.664103 0.000000
6881.490423 0.000000
7728.935848 0.000000
7921.401614 0.000000
7196.053504 0.000000
4849.237308 0.000000
4121.659088 0.000000
4134.553072 0.000000
3475.166527 0.000000
1595.081936 0.000000
1194.946845 0.000000
1290.238866 0.000000
1618.993345 0.000000
1822.807308 0.000000
1952.281200 0.000000
2053.685192 0.000000
1914.710448 0.000000
1277.517895 0.000000
979.958161 0.000000
1131.190602 0.000000
1179.844242 0.000000
1114.284310 0.000000
875.195570 0.000000
392.352610 0.000000
32.503504 0.000000
36.415341 0.000000
42.216055 0.000000
53.598994 0.000000
64.679731 0.000000
74.547726 0.000000
168.981308 0.000000
290.515709 0.000000
376.194205 0.000000
602.090095 0.000000
842.072672 0.000000
1223.238788 0.000000
1654.261358 0.000000
2057.596419 0.000000
2435.404003 0.000000
2859.939006 0.000000
3588.776797 0.000000
4222.084859 0.000000
4843.928432 0.000000
5835.661185 0.000000
6269.165343 0.000000
6391.937717 0.000000
5715.098986 0.000000
6411.540246 0.000000
7254.934828 0.000000
7810.134894 0.000000
7900.987041 0.000000
8082.783881 0.000000
7356.458245 0.000000
4775.728011 0.000000
3363.497771 0.000000
3988.341895 0.000000
4674.288508 0.000000
5249.963716 0.000000
6093.028639 0.000000
6984.698013 0.000000
7889.680220 0.000000
8916.311152 0.000000
8990.805201 0.000000
8089.898386 0.000000
5538.060954 0.000000
4191.633318 0.000000
2934.608837 0.000000
522.330019 0.000000
0.000000 0.000000
0.000000 0.000000
0.000000 0.000000
0.000000 0.000000
0.000000 0.000000
0.000000 0.000000
0.000000 0.000000
0.000000 0.000000
0.000000 0.000000
0.000000 0.000000
0.000000 0.000000
0.000000 0.000000
0.000000 0.000000
0.000000 0.000000
50.782056 0.000000
101.156224 0.000000
151.122504 0.000000
249.831400 0.000000
394.835584 0.000000
536.168776 0.000000
651.091220 0.000000
829.746164 0.000000
916.218420 0.000000
1042.663700 0.000000
1303.813992 0.000000
1472.985540 0.000000
1608.251398 0.000000
1794.656214 0.000000
2141.921860 0.000000
2451.865754 0.000000
2764.715850 0.000000
2947.092772 0.000000
3042.385606 0.000000
2819.270870 0.000000
2069.470754 0.000000
1197.482689 0.000000
345.838038 0.000000
56.110905 0.000000
111.771120 0.000000
166.980645 0.000000
221.739480 0.000000
329.905080 0.000000
436.992767 0.000000
593.147892 0.000000
720.120970 0.000000
794.816992 0.000000
893.750438 0.000000
1037.717330 0.000000
1257.752411 0.000000
1391.868633 0.000000
1645.390244 0.000000
2079.914301 0.000000
2413.120503 0.000000
2906.182116 0.000000
3242.862715 0.000000
3435.789342 0.000000
3279.569056 0.000000
2471.132741 0.000000
1791.326039 0.000000
1893.515334 0.000000
1911.351779 0.000000
1726.425890 0.000000
1104.544162 0.000000
368.906276 0.000000
286.130843 0.000000
328.839118 0.000000
412.053767 0.000000
503.116713 0.000000
569.178365 0.000000
676.399514 0.000000
753.323455 0.000000
806.066839 0.000000
809.488370 0.000000
727.908957 0.000000
479.344306 0.000000
128.707074 0.000000
0.000000 0.000000
0.000000 0.000000
0.000000 0.000000
0.000000 0.000000
0.000000 0.000000
0.000000 0.000000
0.000000 0.000000
0.000000 0.000000
0.000000 0.000000
0.000000 0.000000
0.000000 0.000000
87.353682 0.000000
174.005728 0.000000
345.204912 0.000000
513.597552 0.000000
679.183648 0.000000
801.443721 0.000000
1080.519440 0.000000
1272.943113 0.000000
1423.093217 0.000000
1788.645573 0.000000
2203.838494 0.000000
2770.058770 0.000000
3426.790098 0.000000
4062.494309 0.000000
4866.382954 0.000000
5419.194778 0.000000
5655.576669 0.000000
5215.229209 0.000000
3715.350253 0.000000
4220.959539 0.000000
4277.126045 0.000000
3687.757624 0.000000
3089.166115 0.000000
3573.280699 0.000000
4525.700851 0.000000
5208.790496 0.000000
6498.416794 0.000000
7897.287152 0.000000
8827.573074 0.000000
9285.534343 0.000000
9011.215834 0.000000
7365.774931 0.000000
5331.649162 0.000000
5088.787119 0.000000
4072.244302 0.000000
1764.415198 0.000000
1775.340673 0.000000
2036.272131 0.000000
2361.560112 0.000000
2567.523268 0.000000
2602.266010 0.000000
2215.343832 0.000000
1342.921495 0.000000
1143.963286 0.000000
1283.972114 0.000000
1431.459159 0.000000
1604.746432 0.000000
1803.257895 0.000000
1868.496900 0.000000
1681.664068 0.000000
1235.567807 0.000000
1298.426109 0.000000
1545.900749 0.000000
1744.021554 0.000000
1878.923524 0.000000
1940.228754 0.000000
1796.343259 0.000000
517.366807 0.000000
149.359350 0.000000
178.499664 0.000000
236.048736 0.000000
306.582927 0.000000
375.532080 0.000000
468.988359 0.000000
621.639711 0.000000
764.536983 0.000000
929.441898 0.000000
1272.110694 0.000000
1572.018199 0.000000
1785.967495 0.000000
1906.940951 0.000000
1898.370847 0.000000
1532.752098 0.000000
859.578144 0.000000
505.656834 0.000000
0.000000 0.000000
0.000000 0.000000
18.324906 0.000000
36.502624 0.000000
72.416496 0.000000
107.741616 0.000000
142.477984 0.000000
168.125493 0.000000
201.831545 0.000000
251.139525 0.000000
299.270001 0.000000
424.398103 0.000000
505.590600 0.000000
741.649578 0.000000
932.389094 0.000000
1118.157158 0.000000
1306.644327 0.000000
1445.120666 0.000000
1603.940587 0.000000
1453.788475 0.000000
1073.305760 0.000000
1193.815000 0.000000
1459.828125 0.000000
1714.059827 0.000000
2180.885948 0.000000
2653.029104 0.000000
3055.777825 0.000000
3485.179153 0.000000
3792.239594 0.000000
4034.281854 0.000000
3848.104945 0.000000
3099.992537 0.000000
1277.905872 0.000000
1559.880783 0.000000
1775.157576 0.000000
1959.713033 0.000000
2016.841409 0.000000
1861.223984 0.000000
1112.039414 0.000000
662.476920 0.000000
766.580089 0.000000
912.088367 0.000000
1061.577049 0.000000
1135.093089 0.000000
1031.547417 0.000000
670.346353 0.000000
495.257150 0.000000
432.602791 0.000000
540.493399 0.000000
702.195007 0.000000
869.337158 0.000000
1031.622416 0.000000
1288.962691 0.000000
1651.108730 0.000000
1819.175115 0.000000
1938.387610 0.000000
1956.551305 0.000000
2144.990078 0.000000
2315.984895 0.000000
2454.962210 0.000000
2612.661997 0.000000
3040.188109 0.000000
3594.998243 0.000000
3797.106461 0.000000
3793.610894 0.000000
3383.114172 0.000000
3533.823077 0.000000
3669.775132 0.000000
3129.677173 0.000000
1548.911840 0.000000
1961.213536 0.000000
2461.775288 0.000000
2597.729058 0.000000
3200.283383 0.000000
3884.178284 0.000000
4353.897565 0.000000
5000.463371 0.000000
5622.002245 0.000000
5988.030054 0.000000
5954.364667 0.000000
4979.537578 0.000000
2479.194571 0.000000
543.667013 0.000000
110.995830 0.000000
166.475351 0.000000
214.322740 0.000000
261.778052 0.000000
435.372349 0.000000
604.502277 0.000000
743.872590 0.000000
983.538024 0.000000
1274.459948 0.000000
1597.989107 0.000000
1977.760026 0.000000
2635.126066 0.000000
3026.020419 0.000000
3325.771877 0.000000
3650.162995 0.000000
3505.716116 0.000000
3033.301003 0.000000
1744.734167 0.000000
1199.451961 0.000000
1191.177466 0.000000
1461.184685 0.000000
1892.338706 0.000000
2208.494888 0.000000
2664.864407 0.000000
3290.645871 0.000000
4336.519675 0.000000
5461.555045 0.000000
6534.887405 0.000000
7715.529968 0.000000
8628.436727 0.000000
8949.355676 0.000000
9076.603431 0.000000
8492.430396 0.000000
5398.898563 0.000000
5584.800492 0.000000
5220.027136 0.000000
4898.820674 0.000000
4086.048408 0.000000
4840.867903 0.000000
5620.543022 0.000000
6394.079715 0.000000
7164.216696 0.000000
7294.589427 0.000000
4972.010118 0.000000
3675.597439 0.000000
3462.006100 0.000000
1800.568946 0.000000
1082.820878 0.000000
0.000000 0.000000
0.000000 0.000000
0.000000 0.000000
0.000000 0.000000
0.000000 0.000000
108.214155 0.000000
215.559120 0.000000
322.034895 0.000000
636.247080 0.000000
841.375920 0.000000
942.636555 0.000000
1338.987195 0.000000
1861.152981 0.000000
2267.281707 0.000000
2962.959354 0.000000
3350.400477 0.000000
4215.570336 0.000000
4922.330456 0.000000
5656.904730 0.000000
6269.692730 0.000000
6745.255737 0.000000
6358.683100 0.000000
4321.510564 0.000000
3048.112817 0.000000
3399.844786 0.000000
3774.266424 0.000000
4044.658404 0.000000
3988.615076 0.000000
3218.169232 0.000000
2965.136010 0.000000
3441.921895 0.000000
4104.290829 0.000000
4706.431612 0.000000
4923.541313 0.000000
4736.897443 0.000000
4990.263478 0.000000
5444.344374 0.000000
5272.218817 0.000000
4023.726045 0.000000
2853.907223 0.000000
3189.842325 0.000000
3373.525306 0.000000
3046.827222 0.000000
1800.895597 0.000000
1812.902133 0.000000
1846.118097 0.000000
1829.301219 0.000000
888.895593 0.000000
99.560058 0.000000
0.000000 0.000000
0.000000 0.000000
0.000000 0.000000
0.000000 0.000000
0.000000 0.000000
0.000000 0.000000
0.000000 0.000000
0.000000 0.000000
0.000000 0.000000
0.000000 0.000000
0.000000 0.000000
0.000000 0.000000
0.000000 0.000000
0.000000 0.000000
0.000000 0.000000
0.000000 0.000000
0.000000 0.000000
18.066942 0.000000
35.988768 0.000000
53.765478 0.000000
71.397072 0.000000
88.883550 0.000000
121.218500 0.000000
146.755768 0.000000
261.572264 0.000000
348.990559 0.000000
409.660344 0.000000
488.952144 0.000000
581.767549 0.000000
715.196449 0.000000
863.824703 0.000000
965.725824 0.000000
1064.424979 0.000000
1134.959268 0.000000
1109.225795 0.000000
1052.293001 0.000000
573.956800 0.000000
532.460086 0.000000
574.614735 0.000000
433.987005 0.000000
602.663451 0.000000
996.305975 0.000000
1190.687304 0.000000
1669.320944 0.000000
1763.258480 0.000000
2043.444231 0.000000
2683.926744 0.000000
2951.099511 0.000000
3979.124999 0.000000
4973.194743 0.000000
6143.549696 0.000000
6890.575992 0.000000
8130.265527 0.000000
9316.072920 0.000000
10496.187152 0.000000
11434.035707 0.000000
11471.040008 0.000000
10276.283355 0.000000
7338.396888 0.000000
6937.588269 0.000000
5296.215291 0.000000
2382.568876 0.000000
485.754155 0.000000
46.336560 0.000000
68.939760 0.000000
91.166240 0.000000
123.799610 0.000000
155.585360 0.000000
196.647840 0.000000
264.881250 0.000000
345.828960 0.000000
403.514210 0.000000
514.811425 0.000000
600.703585 0.000000
666.523668 0.000000
716.109417 0.000000
728.505826 0.000000
666.806076 0.000000
358.236856 0.000000
20.024172 0.000000
30.948588 0.000000
40.195494 0.000000
50.413590 0.000000
67.388814 0.000000
107.204606 0.000000
123.312733 0.000000
161.622801 0.000000
205.938761 0.000000
254.763792 0.000000
332.485982 0.000000
407.380423 0.000000
466.656320 0.000000
512.523874 0.000000
559.929332 0.000000
672.097170 0.000000
818.298404 0.000000
990.978674 0.000000
1109.035042 0.000000
1427.290939 0.000000
1647.540245 0.000000
1842.565255 0.000000
1943.315463 0.000000
1865.667437 0.000000
1497.638483 0.000000
776.425422 0.000000
647.720756 0.000000
800.527766 0.000000
862.408988 0.000000
953.165405 0.000000
1010.075585 0.000000
1071.322213 0.000000
973.757653 0.000000
697.062301 0.000000
215.674882 0.000000
3.915888 0.000000
4.572032 0.000000
6.071080 0.000000
7.303144 0.000000
8.304564 0.000000
9.597348 0.000000
10.516888 0.000000
11.110656 0.000000
10.608520 0.000000
7.773264 0.000000
3.956736 0.000000
0.525504 0.000000
0.000000 0.000000
0.000000 0.000000
0.000000 0.000000
0.000000 0.000000
0.000000 0.000000
0.000000 0.000000
0.000000 0.000000
0.000000 0.000000
0.000000 0.000000
0.000000 0.000000
0.000000 0.000000
0.000000 0.000000
0.000000 0.000000
0.000000 0.000000
0.000000 0.000000
0.000000 0.000000
0.000000 0.000000
0.000000 0.000000
0.000000 0.000000
0.000000 0.000000
0.000000 0.000000
0.000000 0.000000
0.000000 0.000000
0.000000 0.000000
0.000000 0.000000
0.000000 0.000000
0.000000 0.000000
0.000000 0.000000
0.000000 0.000000
0.000000 0.000000
0.000000 0.000000
0.000000 0.000000
0.000000 0.000000
0.000000 0.000000
0.000000 0.000000
0.000000 0.000000
0.000000 0.000000
0.000000 0.000000
0.000000 0.000000
0.000000 0.000000
0.000000 0.000000
