7536594.581039 0.000000
7191816.917382 0.000000
6912994.434491 0.000000
6791960.219902 0.000000
6537548.755360 0.000000
6195202.871114 0.000000
5939139.816553 0.000000
5600850.151829 0.000000
5655575.311608 0.000000
5622615.037045 0.000000
5496774.891284 0.000000
5293624.956373 0.000000
5211998.377956 0.000000
5022166.321084 0.000000
4958357.055894 0.000000
4803814.245204 0.000000
4717970.485039 0.000000
4553119.748422 0.000000
4224743.256616 0.000000
3872753.366059 0.000000
3756278.979381 0.000000
3502827.944658 0.000000
3316832.742134 0.000000
3394825.061267 0.000000
3565849.648884 0.000000
3492362.841608 0.000000
3342074.289521 0.000000
3158078.108321 0.000000
2993378.155704 0.000000
2936280.181476 0.000000
2560314.569937 0.000000
2854377.253291 0.000000
2966879.417149 0.000000
2863783.634498 0.000000
2410597.787091 0.000000
2033833.527429 0.000000
2065722.047841 0.000000
2188713.687641 0.000000
1997059.943833 0.000000
1963251.128714 0.000000
1976572.941134 0.000000
2029053.571102 0.000000
2007607.093996 0.000000
1710016.778336 0.000000
1296936.939586 0.000000
1014127.509860 0.000000
1162067.954127 0.000000
1268216.790310 0.000000
1204669.892910 0.000000
989968.111074 0.000000
922551.387083 0.000000
850919.391688 0.000000
847590.179957 0.000000
782641.450615 0.000000
720026.635395 0.000000
540044.734980 0.000000
400382.107160 0.000000
182186.010842 0.000000
10003.610586 0.000000
17425.266951 0.000000
25161.668962 0.000000
26482.664449 0.000000
31512.046100 0.000000
40877.070688 0.000000
45935.079200 0.000000
62915.939603 0.000000
80765.951879 0.000000
101927.024191 0.000000
114992.257157 0.000000
23214.157621 0.000000
11995.114578 0.000000
9439.531430 0.000000
8123.548270 0.000000
9809.541763 0.000000
11978.316882 0.000000
13177.966471 0.000000
15523.515473 0.000000
19527.254902 0.000000
23466.256669 0.000000
26589.103123 0.000000
26148.076091 0.000000
26457.209178 0.000000
22968.384492 0.000000
21204.629200 0.000000
23972.014945 0.000000
9654.550069 0.000000
10682.766328 0.000000
13714.001273 0.000000
15690.313044 0.000000
20479.999684 0.000000
25934.810293 0.000000
30243.728599 0.000000
38181.570789 0.000000
43862.779013 0.000000
52085.819499 0.000000
58360.156933 0.000000
67901.255566 0.000000
73259.660265 0.000000
72220.574479 0.000000
59168.081135 0.000000
29504.660262 0.000000
2131.339376 0.000000
2436.288229 0.000000
2824.181560 0.000000
3036.706855 0.000000
2992.790971 0.000000
2504.701366 0.000000
1277.918497 0.000000
2189.375093 0.000000
3216.125899 0.000000
4162.698127 0.000000
4954.790977 0.000000
4603.109520 0.000000
479.860161 0.000000
213.333120 0.000000
258.461280 0.000000
318.046080 0.000000
349.914180 0.000000
380.365920 0.000000
372.746880 0.000000
302.221920 0.000000
91.428480 0.000000
0.000000 0.000000
0.000000 0.000000
0.000000 0.000000
0.000000 0.000000
0.000000 0.000000
0.000000 0.000000
0.000000 0.000000
0.000000 0.000000
0.000000 0.000000
0.000000 0.000000
0.000000 0.000000
0.000000 0.000000
0.000000 0.000000
0.000000 0.000000
0.000000 0.000000
0.000000 0.000000
0.000000 0.000000
0.000000 0.000000
0.000000 0.000000
0.000000 0.000000
0.000000 0.000000
0.000000 0.000000
0.000000 0.000000
0.000000 0.000000
0.000000 0.000000
0.000000 0.000000
0.000000 0.000000
0.000000 0.000000
0.000000 0.000000
0.000000 0.000000
0.000000 0.000000
0.000000 0.000000
0.000000 0.000000
0.000000 0.000000
0.000000 0.000000
0.000000 0.000000
0.000000 0.000000
0.000000 0.000000
0.000000 0.000000
0.000000 0.000000
0.000000 0.000000
0.000000 0.000000
0.000000 0.000000
0.000000 0.000000
0.000000 0.000000
0.000000 0.000000
0.000000 0.000000
0.000000 0.000000
0.000000 0.000000
0.000000 0.000000
0.000000 0.000000
0.000000 0.000000
0.000000 0.000000
0.000000 0.000000
0.000000 0.000000
0.000000 0.000000
0.000000 0.000000
0.000000 0.000000
0.000000 0.000000
0.000000 0.000000
0.000000 0.000000
0.000000 0.000000
0.000000 0.000000
0.000000 0.000000
0.000000 0.000000
0.000000 0.000000
0.000000 0.000000
0.000000 0.000000
0.000000 0.000000
0.000000 0.000000
0.000000 0.000000
924.127893 0.000000
1840.833072 0.000000
2750.115537 0.000000
3651.975288 0.000000
4546.412325 0.000000
7236.188079 0.000000
8151.525541 0.000000
10751.409435 0.000000
15749.535007 0.000000
20430.261240 0.000000
24891.493528 0.000000
27700.466895 0.000000
32937.442071 0.000000
35971.784101 0.000000
42612.362532 0.000000
51564.625516 0.000000
57362.637848 0.000000
59593.518941 0.000000
57102.697860 0.000000
44364.351476 0.000000
3999.559390 0.000000
3128.176600 0.000000
3201.319377 0.000000
2911.881419 0.000000
2036.860736 0.000000
0.000000 0.000000
0.000000 0.000000
0.000000 0.000000
0.000000 0.000000
0.000000 0.000000
0.000000 0.000000
0.000000 0.000000
0.000000 0.000000
0.000000 0.000000
76.213173 0.000000
151.814192 0.000000
226.803057 0.000000
301.179768 0.000000
559.130810 0.000000
938.034416 0.000000
1059.643071 0.000000
1297.050616 0.000000
1569.103158 0.000000
2112.031832 0.000000
2538.618837 0.000000
3125.444489 0.000000
3646.974319 0.000000
4709.833971 0.000000
5545.077834 0.000000
6223.602634 0.000000
6851.417446 0.000000
7602.236787 0.000000
7842.807053 0.000000
8003.607814 0.000000
8905.190018 0.000000
9170.727655 0.000000
3826.849392 0.000000
3577.215468 0.000000
4186.897696 0.000000
3985.981946 0.000000
3946.235867 0.000000
4861.845583 0.000000
6133.373299 0.000000
7172.524302 0.000000
7776.057489 0.000000
7892.682768 0.000000
7340.326573 0.000000
5957.734460 0.000000
6378.689855 0.000000
4340.210246 0.000000
2632.395928 0.000000
2129.215969 0.000000
119.118460 0.000000
68.972280 0.000000
91.590720 0.000000
147.299100 0.000000
191.046700 0.000000
276.307980 0.000000
398.428940 0.000000
476.243820 0.000000
1192.049823 0.000000
1360.076338 0.000000
2346.133750 0.000000
3937.144276 0.000000
4913.052889 0.000000
6139.091686 0.000000
7579.826528 0.000000
8792.920994 0.000000
10457.177445 0.000000
11758.681901 0.000000
13354.219260 0.000000
15808.130789 0.000000
20109.185984 0.000000
22678.275714 0.000000
25658.618600 0.000000
27745.938970 0.000000
30703.459972 0.000000
30292.569241 0.000000
25805.973140 0.000000
17150.444272 0.000000
12273.084921 0.000000
4540.098519 0.000000
0.000000 0.000000
0.000000 0.000000
0.000000 0.000000
0.000000 0.000000
31.709403 0.000000
63.164112 0.000000
94.364127 0.000000
156.000075 0.000000
216.617247 0.000000
246.543792 0.000000
305.632800 0.000000
392.356107 0.000000
476.787168 0.000000
558.798424 0.000000
703.273506 0.000000
809.640147 0.000000
1046.728317 0.000000
1217.532391 0.000000
1405.464673 0.000000
1673.466207 0.000000
1880.118771 0.000000
1957.609837 0.000000
1839.162012 0.000000
1440.280516 0.000000
1006.936093 0.000000
1100.838739 0.000000
1198.241703 0.000000
1221.099374 0.000000
1106.356243 0.000000
682.763173 0.000000
351.701456 0.000000
413.056952 0.000000
486.250593 0.000000
558.773775 0.000000
617.530119 0.000000
652.702274 0.000000
615.971824 0.000000
365.911798 0.000000
121.844523 0.000000
1.974080 0.000000
4.395910 0.000000
6.766000 0.000000
8.160990 0.000000
10.907190 0.000000
12.682270 0.000000
16.996590 0.000000
19.900000 0.000000
25.768510 0.000000
31.547470 0.000000
41.157180 0.000000
48.237600 0.000000
51.637515 0.000000
56.865245 0.000000
59.168670 0.000000
50.904695 0.000000
34.932983 0.000000
30.884313 0.000000
30.769865 0.000000
26.363969 0.000000
15.063713 0.000000
0.000000 0.000000
0.000000 0.000000
0.000000 0.000000
0.000000 0.000000
0.000000 0.000000
0.000000 0.000000
0.000000 0.000000
0.000000 0.000000
0.000000 0.000000
0.000000 0.000000
0.000000 0.000000
0.000000 0.000000
0.000000 0.000000
0.000000 0.000000
0.000000 0.000000
0.000000 0.000000
0.000000 0.000000
0.000000 0.000000
0.000000 0.000000
0.000000 0.000000
0.000000 0.000000
0.000000 0.000000
0.000000 0.000000
0.000000 0.000000
0.000000 0.000000
0.000000 0.000000
0.000000 0.000000
0.000000 0.000000
0.000000 0.000000
0.000000 0.000000
0.000000 0.000000
0.000000 0.000000
0.000000 0.000000
0.000000 0.000000
0.000000 0.000000
0.000000 0.000000
0.000000 0.000000
0.000000 0.000000
0.000000 0.000000
0.000000 0.000000
0.000000 0.000000
0.000000 0.000000
0.000000 0.000000
0.000000 0.000000
0.000000 0.000000
0.000000 0.000000
0.000000 0.000000
0.000000 0.000000
0.000000 0.000000
0.000000 0.000000
0.000000 0.000000
0.000000 0.000000
0.000000 0.000000
0.000000 0.000000
0.000000 0.000000
0.000000 0.000000
0.000000 0.000000
0.000000 0.000000
0.000000 0.000000
0.000000 0.000000
0.000000 0.000000
0.000000 0.000000
0.000000 0.000000
0.000000 0.000000
0.000000 0.000000
0.000000 0.000000
0.000000 0.000000
0.000000 0.000000
0.000000 0.000000
0.000000 0.000000
0.000000 0.000000
0.000000 0.000000
0.000000 0.000000
0.000000 0.000000
0.000000 0.000000
0.000000 0.000000
0.000000 0.000000
0.000000 0.000000
0.000000 0.000000
0.000000 0.000000
0.000000 0.000000
0.000000 0.000000
0.000000 0.000000
0.000000 0.000000
0.000000 0.000000
0.000000 0.000000
0.000000 0.000000
0.000000 0.000000
0.000000 0.000000
0.000000 0.000000
0.000000 0.000000
0.000000 0.000000
0.000000 0.000000
0.000000 0.000000
0.000000 0.000000
0.000000 0.000000
0.000000 0.000000
0.000000 0.000000
0.000000 0.000000
0.000000 0.000000
0.000000 0.000000
0.000000 0.000000
0.000000 0.000000
0.000000 0.000000
0.000000 0.000000
0.000000 0.000000
0.000000 0.000000
0.000000 0.000000
0.000000 0.000000
0.000000 0.000000
0.000000 0.000000
0.000000 0.000000
0.000000 0.000000
0.000000 0.000000
0.000000 0.000000
0.000000 0.000000
0.000000 0.000000
0.000000 0.000000
0.000000 0.000000
0.000000 0.000000
0.000000 0.000000
0.000000 0.000000
0.000000 0.000000
0.000000 0.000000
0.000000 0.000000
0.000000 0.000000
0.000000 0.000000
0.000000 0.000000
0.000000 0.000000
0.000000 0.000000
0.000000 0.000000
0.000000 0.000000
0.000000 0.000000
0.000000 0.000000
0.000000 0.000000
0.000000 0.000000
0.000000 0.000000
0.000000 0.000000
0.000000 0.000000
0.000000 0.000000
0.000000 0.000000
0.000000 0.000000
0.000000 0.000000
0.000000 0.000000
0.000000 0.000000
0.000000 0.000000
0.000000 0.000000
0.000000 0.000000
0.000000 0.000000
0.000000 0.000000
0.000000 0.000000
0.000000 0.000000
0.000000 0.000000
0.000000 0.000000
0.000000 0.000000
0.000000 0.000000
0.000000 0.000000
0.000000 0.000000
0.000000 0.000000
0.000000 0.000000
0.000000 0.000000
0.000000 0.000000
0.000000 0.000000
0.000000 0.000000
0.000000 0.000000
0.000000 0.000000
0.000000 0.000000
0.000000 0.000000
0.000000 0.000000
0.000000 0.000000
0.000000 0.000000
0.000000 0.000000
0.000000 0.000000
0.000000 0.000000
0.000000 0.000000
0.000000 0.000000
0.000000 0.000000
0.000000 0.000000
0.000000 0.000000
0.000000 0.000000
0.000000 0.000000
0.000000 0.000000
0.000000 0.000000
0.000000 0.000000
0.000000 0.000000
0.000000 0.000000
0.000000 0.000000
0.000000 0.000000
0.000000 0.000000
0.000000 0.000000
0.000000 0.000000
0.000000 0.000000
0.000000 0.000000
0.000000 0.000000
0.000000 0.000000
0.000000 0.000000
0.000000 0.000000
0.000000 0.000000
0.000000 0.000000
0.000000 0.000000
0.000000 0.000000
0.000000 0.000000
0.000000 0.000000
0.000000 0.000000
0.000000 0.000000
0.000000 0.000000
0.000000 0.000000
0.000000 0.000000
0.000000 0.000000
0.000000 0.000000
0.000000 0.000000
0.000000 0.000000
0.000000 0.000000
0.000000 0.000000
0.000000 0.000000
0.000000 0.000000
0.000000 0.000000
0.000000 0.000000
0.000000 0.000000
0.000000 0.000000
0.000000 0.000000
0.000000 0.000000
0.000000 0.000000
0.000000 0.000000
8.234181 0.000000
16.402224 0.000000
32.539896 0.000000
48.413016 0.000000
71.726661 0.000000
94.445064 0.000000
109.259976 0.000000
130.986309 0.000000
172.653249 0.000000
199.108449 0.000000
248.844225 0.000000
320.637024 0.000000
368.256384 0.000000
416.669400 0.000000
478.475361 0.000000
511.114464 0.000000
511.941189 0.000000
466.405176 0.000000
310.319496 0.000000
0.000000 0.000000
0.000000 0.000000
0.000000 0.000000
0.000000 0.000000
0.000000 0.000000
0.000000 0.000000
0.000000 0.000000
0.000000 0.000000
0.000000 0.000000
0.000000 0.000000
0.000000 0.000000
0.000000 0.000000
0.000000 0.000000
0.000000 0.000000
0.000000 0.000000
0.000000 0.000000
0.000000 0.000000
0.000000 0.000000
0.000000 0.000000
0.000000 0.000000
0.000000 0.000000
0.000000 0.000000
0.000000 0.000000
0.000000 0.000000
0.000000 0.000000
0.000000 0.000000
0.000000 0.000000
0.000000 0.000000
0.000000 0.000000
0.000000 0.000000
0.000000 0.000000
0.000000 0.000000
0.000000 0.000000
0.000000 0.000000
0.000000 0.000000
0.000000 0.000000
0.000000 0.000000
0.000000 0.000000
0.000000 0.000000
0.000000 0.000000
0.000000 0.000000
0.000000 0.000000
0.000000 0.000000
0.000000 0.000000
0.000000 0.000000
0.000000 0.000000
0.000000 0.000000
0.000000 0.000000
0.000000 0.000000
0.000000 0.000000
0.000000 0.000000
0.000000 0.000000
0.000000 0.000000
0.000000 0.000000
0.000000 0.000000
0.000000 0.000000
0.000000 0.000000
0.000000 0.000000
0.000000 0.000000
0.000000 0.000000
0.000000 0.000000
0.000000 0.000000
0.000000 0.000000
0.000000 0.000000
0.000000 0.000000
0.000000 0.000000
0.000000 0.000000
0.000000 0.000000
0.000000 0.000000
0.000000 0.000000
0.000000 0.000000
0.000000 0.000000
0.000000 0.000000
0.000000 0.000000
0.000000 0.000000
0.000000 0.000000
0.000000 0.000000
0.000000 0.000000
0.000000 0.000000
0.000000 0.000000
0.000000 0.000000
0.000000 0.000000
0.000000 0.000000
0.000000 0.000000
0.000000 0.000000
0.000000 0.000000
0.000000 0.000000
0.000000 0.000000
0.000000 0.000000
0.000000 0.000000
0.000000 0.000000
0.000000 0.000000
0.000000 0.000000
0.000000 0.000000
0.000000 0.000000
0.000000 0.000000
0.000000 0.000000
0.000000 0.000000
0.000000 0.000000
0.000000 0.000000
0.000000 0.000000
0.000000 0.000000
0.000000 0.000000
0.000000 0.000000
0.000000 0.000000
0.000000 0.000000
0.000000 0.000000
0.000000 0.000000
0.000000 0.000000
0.000000 0.000000
0.000000 0.000000
0.000000 0.000000
0.000000 0.000000
0.000000 0.000000
0.000000 0.000000
0.000000 0.000000
0.000000 0.000000
0.716871 0.000000
1.427984 0.000000
2.133339 0.000000
2.832936 0.000000
3.526775 0.000000
4.897179 0.000000
7.568891 0.000000
10.148475 0.000000
12.329211 0.000000
15.603776 0.000000
20.590056 0.000000
24.136856 0.000000
28.647879 0.000000
34.311536 0.000000
40.626071 0.000000
43.769739 0.000000
43.631799 0.000000
38.522544 0.000000
17.583840 0.000000
2.782080 0.000000
0.882000 0.000000
1.224720 0.000000
1.561680 0.000000
2.056320 0.000000
2.695680 0.000000
3.160080 0.000000
4.050000 0.000000
4.683240 0.000000
6.289200 0.000000
7.410240 0.000000
9.023400 0.000000
10.116900 0.000000
10.891980 0.000000
11.180700 0.000000
9.992340 0.000000
5.871060 0.000000
0.000000 0.000000
0.000000 0.000000
0.000000 0.000000
0.000000 0.000000
0.000000 0.000000
0.000000 0.000000
0.000000 0.000000
0.000000 0.000000
0.000000 0.000000
0.000000 0.000000
0.000000 0.000000
0.000000 0.000000
0.000000 0.000000
0.000000 0.000000
0.000000 0.000000
0.000000 0.000000
0.000000 0.000000
0.000000 0.000000
0.000000 0.000000
0.000000 0.000000
0.000000 0.000000
0.000000 0.000000
0.000000 0.000000
0.000000 0.000000
0.000000 0.000000
0.000000 0.000000
0.000000 0.000000
0.000000 0.000000
0.000000 0.000000
0.000000 0.000000
0.000000 0.000000
0.000000 0.000000
0.000000 0.000000
0.000000 0.000000
0.000000 0.000000
0.000000 0.000000
0.000000 0.000000
0.000000 0.000000
0.000000 0.000000
0.000000 0.000000
0.000000 0.000000
0.000000 0.000000
0.000000 0.000000
0.000000 0.000000
0.000000 0.000000
0.000000 0.000000
0.000000 0.000000
0.000000 0.000000
0.000000 0.000000
0.000000 0.000000
0.000000 0.000000
0.000000 0.000000
0.000000 0.000000
0.000000 0.000000
0.000000 0.000000
0.000000 0.000000
0.000000 0.000000
0.000000 0.000000
0.000000 0.000000
0.000000 0.000000
0.000000 0.000000
0.000000 0.000000
0.000000 0.000000
0.000000 0.000000
0.000000 0.000000
0.000000 0.000000
0.000000 0.000000
0.000000 0.000000
0.000000 0.000000
0.000000 0.000000
0.000000 0.000000
0.000000 0.000000
0.000000 0.000000
0.000000 0.000000
0.000000 0.000000
0.000000 0.000000
0.000000 0.000000
0.000000 0.000000
0.000000 0.000000
0.000000 0.000000
0.000000 0.000000
0.000000 0.000000
0.000000 0.000000
0.000000 0.000000
0.000000 0.000000
0.000000 0.000000
0.000000 0.000000
0.000000 0.000000
0.000000 0.000000
0.000000 0.000000
0.000000 0.000000
0.000000 0.000000
0.000000 0.000000
0.000000 0.000000
0.000000 0.000000
0.000000 0.000000
0.000000 0.000000
0.000000 0.000000
0.000000 0.000000
0.000000 0.000000
0.000000 0.000000
0.000000 0.000000
0.000000 0.000000
0.000000 0.000000
0.000000 0.000000
0.000000 0.000000
0.000000 0.000000
0.000000 0.000000
0.000000 0.000000
0.000000 0.000000
0.000000 0.000000
0.000000 0.000000
0.000000 0.000000
0.000000 0.000000
0.000000 0.000000
0.000000 0.000000
0.000000 0.000000
0.000000 0.000000
0.000000 0.000000
0.000000 0.000000
0.000000 0.000000
0.000000 0.000000
0.000000 0.000000
0.000000 0.000000
0.000000 0.000000
0.000000 0.000000
0.000000 0.000000
0.000000 0.000000
0.000000 0.000000
0.000000 0.000000
0.000000 0.000000
0.000000 0.000000
0.000000 0.000000
0.000000 0.000000
0.000000 0.000000
0.000000 0.000000
0.000000 0.000000
0.000000 0.000000
0.000000 0.000000
0.000000 0.000000
0.000000 0.000000
0.000000 0.000000
0.000000 0.000000
0.000000 0.000000
0.000000 0.000000
0.000000 0.000000
0.000000 0.000000
0.000000 0.000000
0.000000 0.000000
0.000000 0.000000
0.000000 0.000000
0.000000 0.000000
0.000000 0.000000
0.000000 0.000000
0.000000 0.000000
0.000000 0.000000
0.000000 0.000000
0.000000 0.000000
0.000000 0.000000
0.000000 0.000000
0.000000 0.000000
0.000000 0.000000
0.000000 0.000000
0.000000 0.000000
0.000000 0.000000
0.000000 0.000000
0.000000 0.000000
0.000000 0.000000
0.000000 0.000000
0.000000 0.000000
0.000000 0.000000
0.000000 0.000000
0.000000 0.000000
0.000000 0.000000
0.000000 0.000000
0.000000 0.000000
0.000000 0.000000
0.000000 0.000000
0.000000 0.000000
0.000000 0.000000
0.000000 0.000000
0.000000 0.000000
0.000000 0.000000
0.000000 0.000000
0.000000 0.000000
0.000000 0.000000
0.000000 0.000000
0.000000 0.000000
0.000000 0.000000
0.000000 0.000000
0.000000 0.000000
0.000000 0.000000
0.000000 0.000000
0.000000 0.000000
0.000000 0.000000
0.000000 0.000000
0.000000 0.000000
0.000000 0.000000
0.000000 0.000000
0.000000 0.000000
0.000000 0.000000
0.000000 0.000000
0.000000 0.000000
0.000000 0.000000
0.000000 0.000000
0.000000 0.000000
0.000000 0.000000
0.000000 0.000000
0.000000 0.000000
0.000000 0.000000
0.000000 0.000000
0.000000 0.000000
0.000000 0.000000
0.000000 0.000000
0.000000 0.000000
0.000000 0.000000
0.000000 0.000000
0.000000 0.000000
0.000000 0.000000
0.000000 0.000000
0.000000 0.000000
0.000000 0.000000
0.000000 0.000000
0.000000 0.000000
0.000000 0.000000
0.000000 0.000000
0.000000 0.000000
0.000000 0.000000
0.000000 0.000000
0.000000 0.000000
0.000000 0.000000
0.000000 0.000000
0.000000 0.000000
0.000000 0.000000
0.000000 0.000000
0.000000 0.000000
0.000000 0.000000
0.000000 0.000000
0.000000 0.000000
0.000000 0.000000
0.000000 0.000000
0.000000 0.000000
0.000000 0.000000
0.000000 0.000000
0.000000 0.000000
0.000000 0.000000
0.000000 0.000000
0.000000 0.000000
0.000000 0.000000
