7410164.747581 0.000000
6697416.616762 0.000000
6109555.471895 0.000000
5481167.378649 0.000000
5094332.664642 0.000000
4662038.147239 0.000000
4187774.233367 0.000000
3971345.458498 0.000000
3719802.849563 0.000000
3402625.855965 0.000000
3161132.980607 0.000000
2987222.305948 0.000000
2804911.342724 0.000000
2507168.326642 0.000000
2322419.335568 0.000000
2198630.846818 0.000000
2065081.460954 0.000000
2002788.460174 0.000000
1860400.530511 0.000000
1740386.188803 0.000000
1685603.576399 0.000000
1569375.649808 0.000000
1466838.903894 0.000000
1509340.708873 0.000000
1454486.050892 0.000000
1340051.480671 0.000000
1262491.022616 0.000000
1219233.352102 0.000000
1174943.590899 0.000000
1093574.650747 0.000000
1011187.087325 0.000000
1006450.371064 0.000000
967069.202763 0.000000
969809.525287 0.000000
966533.123403 0.000000
889673.652784 0.000000
869013.247106 0.000000
832310.424825 0.000000
782296.095590 0.000000
768022.089602 0.000000
722666.432633 0.000000
660333.927841 0.000000
540220.607705 0.000000
597566.552182 0.000000
642867.317333 0.000000
635988.408545 0.000000
597166.575879 0.000000
566780.937066 0.000000
520257.578073 0.000000
483332.196417 0.000000
378984.559639 0.000000
312716.958620 0.000000
255828.803533 0.000000
224917.759774 0.000000
224217.890312 0.000000
248220.129392 0.000000
261631.283384 0.000000
231407.652953 0.000000
164654.448481 0.000000
51968.538650 0.000000
0.000000 0.000000
1445.494302 0.000000
2879.378208 0.000000
4301.651718 0.000000
5712.314832 0.000000
8498.809872 0.000000
12591.474462 0.000000
15261.865542 0.000000
16579.645488 0.000000
24242.506848 0.000000
30308.938758 0.000000
33809.473152 0.000000
39528.691687 0.000000
45898.312672 0.000000
51856.349226 0.000000
64246.944707 0.000000
74974.422032 0.000000
82250.072755 0.000000
90693.632379 0.000000
91560.675304 0.000000
82059.959880 0.000000
58306.327982 0.000000
13749.202637 0.000000
15811.757591 0.000000
19596.565437 0.000000
23106.014214 0.000000
31416.787894 0.000000
36103.657374 0.000000
42941.507913 0.000000
53044.813555 0.000000
62613.414365 0.000000
56986.857655 0.000000
15571.840017 0.000000
17565.189978 0.000000
19049.625228 0.000000
21944.768759 0.000000
27170.120526 0.000000
32768.751722 0.000000
40202.096277 0.000000
45283.755269 0.000000
47535.314338 0.000000
55094.331716 0.000000
62999.069852 0.000000
74612.453611 0.000000
85921.994541 0.000000
92860.660586 0.000000
92318.054032 0.000000
71408.822959 0.000000
28559.842079 0.000000
0.000000 0.000000
0.000000 0.000000
0.000000 0.000000
0.000000 0.000000
0.000000 0.000000
0.000000 0.000000
0.000000 0.000000
0.000000 0.000000
0.000000 0.000000
0.000000 0.000000
0.000000 0.000000
0.000000 0.000000
0.000000 0.000000
0.000000 0.000000
0.000000 0.000000
0.000000 0.000000
0.000000 0.000000
0.000000 0.000000
0.000000 0.000000
0.000000 0.000000
0.000000 0.000000
0.000000 0.000000
0.000000 0.000000
0.000000 0.000000
0.000000 0.000000
0.000000 0.000000
0.000000 0.000000
0.000000 0.000000
3.393870 0.000000
6.760480 0.000000
10.099830 0.000000
13.411920 0.000000
19.954320 0.000000
26.387680 0.000000
54.457348 0.000000
77.480419 0.000000
107.480725 0.000000
123.558177 0.000000
188.301990 0.000000
255.337504 0.000000
289.689183 0.000000
347.489930 0.000000
418.168710 0.000000
515.720837 0.000000
611.339899 0.000000
703.432093 0.000000
737.285408 0.000000
817.536308 0.000000
1041.803634 0.000000
1185.611464 0.000000
1289.079185 0.000000
1248.457179 0.000000
998.911904 0.000000
651.002883 0.000000
590.891232 0.000000
678.887401 0.000000
813.861587 0.000000
846.908854 0.000000
1095.071502 0.000000
1333.057834 0.000000
1557.474697 0.000000
1819.727049 0.000000
2199.073583 0.000000
2627.044771 0.000000
3119.218908 0.000000
3512.695292 0.000000
3937.842946 0.000000
4251.236210 0.000000
4107.781302 0.000000
3265.875757 0.000000
2729.068423 0.000000
2394.206417 0.000000
1432.343235 0.000000
794.069090 0.000000
670.808549 0.000000
891.365794 0.000000
1031.731256 0.000000
1293.021008 0.000000
1553.992797 0.000000
1851.543661 0.000000
2068.274687 0.000000
2393.947553 0.000000
2597.817831 0.000000
2844.737686 0.000000
2681.167759 0.000000
2670.976256 0.000000
2247.013408 0.000000
1866.041455 0.000000
1783.631503 0.000000
1386.020945 0.000000
1121.611664 0.000000
1358.483968 0.000000
1636.670663 0.000000
2075.253325 0.000000
2485.278085 0.000000
2956.526448 0.000000
3418.376030 0.000000
3888.001099 0.000000
4163.184518 0.000000
4317.822534 0.000000
4209.561026 0.000000
3753.204647 0.000000
4038.841687 0.000000
4052.708076 0.000000
3326.050427 0.000000
1506.089892 0.000000
1175.154512 0.000000
1313.823402 0.000000
1489.595643 0.000000
1774.798809 0.000000
1957.583388 0.000000
2130.610493 0.000000
1810.431290 0.000000
1579.395444 0.000000
1361.565017 0.000000
1097.832573 0.000000
728.411759 0.000000
482.759199 0.000000
600.698551 0.000000
827.071691 0.000000
971.415371 0.000000
1200.120938 0.000000
1420.861149 0.000000
1698.062655 0.000000
2159.601497 0.000000
2478.551273 0.000000
2629.290837 0.000000
2700.617180 0.000000
2424.332650 0.000000
1595.580511 0.000000
1591.174478 0.000000
1584.439085 0.000000
1254.898645 0.000000
359.489841 0.000000
173.960393 0.000000
228.622817 0.000000
273.610633 0.000000
319.076435 0.000000
389.351405 0.000000
453.048358 0.000000
534.384664 0.000000
648.673785 0.000000
769.787431 0.000000
858.007990 0.000000
943.521007 0.000000
1051.495298 0.000000
1098.641208 0.000000
1029.429845 0.000000
927.297417 0.000000
845.493203 0.000000
713.210312 0.000000
385.852673 0.000000
83.263100 0.000000
110.461325 0.000000
148.667853 0.000000
172.355771 0.000000
202.482060 0.000000
246.813926 0.000000
286.453426 0.000000
309.346326 0.000000
379.071454 0.000000
454.207222 0.000000
549.800772 0.000000
622.984646 0.000000
621.002062 0.000000
620.823230 0.000000
557.576957 0.000000
577.858266 0.000000
639.144791 0.000000
602.284015 0.000000
642.999375 0.000000
699.457761 0.000000
917.756788 0.000000
961.487878 0.000000
1124.197911 0.000000
1431.357265 0.000000
1635.695736 0.000000
1895.871508 0.000000
2057.827947 0.000000
2127.234799 0.000000
1910.288132 0.000000
1464.317510 0.000000
1247.092262 0.000000
982.695076 0.000000
353.916695 0.000000
352.589003 0.000000
377.372502 0.000000
427.312609 0.000000
482.100005 0.000000
570.031353 0.000000
637.415934 0.000000
673.370507 0.000000
633.332467 0.000000
553.623409 0.000000
595.976914 0.000000
660.387935 0.000000
559.877102 0.000000
547.778113 0.000000
718.704641 0.000000
920.643455 0.000000
1119.275697 0.000000
1330.170050 0.000000
1674.451750 0.000000
1853.966574 0.000000
2057.996763 0.000000
2196.941166 0.000000
2124.382838 0.000000
1643.456357 0.000000
1314.776732 0.000000
1121.420070 0.000000
496.218475 0.000000
83.417121 0.000000
85.154345 0.000000
118.709696 0.000000
142.408947 0.000000
181.891536 0.000000
195.230249 0.000000
240.125927 0.000000
263.558401 0.000000
291.933493 0.000000
293.733024 0.000000
263.990181 0.000000
150.868339 0.000000
153.827142 0.000000
160.142419 0.000000
145.712259 0.000000
110.425122 0.000000
26.795918 0.000000
45.718856 0.000000
89.877224 0.000000
177.995640 0.000000
264.942608 0.000000
350.142769 0.000000
475.075283 0.000000
556.366265 0.000000
715.387250 0.000000
996.306497 0.000000
1224.323736 0.000000
1558.457737 0.000000
1966.861775 0.000000
2373.567851 0.000000
2679.248229 0.000000
2770.211424 0.000000
2545.585314 0.000000
1858.554506 0.000000
933.296062 0.000000
1063.742860 0.000000
1226.524750 0.000000
1344.117593 0.000000
1425.262026 0.000000
1336.766262 0.000000
927.387549 0.000000
381.658719 0.000000
271.570343 0.000000
370.869013 0.000000
467.614942 0.000000
559.962680 0.000000
763.617604 0.000000
895.854286 0.000000
1149.066308 0.000000
1450.663707 0.000000
1815.826459 0.000000
2217.349388 0.000000
2540.846196 0.000000
2870.637153 0.000000
3190.961015 0.000000
3137.279264 0.000000
2618.509361 0.000000
1111.615614 0.000000
0.000000 0.000000
0.000000 0.000000
0.000000 0.000000
0.000000 0.000000
0.000000 0.000000
0.000000 0.000000
7.501872 0.000000
14.943488 0.000000
29.645952 0.000000
40.507096 0.000000
54.787768 0.000000
68.827416 0.000000
92.794240 0.000000
119.306880 0.000000
146.399484 0.000000
185.716524 0.000000
225.259524 0.000000
282.434936 0.000000
334.895316 0.000000
408.965004 0.000000
446.210744 0.000000
458.344796 0.000000
401.839732 0.000000
276.635296 0.000000
160.199415 0.000000
81.239445 0.000000
161.168576 0.000000
200.641774 0.000000
278.605435 0.000000
393.094088 0.000000
541.159528 0.000000
648.769034 0.000000
718.870813 0.000000
821.566644 0.000000
1049.725004 0.000000
1347.821354 0.000000
1613.159863 0.000000
1867.196918 0.000000
2181.835977 0.000000
2447.829540 0.000000
2556.176219 0.000000
2283.631491 0.000000
1539.087706 0.000000
509.059939 0.000000
666.830848 0.000000
842.864364 0.000000
1024.876223 0.000000
1088.918191 0.000000
1218.599081 0.000000
1254.632925 0.000000
1145.262019 0.000000
765.084494 0.000000
564.973818 0.000000
613.578559 0.000000
641.699296 0.000000
601.775412 0.000000
394.099584 0.000000
32.276371 0.000000
19.817739 0.000000
30.386971 0.000000
32.659681 0.000000
38.233738 0.000000
48.972143 0.000000
53.077137 0.000000
69.880424 0.000000
93.904015 0.000000
107.760685 0.000000
130.633857 0.000000
150.343906 0.000000
168.352979 0.000000
198.808168 0.000000
180.437471 0.000000
168.191375 0.000000
186.226169 0.000000
212.342427 0.000000
221.511680 0.000000
253.177953 0.000000
315.238190 0.000000
426.955284 0.000000
534.589131 0.000000
635.418200 0.000000
726.889450 0.000000
890.692061 0.000000
1004.010727 0.000000
1125.079608 0.000000
1267.334333 0.000000
1455.385720 0.000000
1596.656352 0.000000
1611.920306 0.000000
1409.820780 0.000000
794.467757 0.000000
376.134132 0.000000
48.399832 0.000000
81.012654 0.000000
124.515585 0.000000
155.358560 0.000000
203.228949 0.000000
268.872541 0.000000
352.125632 0.000000
426.383441 0.000000
549.368227 0.000000
643.427160 0.000000
738.172406 0.000000
821.180329 0.000000
890.763221 0.000000
926.859198 0.000000
864.289581 0.000000
552.215021 0.000000
499.767202 0.000000
313.421197 0.000000
25.187613 0.000000
30.382250 0.000000
41.843690 0.000000
59.527051 0.000000
82.639123 0.000000
112.518107 0.000000
125.189051 0.000000
161.731678 0.000000
211.045141 0.000000
271.589376 0.000000
305.951764 0.000000
357.829131 0.000000
410.193835 0.000000
418.155702 0.000000
371.745864 0.000000
406.040830 0.000000
483.769501 0.000000
511.177299 0.000000
577.076684 0.000000
604.052785 0.000000
564.230067 0.000000
466.711910 0.000000
403.224217 0.000000
390.275718 0.000000
305.670362 0.000000
153.251041 0.000000
71.538864 0.000000
40.758900 0.000000
50.634452 0.000000
74.474313 0.000000
101.804900 0.000000
126.368394 0.000000
147.326782 0.000000
153.315098 0.000000
182.740655 0.000000
199.904043 0.000000
267.992929 0.000000
305.591951 0.000000
357.112833 0.000000
437.685924 0.000000
531.156707 0.000000
657.817631 0.000000
771.615462 0.000000
879.014489 0.000000
973.929765 0.000000
1020.015692 0.000000
1003.199029 0.000000
778.735414 0.000000
472.530230 0.000000
522.305247 0.000000
521.765441 0.000000
461.436442 0.000000
264.987991 0.000000
253.915384 0.000000
318.812167 0.000000
354.863764 0.000000
421.920447 0.000000
493.363563 0.000000
512.359611 0.000000
565.979529 0.000000
664.684648 0.000000
776.903529 0.000000
921.181027 0.000000
1006.264433 0.000000
1157.396664 0.000000
1322.323088 0.000000
1481.968285 0.000000
1662.038259 0.000000
1646.306539 0.000000
1391.037906 0.000000
1106.782673 0.000000
905.342773 0.000000
935.747282 0.000000
853.601345 0.000000
530.519167 0.000000
452.534231 0.000000
444.265512 0.000000
494.282657 0.000000
526.616483 0.000000
500.690844 0.000000
386.132954 0.000000
332.032436 0.000000
306.343861 0.000000
268.842516 0.000000
221.133715 0.000000
201.577182 0.000000
101.582724 0.000000
52.434874 0.000000
61.800194 0.000000
79.485374 0.000000
90.057294 0.000000
104.016498 0.000000
111.552737 0.000000
112.271475 0.000000
95.593522 0.000000
50.336401 0.000000
49.676549 0.000000
56.235561 0.000000
58.473456 0.000000
57.238833 0.000000
49.045546 0.000000
27.771295 0.000000
13.920184 0.000000
0.000000 0.000000
0.000000 0.000000
13.581954 0.000000
27.054816 0.000000
40.418586 0.000000
66.818850 0.000000
79.855344 0.000000
92.782746 0.000000
118.310274 0.000000
143.401434 0.000000
186.247317 0.000000
227.729550 0.000000
264.861841 0.000000
319.789657 0.000000
406.763244 0.000000
485.609477 0.000000
590.692452 0.000000
651.388536 0.000000
734.530300 0.000000
793.958061 0.000000
827.326168 0.000000
698.256562 0.000000
441.475571 0.000000
391.103615 0.000000
424.233686 0.000000
424.750392 0.000000
367.503646 0.000000
247.589586 0.000000
128.053264 0.000000
162.808812 0.000000
196.966345 0.000000
219.506111 0.000000
229.067410 0.000000
217.900133 0.000000
175.936611 0.000000
150.807147 0.000000
150.968384 0.000000
125.874640 0.000000
100.626615 0.000000
116.043654 0.000000
121.338953 0.000000
117.675474 0.000000
93.010251 0.000000
23.315322 0.000000
0.000000 0.000000
0.000000 0.000000
0.000000 0.000000
0.000000 0.000000
0.000000 0.000000
0.000000 0.000000
0.000000 0.000000
0.000000 0.000000
0.000000 0.000000
0.000000 0.000000
0.000000 0.000000
0.000000 0.000000
0.000000 0.000000
0.000000 0.000000
0.000000 0.000000
0.000000 0.000000
0.000000 0.000000
0.000000 0.000000
0.000000 0.000000
0.000000 0.000000
0.000000 0.000000
0.000000 0.000000
0.000000 0.000000
0.000000 0.000000
0.000000 0.000000
0.000000 0.000000
0.000000 0.000000
0.000000 0.000000
0.000000 0.000000
0.000000 0.000000
0.000000 0.000000
0.000000 0.000000
0.000000 0.000000
0.000000 0.000000
0.000000 0.000000
0.000000 0.000000
9.080532 0.000000
18.088128 0.000000
27.022788 0.000000
58.517849 0.000000
85.305696 0.000000
125.247474 0.000000
150.622068 0.000000
190.651839 0.000000
301.791211 0.000000
340.507035 0.000000
413.816826 0.000000
499.267463 0.000000
611.325389 0.000000
744.411026 0.000000
884.485902 0.000000
1005.361978 0.000000
1134.708234 0.000000
1203.495891 0.000000
1243.312443 0.000000
1269.243289 0.000000
1259.418543 0.000000
1133.668261 0.000000
814.886762 0.000000
489.435938 0.000000
579.379183 0.000000
639.427149 0.000000
665.462210 0.000000
610.889591 0.000000
384.358053 0.000000
178.308126 0.000000
13.828348 0.000000
21.110216 0.000000
30.531389 0.000000
39.623438 0.000000
50.525669 0.000000
62.929528 0.000000
79.226306 0.000000
97.302410 0.000000
117.852087 0.000000
133.788886 0.000000
149.802823 0.000000
159.038864 0.000000
158.082182 0.000000
134.487161 0.000000
80.483652 0.000000
30.701755 0.000000
39.848201 0.000000
54.866854 0.000000
57.393665 0.000000
72.446985 0.000000
84.654658 0.000000
91.822388 0.000000
115.018505 0.000000
132.562842 0.000000
166.073618 0.000000
214.346463 0.000000
246.583054 0.000000
275.262032 0.000000
315.289582 0.000000
341.305450 0.000000
350.081445 0.000000
323.912928 0.000000
234.790223 0.000000
171.660233 0.000000
175.395252 0.000000
149.390121 0.000000
78.956584 0.000000
30.595997 0.000000
33.845565 0.000000
40.905810 0.000000
45.879311 0.000000
52.063442 0.000000
60.382945 0.000000
67.792582 0.000000
73.690852 0.000000
78.791102 0.000000
80.568325 0.000000
73.396276 0.000000
54.751186 0.000000
43.092108 0.000000
41.734098 0.000000
33.071176 0.000000
13.762807 0.000000
6.371506 0.000000
8.339748 0.000000
10.172249 0.000000
11.984722 0.000000
13.951674 0.000000
16.435600 0.000000
17.841524 0.000000
19.584666 0.000000
21.117903 0.000000
21.378354 0.000000
18.561323 0.000000
7.342020 0.000000
0.000000 0.000000
0.000000 0.000000
0.000000 0.000000
0.000000 0.000000
0.000000 0.000000
0.000000 0.000000
0.000000 0.000000
0.000000 0.000000
0.000000 0.000000
0.000000 0.000000
0.000000 0.000000
0.000000 0.000000
0.000000 0.000000
0.000000 0.000000
0.000000 0.000000
0.000000 0.000000
0.000000 0.000000
0.000000 0.000000
0.000000 0.000000
0.000000 0.000000
0.000000 0.000000
0.000000 0.000000
0.000000 0.000000
0.000000 0.000000
0.000000 0.000000
0.000000 0.000000
0.000000 0.000000
0.000000 0.000000
0.000000 0.000000
0.000000 0.000000
0.000000 0.000000
0.000000 0.000000
0.000000 0.000000
0.000000 0.000000
0.000000 0.000000
0.000000 0.000000
0.000000 0.000000
0.000000 0.000000
0.000000 0.000000
0.000000 0.000000
0.000000 0.000000
0.000000 0.000000
0.000000 0.000000
0.000000 0.000000
0.907605 0.000000
1.807920 0.000000
2.700945 0.000000
4.465125 0.000000
6.200145 0.000000
8.748000 0.000000
12.043080 0.000000
15.609819 0.000000
18.279881 0.000000
23.701899 0.000000
29.331837 0.000000
35.841893 0.000000
40.008200 0.000000
48.174870 0.000000
53.681400 0.000000
56.237015 0.000000
52.516352 0.000000
35.457443 0.000000
15.302978 0.000000
0.000000 0.000000
0.000000 0.000000
0.000000 0.000000
0.000000 0.000000
0.000000 0.000000
0.000000 0.000000
0.000000 0.000000
0.000000 0.000000
0.000000 0.000000
0.000000 0.000000
0.000000 0.000000
0.000000 0.000000
0.000000 0.000000
0.000000 0.000000
0.000000 0.000000
0.000000 0.000000
0.000000 0.000000
0.000000 0.000000
0.000000 0.000000
0.000000 0.000000
0.000000 0.000000
0.000000 0.000000
0.000000 0.000000
0.000000 0.000000
0.000000 0.000000
0.000000 0.000000
0.000000 0.000000
0.000000 0.000000
0.000000 0.000000
0.000000 0.000000
0.000000 0.000000
0.000000 0.000000
0.000000 0.000000
0.000000 0.000000
0.000000 0.000000
0.000000 0.000000
0.000000 0.000000
0.000000 0.000000
0.000000 0.000000
0.000000 0.000000
0.000000 0.000000
0.000000 0.000000
0.000000 0.000000
0.000000 0.000000
0.000000 0.000000
0.000000 0.000000
0.000000 0.000000
0.000000 0.000000
0.000000 0.000000
0.000000 0.000000
0.000000 0.000000
0.000000 0.000000
0.000000 0.000000
0.000000 0.000000
0.000000 0.000000
0.000000 0.000000
0.000000 0.000000
0.000000 0.000000
0.000000 0.000000
0.000000 0.000000
0.000000 0.000000
0.000000 0.000000
0.000000 0.000000
0.000000 0.000000
0.000000 0.000000
0.000000 0.000000
0.000000 0.000000
0.000000 0.000000
0.000000 0.000000
0.000000 0.000000
0.000000 0.000000
0.000000 0.000000
0.000000 0.000000
0.000000 0.000000
0.000000 0.000000
0.000000 0.000000
0.000000 0.000000
0.000000 0.000000
0.000000 0.000000
0.000000 0.000000
0.000000 0.000000
0.000000 0.000000
0.000000 0.000000
0.000000 0.000000
0.000000 0.000000
0.000000 0.000000
0.000000 0.000000
0.000000 0.000000
0.000000 0.000000
0.000000 0.000000
0.000000 0.000000
0.000000 0.000000
0.000000 0.000000
0.000000 0.000000
0.000000 0.000000
0.000000 0.000000
0.000000 0.000000
0.000000 0.000000
0.000000 0.000000
0.000000 0.000000
0.000000 0.000000
0.000000 0.000000
0.000000 0.000000
0.000000 0.000000
0.000000 0.000000
0.000000 0.000000
0.000000 0.000000
0.000000 0.000000
0.000000 0.000000
0.000000 0.000000
0.000000 0.000000
0.000000 0.000000
0.000000 0.000000
0.000000 0.000000
0.000000 0.000000
0.000000 0.000000
0.000000 0.000000
0.000000 0.000000
0.000000 0.000000
0.000000 0.000000
0.000000 0.000000
0.000000 0.000000
0.000000 0.000000
0.000000 0.000000
0.000000 0.000000
0.000000 0.000000
0.000000 0.000000
0.000000 0.000000
0.705666 0.000000
1.752829 0.000000
2.444325 0.000000
3.978109 0.000000
5.647338 0.000000
8.718581 0.000000
12.263116 0.000000
17.564760 0.000000
21.756282 0.000000
26.169492 0.000000
29.620584 0.000000
35.170960 0.000000
40.039212 0.000000
43.177393 0.000000
41.467351 0.000000
33.008287 0.000000
18.405793 0.000000
8.017783 0.000000
0.000000 0.000000
0.000000 0.000000
0.000000 0.000000
5.223771 0.000000
10.405584 0.000000
15.545439 0.000000
20.643336 0.000000
30.713256 0.000000
35.685279 0.000000
45.503451 0.000000
66.975569 0.000000
78.524615 0.000000
100.804511 0.000000
130.070576 0.000000
164.811904 0.000000
209.843714 0.000000
248.696826 0.000000
276.278961 0.000000
300.006221 0.000000
311.490846 0.000000
281.617391 0.000000
194.553529 0.000000
182.290086 0.000000
175.173349 0.000000
146.362740 0.000000
51.653310 0.000000
1.300512 0.000000
2.580048 0.000000
3.838608 0.000000
5.076192 0.000000
6.292800 0.000000
7.488432 0.000000
8.952819 0.000000
10.096011 0.000000
12.050712 0.000000
14.993907 0.000000
18.014451 0.000000
23.156216 0.000000
28.468850 0.000000
35.079975 0.000000
39.351866 0.000000
45.324511 0.000000
47.773867 0.000000
56.690148 0.000000
57.869312 0.000000
72.972905 0.000000
106.189055 0.000000
135.223341 0.000000
169.579264 0.000000
201.035104 0.000000
253.628004 0.000000
276.694315 0.000000
364.689311 0.000000
408.223022 0.000000
469.621198 0.000000
529.445824 0.000000
605.690867 0.000000
678.211799 0.000000
726.798544 0.000000
708.238902 0.000000
580.494016 0.000000
398.296734 0.000000
425.427001 0.000000
419.262912 0.000000
349.510739 0.000000
200.279197 0.000000
154.388614 0.000000
173.920060 0.000000
111.293452 0.000000
105.436287 0.000000
130.663569 0.000000
159.495553 0.000000
205.821191 0.000000
265.348885 0.000000
316.287471 0.000000
347.542112 0.000000
398.011064 0.000000
418.966272 0.000000
396.961317 0.000000
329.947439 0.000000
208.321161 0.000000
226.246209 0.000000
239.665458 0.000000
236.882867 0.000000
201.289782 0.000000
102.172330 0.000000
24.383998 0.000000
10.257331 0.000000
13.446586 0.000000
17.271536 0.000000
20.559702 0.000000
24.036547 0.000000
31.215037 0.000000
36.416627 0.000000
44.291864 0.000000
50.930624 0.000000
55.316510 0.000000
54.467369 0.000000
44.590227 0.000000
12.512888 0.000000
0.223584 0.000000
0.445373 0.000000
0.445373 0.000000
0.991698 0.000000
1.313543 0.000000
1.418987 0.000000
1.943769 0.000000
2.456880 0.000000
3.291839 0.000000
3.963006 0.000000
4.975403 0.000000
5.841839 0.000000
6.967263 0.000000
7.955161 0.000000
9.852031 0.000000
11.220413 0.000000
12.040478 0.000000
12.153768 0.000000
10.815091 0.000000
7.619942 0.000000
6.426303 0.000000
2.133455 0.000000
0.110703 0.000000
0.164705 0.000000
0.244020 0.000000
0.321310 0.000000
0.396574 0.000000
0.587380 0.000000
0.774254 0.000000
0.846378 0.000000
1.037221 0.000000
1.221002 0.000000
1.383345 0.000000
1.592140 0.000000
1.725088 0.000000
1.682726 0.000000
1.243511 0.000000
0.369522 0.000000
0.464508 0.000000
0.532640 0.000000
0.631485 0.000000
0.718411 0.000000
0.780785 0.000000
2.976932 0.000000
2.939839 0.000000
3.839900 0.000000
4.717019 0.000000
6.787631 0.000000
9.818067 0.000000
12.649224 0.000000
16.669430 0.000000
22.598899 0.000000
27.904465 0.000000
33.811555 0.000000
45.576753 0.000000
52.684397 0.000000
62.841239 0.000000
76.064692 0.000000
82.741315 0.000000
92.934026 0.000000
103.602746 0.000000
106.481260 0.000000
98.286052 0.000000
75.999500 0.000000
60.708025 0.000000
42.877021 0.000000
19.239082 0.000000
23.910357 0.000000
30.623032 0.000000
34.586309 0.000000
37.192851 0.000000
37.715953 0.000000
33.273173 0.000000
19.034940 0.000000
6.638737 0.000000
0.067456 0.000000
0.133824 0.000000
0.166600 0.000000
0.231336 0.000000
0.294984 0.000000
0.494292 0.000000
0.653888 0.000000
0.831300 0.000000
0.922080 0.000000
1.033940 0.000000
1.244638 0.000000
1.456186 0.000000
1.668822 0.000000
1.874794 0.000000
2.038402 0.000000
2.045610 0.000000
1.804754 0.000000
0.994245 0.000000
0.944537 0.000000
1.037816 0.000000
1.041199 0.000000
0.872807 0.000000
0.322686 0.000000
0.365869 0.000000
0.447033 0.000000
0.546609 0.000000
0.608153 0.000000
0.622183 0.000000
0.583695 0.000000
0.353777 0.000000
0.108365 0.000000
0.000000 0.000000
0.000000 0.000000
0.000000 0.000000
0.000000 0.000000
0.000000 0.000000
0.000000 0.000000
0.000000 0.000000
0.000000 0.000000
0.000000 0.000000
0.000000 0.000000
0.000000 0.000000
0.000000 0.000000
0.000000 0.000000
0.000000 0.000000
0.000000 0.000000
0.000000 0.000000
0.000000 0.000000
0.000000 0.000000
0.000000 0.000000
0.000000 0.000000
0.000000 0.000000
0.000000 0.000000
0.000000 0.000000
0.000000 0.000000
0.000000 0.000000
0.000000 0.000000
0.000000 0.000000
0.000000 0.000000
0.000000 0.000000
0.000000 0.000000
0.000000 0.000000
0.000000 0.000000
0.000000 0.000000
0.000000 0.000000
0.000000 0.000000
0.000000 0.000000
0.000000 0.000000
0.000000 0.000000
0.000000 0.000000
0.000000 0.000000
0.000000 0.000000
0.000000 0.000000
0.000000 0.000000
0.000000 0.000000
0.000000 0.000000
0.000000 0.000000
0.000000 0.000000
0.000000 0.000000
0.000000 0.000000
0.000000 0.000000
0.000000 0.000000
0.000000 0.000000
0.000000 0.000000
0.000000 0.000000
0.000000 0.000000
0.000000 0.000000
0.000000 0.000000
0.000000 0.000000
0.000000 0.000000
0.000000 0.000000
0.000000 0.000000
0.000000 0.000000
0.000000 0.000000
0.000000 0.000000
0.000000 0.000000
0.000000 0.000000
0.000000 0.000000
0.000000 0.000000
0.000000 0.000000
0.000000 0.000000
0.000000 0.000000
0.000000 0.000000
0.000000 0.000000
0.000000 0.000000
0.000000 0.000000
0.000000 0.000000
0.000000 0.000000
0.000000 0.000000
0.000000 0.000000
0.000000 0.000000
0.000000 0.000000
0.000000 0.000000
0.000000 0.000000
0.000000 0.000000
0.000000 0.000000
0.000000 0.000000
0.000000 0.000000
0.000000 0.000000
0.000000 0.000000
0.000000 0.000000
0.000000 0.000000
0.000000 0.000000
0.000000 0.000000
0.000000 0.000000
0.000000 0.000000
0.000000 0.000000
6.290985 0.000000
12.531440 0.000000
24.860760 0.000000
30.949625 0.000000
36.987960 0.000000
54.799785 0.000000
83.475560 0.000000
100.074665 0.000000
121.473912 0.000000
147.117897 0.000000
176.223189 0.000000
203.433432 0.000000
250.590525 0.000000
295.764285 0.000000
346.666884 0.000000
377.307045 0.000000
389.479097 0.000000
338.836769 0.000000
207.144876 0.000000
51.397468 0.000000
0.000000 0.000000
0.000000 0.000000
0.000000 0.000000
0.000000 0.000000
0.000000 0.000000
0.000000 0.000000
0.000000 0.000000
0.000000 0.000000
0.000000 0.000000
0.000000 0.000000
0.000000 0.000000
0.000000 0.000000
0.000000 0.000000
0.000000 0.000000
0.000000 0.000000
0.000000 0.000000
0.000000 0.000000
0.000000 0.000000
0.000000 0.000000
0.000000 0.000000
0.000000 0.000000
0.000000 0.000000
0.000000 0.000000
0.000000 0.000000
0.000000 0.000000
0.000000 0.000000
0.000000 0.000000
0.000000 0.000000
0.000000 0.000000
0.000000 0.000000
0.000000 0.000000
0.000000 0.000000
0.000000 0.000000
0.000000 0.000000
0.000000 0.000000
0.000000 0.000000
0.000000 0.000000
0.000000 0.000000
0.000000 0.000000
0.000000 0.000000
0.000000 0.000000
0.000000 0.000000
0.000000 0.000000
0.000000 0.000000
0.000000 0.000000
0.000000 0.000000
0.000000 0.000000
0.000000 0.000000
0.000000 0.000000
0.000000 0.000000
0.000000 0.000000
0.000000 0.000000
0.000000 0.000000
0.000000 0.000000
0.000000 0.000000
0.000000 0.000000
0.000000 0.000000
0.000000 0.000000
0.000000 0.000000
0.000000 0.000000
0.000000 0.000000
0.000000 0.000000
0.000000 0.000000
0.000000 0.000000
0.000000 0.000000
0.000000 0.000000
0.000000 0.000000
0.000000 0.000000
0.000000 0.000000
0.000000 0.000000
0.000000 0.000000
0.000000 0.000000
0.000000 0.000000
0.000000 0.000000
0.000000 0.000000
0.000000 0.000000
0.000000 0.000000
0.000000 0.000000
0.000000 0.000000
0.000000 0.000000
0.000000 0.000000
0.000000 0.000000
0.000000 0.000000
0.000000 0.000000
0.000000 0.000000
0.000000 0.000000
0.000000 0.000000
0.000000 0.000000
0.000000 0.000000
0.000000 0.000000
0.000000 0.000000
0.000000 0.000000
0.000000 0.000000
0.000000 0.000000
0.000000 0.000000
0.000000 0.000000
0.000000 0.000000
0.000000 0.000000
0.000000 0.000000
0.000000 0.000000
0.000000 0.000000
0.000000 0.000000
0.000000 0.000000
0.000000 0.000000
0.000000 0.000000
0.000000 0.000000
0.000000 0.000000
0.000000 0.000000
0.000000 0.000000
0.000000 0.000000
0.000000 0.000000
0.000000 0.000000
0.000000 0.000000
0.000000 0.000000
0.000000 0.000000
0.000000 0.000000
0.000000 0.000000
0.000000 0.000000
0.000000 0.000000
0.000000 0.000000
0.000000 0.000000
0.000000 0.000000
0.000000 0.000000
0.000000 0.000000
0.000000 0.000000
0.000000 0.000000
0.000000 0.000000
0.000000 0.000000
0.000000 0.000000
0.000000 0.000000
0.000000 0.000000
0.000000 0.000000
0.000000 0.000000
0.000000 0.000000
0.000000 0.000000
0.000000 0.000000
0.000000 0.000000
0.000000 0.000000
0.000000 0.000000
0.000000 0.000000
0.000000 0.000000
0.000000 0.000000
0.000000 0.000000
0.000000 0.000000
0.000000 0.000000
0.000000 0.000000
0.000000 0.000000
0.000000 0.000000
0.000000 0.000000
0.000000 0.000000
0.000000 0.000000
0.000000 0.000000
0.000000 0.000000
0.000000 0.000000
0.000000 0.000000
0.000000 0.000000
0.000000 0.000000
0.000000 0.000000
0.000000 0.000000
0.000000 0.000000
0.000000 0.000000
0.000000 0.000000
0.000000 0.000000
0.000000 0.000000
0.000000 0.000000
0.000000 0.000000
0.000000 0.000000
0.000000 0.000000
0.000000 0.000000
0.000000 0.000000
0.000000 0.000000
0.000000 0.000000
0.000000 0.000000
0.000000 0.000000
0.000000 0.000000
0.000000 0.000000
0.000000 0.000000
0.000000 0.000000
0.000000 0.000000
0.000000 0.000000
0.000000 0.000000
0.000000 0.000000
0.000000 0.000000
0.000000 0.000000
0.000000 0.000000
0.000000 0.000000
0.000000 0.000000
0.000000 0.000000
0.000000 0.000000
0.000000 0.000000
0.000000 0.000000
0.000000 0.000000
0.000000 0.000000
0.000000 0.000000
0.000000 0.000000
0.000000 0.000000
0.000000 0.000000
0.000000 0.000000
0.000000 0.000000
0.000000 0.000000
0.000000 0.000000
0.000000 0.000000
0.000000 0.000000
0.000000 0.000000
0.000000 0.000000
0.000000 0.000000
0.000000 0.000000
0.000000 0.000000
0.000000 0.000000
0.000000 0.000000
0.000000 0.000000
0.000000 0.000000
0.000000 0.000000
0.000000 0.000000
0.000000 0.000000
0.000000 0.000000
0.000000 0.000000
0.000000 0.000000
0.000000 0.000000
0.000000 0.000000
0.000000 0.000000
0.000000 0.000000
0.000000 0.000000
0.000000 0.000000
0.000000 0.000000
0.000000 0.000000
0.000000 0.000000
0.000000 0.000000
0.000000 0.000000
0.000000 0.000000
0.000000 0.000000
0.000000 0.000000
0.000000 0.000000
0.000000 0.000000
0.000000 0.000000
0.000000 0.000000
0.000000 0.000000
0.000000 0.000000
0.000000 0.000000
0.000000 0.000000
0.000000 0.000000
1.572684 0.000000
3.132736 0.000000
7.730784 0.000000
10.737200 0.000000
13.693088 0.000000
18.032180 0.000000
22.942870 0.000000
27.664080 0.000000
36.683328 0.000000
43.902516 0.000000
53.894428 0.000000
65.939040 0.000000
77.675747 0.000000
86.726575 0.000000
94.553678 0.000000
95.272123 0.000000
85.098626 0.000000
53.082822 0.000000
34.576080 0.000000
6.539061 0.000000
5.040846 0.000000
5.040846 0.000000
5.564176 0.000000
6.752061 0.000000
8.549679 0.000000
11.043649 0.000000
14.601256 0.000000
16.804864 0.000000
18.867795 0.000000
21.608579 0.000000
22.960103 0.000000
23.353193 0.000000
20.997959 0.000000
14.079031 0.000000
13.156175 0.000000
13.328606 0.000000
12.017637 0.000000
8.974403 0.000000
3.666359 0.000000
0.826848 0.000000
1.033758 0.000000
1.249875 0.000000
1.594890 0.000000
1.839915 0.000000
2.264533 0.000000
2.563002 0.000000
2.811442 0.000000
3.002933 0.000000
2.968830 0.000000
2.563192 0.000000
1.575238 0.000000
1.389735 0.000000
1.523416 0.000000
1.498599 0.000000
1.250047 0.000000
0.658571 0.000000
0.533265 0.000000
0.611677 0.000000
0.693361 0.000000
0.752940 0.000000
0.716334 0.000000
0.542142 0.000000
0.390786 0.000000
0.443559 0.000000
0.485476 0.000000
0.498756 0.000000
0.463690 0.000000
0.371824 0.000000
0.286749 0.000000
0.214704 0.000000
0.118407 0.000000
0.094386 0.000000
0.090605 0.000000
0.065943 0.000000
0.010117 0.000000
0.000249 0.000000
0.000496 0.000000
0.000984 0.000000
0.001225 0.000000
0.001701 0.000000
0.002400 0.000000
0.003744 0.000000
0.005016 0.000000
0.006409 0.000000
0.008229 0.000000
0.010000 0.000000
0.011269 0.000000
0.013125 0.000000
0.014725 0.000000
0.015621 0.000000
0.014949 0.000000
0.012025 0.000000
0.004600 0.000000
0.000000 0.000000
0.000000 0.000000
0.000000 0.000000
5.587311 0.000000
11.129744 0.000000
16.627299 0.000000
22.079976 0.000000
27.487775 0.000000
43.441904 0.000000
58.992131 0.000000
81.554655 0.000000
96.095124 0.000000
121.686899 0.000000
150.173291 0.000000
180.679176 0.000000
203.185631 0.000000
245.847666 0.000000
289.362531 0.000000
323.082705 0.000000
344.584676 0.000000
341.913876 0.000000
289.943735 0.000000
144.149306 0.000000
21.317504 0.000000
22.824285 0.000000
30.992445 0.000000
38.610825 0.000000
44.703285 0.000000
56.094390 0.000000
63.575325 0.000000
72.124965 0.000000
79.415160 0.000000
85.891905 0.000000
85.746076 0.000000
75.512823 0.000000
45.629858 0.000000
9.577783 0.000000
0.000000 0.000000
0.000000 0.000000
0.000000 0.000000
0.000000 0.000000
0.000000 0.000000
0.000000 0.000000
0.000000 0.000000
0.000000 0.000000
0.000000 0.000000
0.000000 0.000000
0.000000 0.000000
0.000000 0.000000
0.000000 0.000000
0.000000 0.000000
0.000000 0.000000
0.000000 0.000000
0.000000 0.000000
0.000000 0.000000
0.000000 0.000000
0.000000 0.000000
0.000000 0.000000
0.000000 0.000000
0.000000 0.000000
0.000000 0.000000
0.000000 0.000000
0.000000 0.000000
0.000000 0.000000
0.000000 0.000000
0.000000 0.000000
0.000000 0.000000
0.000000 0.000000
0.000000 0.000000
0.000000 0.000000
0.000000 0.000000
0.000000 0.000000
0.000000 0.000000
0.000000 0.000000
0.000000 0.000000
0.105327 0.000000
0.209808 0.000000
0.313443 0.000000
0.467324 0.000000
0.669516 0.000000
1.111872 0.000000
1.490872 0.000000
1.945587 0.000000
2.205288 0.000000
2.662596 0.000000
3.114973 0.000000
3.582741 0.000000
4.193059 0.000000
5.079891 0.000000
5.801521 0.000000
6.263428 0.000000
6.280921 0.000000
5.733607 0.000000
4.156418 0.000000
2.287719 0.000000
0.685416 0.000000
0.000000 0.000000
0.000000 0.000000
0.000000 0.000000
0.000000 0.000000
0.000000 0.000000
0.000000 0.000000
0.000000 0.000000
0.000000 0.000000
0.000000 0.000000
0.000000 0.000000
0.000000 0.000000
0.000000 0.000000
0.000000 0.000000
0.000000 0.000000
0.000000 0.000000
0.000000 0.000000
0.000000 0.000000
0.000000 0.000000
0.000000 0.000000
0.000000 0.000000
0.000000 0.000000
0.000000 0.000000
0.000000 0.000000
0.000000 0.000000
0.000000 0.000000
0.000000 0.000000
0.000000 0.000000
0.000000 0.000000
0.000000 0.000000
0.000000 0.000000
0.000000 0.000000
0.000000 0.000000
0.000000 0.000000
0.000000 0.000000
0.000000 0.000000
0.000000 0.000000
0.000000 0.000000
0.000000 0.000000
0.000000 0.000000
0.000000 0.000000
0.000000 0.000000
0.000000 0.000000
0.000000 0.000000
0.000000 0.000000
0.000000 0.000000
0.000000 0.000000
0.000000 0.000000
0.000000 0.000000
0.000000 0.000000
0.000000 0.000000
0.000000 0.000000
0.000000 0.000000
0.000000 0.000000
0.000000 0.000000
0.000000 0.000000
0.000000 0.000000
0.000000 0.000000
0.000000 0.000000
0.000000 0.000000
0.000000 0.000000
0.000000 0.000000
0.000000 0.000000
0.000000 0.000000
0.000000 0.000000
0.000000 0.000000
0.000000 0.000000
0.000000 0.000000
0.000000 0.000000
0.000000 0.000000
0.000000 0.000000
0.000000 0.000000
0.000000 0.000000
0.000000 0.000000
0.000000 0.000000
0.000000 0.000000
0.000000 0.000000
0.000000 0.000000
0.000000 0.000000
0.000000 0.000000
0.000000 0.000000
0.000000 0.000000
0.000000 0.000000
0.000000 0.000000
0.000000 0.000000
0.000000 0.000000
0.000000 0.000000
0.000000 0.000000
0.000000 0.000000
0.000000 0.000000
0.000000 0.000000
0.000000 0.000000
0.000000 0.000000
0.000000 0.000000
0.000000 0.000000
0.000000 0.000000
0.000000 0.000000
0.000000 0.000000
0.000000 0.000000
0.000000 0.000000
0.000000 0.000000
0.000000 0.000000
0.000000 0.000000
0.000000 0.000000
0.000000 0.000000
0.000000 0.000000
0.000000 0.000000
0.000000 0.000000
0.000000 0.000000
0.000000 0.000000
0.000000 0.000000
0.000000 0.000000
0.000000 0.000000
0.000000 0.000000
0.000000 0.000000
0.000000 0.000000
0.000000 0.000000
0.000000 0.000000
0.000000 0.000000
0.000000 0.000000
0.000000 0.000000
0.000000 0.000000
0.000000 0.000000
0.000000 0.000000
0.000000 0.000000
0.000000 0.000000
0.000000 0.000000
0.000000 0.000000
0.000000 0.000000
0.000000 0.000000
0.000000 0.000000
0.000000 0.000000
0.000000 0.000000
0.000000 0.000000
0.000000 0.000000
0.000000 0.000000
0.000000 0.000000
0.000000 0.000000
0.000000 0.000000
0.000000 0.000000
0.000000 0.000000
0.000000 0.000000
0.000000 0.000000
0.000000 0.000000
0.000000 0.000000
0.000000 0.000000
0.000000 0.000000
0.000000 0.000000
0.000000 0.000000
0.000000 0.000000
0.000000 0.000000
0.000000 0.000000
0.000000 0.000000
0.000000 0.000000
0.617520 0.000000
1.230080 0.000000
1.837680 0.000000
2.440320 0.000000
3.334360 0.000000
7.495903 0.000000
11.619146 0.000000
15.130573 0.000000
22.916501 0.000000
29.730818 0.000000
38.601641 0.000000
43.990486 0.000000
64.575938 0.000000
90.856973 0.000000
108.587213 0.000000
123.315374 0.000000
150.021032 0.000000
175.158310 0.000000
193.024718 0.000000
208.973809 0.000000
215.208304 0.000000
209.768570 0.000000
165.221005 0.000000
101.327814 0.000000
66.916181 0.000000
4.474923 0.000000
0.000000 0.000000
0.000000 0.000000
0.000000 0.000000
0.000000 0.000000
0.000000 0.000000
0.000000 0.000000
0.000000 0.000000
0.000000 0.000000
0.000000 0.000000
0.000000 0.000000
0.000000 0.000000
0.000000 0.000000
0.000000 0.000000
0.000000 0.000000
0.000000 0.000000
0.000000 0.000000
0.000000 0.000000
0.000000 0.000000
0.000000 0.000000
0.000000 0.000000
0.000000 0.000000
0.000000 0.000000
0.000000 0.000000
0.000000 0.000000
0.000000 0.000000
0.000000 0.000000
0.000000 0.000000
0.000000 0.000000
0.000000 0.000000
0.000000 0.000000
0.000000 0.000000
0.000000 0.000000
0.000000 0.000000
0.000000 0.000000
0.000000 0.000000
0.000000 0.000000
0.000000 0.000000
0.000000 0.000000
0.000000 0.000000
0.000000 0.000000
0.000000 0.000000
0.000000 0.000000
0.000000 0.000000
0.000000 0.000000
0.000000 0.000000
0.000000 0.000000
0.000000 0.000000
0.000000 0.000000
0.000000 0.000000
0.000000 0.000000
0.000000 0.000000
0.000000 0.000000
0.000000 0.000000
0.000000 0.000000
0.000000 0.000000
0.000000 0.000000
0.000000 0.000000
0.000000 0.000000
0.000000 0.000000
0.000000 0.000000
0.000000 0.000000
0.000000 0.000000
0.000000 0.000000
0.000000 0.000000
0.000000 0.000000
0.000000 0.000000
0.000000 0.000000
0.000000 0.000000
0.000000 0.000000
0.000000 0.000000
0.000000 0.000000
0.000000 0.000000
0.000000 0.000000
0.000000 0.000000
0.000000 0.000000
0.000000 0.000000
0.000000 0.000000
0.000000 0.000000
0.000000 0.000000
0.000000 0.000000
0.000000 0.000000
0.000000 0.000000
0.000000 0.000000
0.000000 0.000000
0.000000 0.000000
0.000000 0.000000
0.000000 0.000000
0.000000 0.000000
0.000000 0.000000
0.000000 0.000000
0.000000 0.000000
0.000000 0.000000
0.000000 0.000000
0.000000 0.000000
