42685.562416 0.000000
39439.407981 0.000000
35530.870887 0.000000
36082.385437 0.000000
31742.405796 0.000000
30461.882443 0.000000
28033.339818 0.000000
23714.496979 0.000000
17252.186120 0.000000
13643.430499 0.000000
14879.777997 0.000000
16089.765957 0.000000
15171.393328 0.000000
15804.435906 0.000000
15103.063127 0.000000
15421.936237 0.000000
14643.365728 0.000000
9002.040488 0.000000
4798.429842 0.000000
2087.816930 0.000000
2642.909432 0.000000
3778.878916 0.000000
6031.014366 0.000000
8052.098629 0.000000
12561.069484 0.000000
14498.892913 0.000000
16069.602426 0.000000
16219.808699 0.000000
11139.910229 0.000000
9222.618449 0.000000
8285.774596 0.000000
5249.042674 0.000000
0.000000 0.000000
0.000000 0.000000
0.000000 0.000000
220.666000 0.000000
1903.329943 0.000000
3229.949350 0.000000
4595.212612 0.000000
4653.919587 0.000000
5740.458274 0.000000
7727.243784 0.000000
8283.046078 0.000000
7515.794108 0.000000
6758.271982 0.000000
2183.534300 0.000000
2333.031650 0.000000
2641.037754 0.000000
1826.811263 0.000000
942.677946 0.000000
1414.536534 0.000000
2265.423317 0.000000
2786.069122 0.000000
2791.152365 0.000000
1149.070035 0.000000
1514.421776 0.000000
1926.950678 0.000000
2623.122482 0.000000
2833.117198 0.000000
2574.725953 0.000000
895.396462 0.000000
1175.207856 0.000000
1273.141844 0.000000
1399.056972 0.000000
1175.207856 0.000000
713.519056 0.000000
155.962564 0.000000
295.508015 0.000000
2273.440389 0.000000
3897.718659 0.000000
5283.341108 0.000000
6401.362446 0.000000
6302.430173 0.000000
7739.047306 0.000000
8825.508432 0.000000
8295.545284 0.000000
5812.301931 0.000000
4631.678101 0.000000
0.000000 0.000000
0.000000 0.000000
0.000000 0.000000
883.840399 0.000000
1674.644966 0.000000
2563.230171 0.000000
3157.744888 0.000000
3990.422222 0.000000
4766.868906 0.000000
4807.640706 0.000000
3654.158553 0.000000
4725.873306 0.000000
4354.988673 0.000000
5092.127144 0.000000
2795.632466 0.000000
846.177066 0.000000
326.643588 0.000000
462.745083 0.000000
580.699712 0.000000
762.168372 0.000000
871.049568 0.000000
907.343300 0.000000
871.049568 0.000000
394.694343 0.000000
163.321812 0.000000
260.861234 0.000000
285.813183 0.000000
426.044638 0.000000
525.094492 0.000000
565.449040 0.000000
549.304614 0.000000
562.021377 0.000000
626.304454 0.000000
638.609525 0.000000
739.296946 0.000000
674.025861 0.000000
638.442994 0.000000
630.267680 0.000000
624.006509 0.000000
318.495296 0.000000
89.330759 0.000000
0.000000 0.000000
0.000000 0.000000
0.000000 0.000000
0.000000 0.000000
0.000000 0.000000
0.000000 0.000000
0.000000 0.000000
0.000000 0.000000
0.000000 0.000000
0.000000 0.000000
0.000000 0.000000
0.000000 0.000000
0.000000 0.000000
0.000000 0.000000
1027.003100 0.000000
1945.900610 0.000000
2756.692532 0.000000
4053.959605 0.000000
5351.226679 0.000000
5462.652928 0.000000
2231.469689 0.000000
1414.358378 0.000000
2063.342275 0.000000
2494.872136 0.000000
2672.616071 0.000000
2394.042103 0.000000
1184.532061 0.000000
0.000000 0.000000
0.000000 0.000000
0.000000 0.000000
0.000000 0.000000
0.000000 0.000000
0.000000 0.000000
0.000000 0.000000
0.000000 0.000000
0.000000 0.000000
0.000000 0.000000
0.000000 0.000000
0.000000 0.000000
0.000000 0.000000
0.000000 0.000000
0.000000 0.000000
0.000000 0.000000
0.000000 0.000000
0.000000 0.000000
0.000000 0.000000
0.000000 0.000000
0.000000 0.000000
0.000000 0.000000
0.000000 0.000000
13.325517 0.000000
25.248348 0.000000
35.768493 0.000000
52.600725 0.000000
63.822213 0.000000
69.432957 0.000000
67.328928 0.000000
35.768493 0.000000
0.000000 0.000000
0.000000 0.000000
0.000000 0.000000
0.000000 0.000000
0.000000 0.000000
0.000000 0.000000
0.000000 0.000000
0.000000 0.000000
0.000000 0.000000
0.000000 0.000000
0.000000 0.000000
0.000000 0.000000
0.000000 0.000000
0.000000 0.000000
0.000000 0.000000
0.000000 0.000000
0.000000 0.000000
0.000000 0.000000
0.000000 0.000000
0.000000 0.000000
0.000000 0.000000
0.000000 0.000000
0.000000 0.000000
0.000000 0.000000
0.000000 0.000000
0.000000 0.000000
0.000000 0.000000
0.000000 0.000000
0.000000 0.000000
0.000000 0.000000
0.000000 0.000000
0.000000 0.000000
0.000000 0.000000
0.000000 0.000000
0.000000 0.000000
0.000000 0.000000
0.000000 0.000000
0.000000 0.000000
0.000000 0.000000
0.000000 0.000000
31.535383 0.000000
59.751252 0.000000
84.647607 0.000000
106.224448 0.000000
131.950686 0.000000
162.656188 0.000000
124.481751 0.000000
75.518898 0.000000
82.157922 0.000000
53.112192 0.000000
0.000000 0.000000
0.000000 0.000000
0.000000 0.000000
0.000000 0.000000
0.000000 0.000000
0.000000 0.000000
0.000000 0.000000
0.000000 0.000000
0.000000 0.000000
0.000000 0.000000
0.000000 0.000000
56.843136 0.000000
116.886159 0.000000
124.845084 0.000000
174.442513 0.000000
216.720256 0.000000
251.678312 0.000000
308.919191 0.000000
347.497175 0.000000
255.679658 0.000000
255.679658 0.000000
179.492284 0.000000
148.500810 0.000000
0.000000 0.000000
0.000000 0.000000
0.000000 0.000000
0.000000 0.000000
0.000000 0.000000
0.000000 0.000000
0.000000 0.000000
0.000000 0.000000
0.000000 0.000000
0.000000 0.000000
0.000000 0.000000
0.000000 0.000000
0.000000 0.000000
0.000000 0.000000
0.000000 0.000000
0.000000 0.000000
0.000000 0.000000
0.000000 0.000000
0.000000 0.000000
0.000000 0.000000
0.000000 0.000000
0.000000 0.000000
0.000000 0.000000
0.000000 0.000000
0.000000 0.000000
0.000000 0.000000
0.000000 0.000000
0.000000 0.000000
0.000000 0.000000
0.000000 0.000000
33.688349 0.000000
63.830556 0.000000
90.426621 0.000000
113.476544 0.000000
148.937964 0.000000
161.349461 0.000000
177.307100 0.000000
155.143709 0.000000
147.164885 0.000000
56.738240 0.000000
74.468940 0.000000
87.766965 0.000000
85.107360 0.000000
66.490125 0.000000
24.379704 0.000000
0.000000 0.000000
0.000000 0.000000
0.000000 0.000000
0.000000 0.000000
0.000000 0.000000
0.000000 0.000000
0.000000 0.000000
0.000000 0.000000
0.000000 0.000000
0.000000 0.000000
0.000000 0.000000
0.000000 0.000000
0.000000 0.000000
0.000000 0.000000
0.000000 0.000000
0.000000 0.000000
0.000000 0.000000
0.000000 0.000000
0.000000 0.000000
0.000000 0.000000
0.000000 0.000000
0.000000 0.000000
0.000000 0.000000
0.000000 0.000000
0.000000 0.000000
0.000000 0.000000
0.000000 0.000000
0.000000 0.000000
0.000000 0.000000
0.000000 0.000000
0.000000 0.000000
0.000000 0.000000
0.000000 0.000000
0.000000 0.000000
0.000000 0.000000
0.000000 0.000000
24.127663 0.000000
45.715572 0.000000
64.763727 0.000000
88.256446 0.000000
105.399783 0.000000
116.193738 0.000000
111.114250 0.000000
93.335982 0.000000
32.381889 0.000000
0.000000 0.000000
0.000000 0.000000
0.000000 0.000000
0.000000 0.000000
0.000000 0.000000
0.000000 0.000000
0.000000 0.000000
0.000000 0.000000
0.000000 0.000000
0.000000 0.000000
0.000000 0.000000
0.000000 0.000000
0.000000 0.000000
0.000000 0.000000
0.000000 0.000000
0.000000 0.000000
0.000000 0.000000
0.000000 0.000000
0.000000 0.000000
0.000000 0.000000
0.000000 0.000000
0.000000 0.000000
0.000000 0.000000
0.000000 0.000000
0.000000 0.000000
6.282103 0.000000
6.282103 0.000000
11.902932 0.000000
16.862487 0.000000
24.797775 0.000000
30.087967 0.000000
31.741152 0.000000
32.733063 0.000000
22.979277 0.000000
3.141061 0.000000
0.000000 0.000000
0.000000 0.000000
0.000000 0.000000
0.000000 0.000000
0.000000 0.000000
0.000000 0.000000
93.375348 0.000000
176.921712 0.000000
250.639092 0.000000
341.557194 0.000000
363.672408 0.000000
420.189066 0.000000
428.789427 0.000000
416.065632 0.000000
261.259134 0.000000
266.611191 0.000000
259.239453 0.000000
201.494172 0.000000
0.000000 0.000000
0.000000 0.000000
0.000000 0.000000
0.000000 0.000000
0.000000 0.000000
0.000000 0.000000
0.000000 0.000000
0.000000 0.000000
0.000000 0.000000
0.000000 0.000000
0.000000 0.000000
0.000000 0.000000
0.000000 0.000000
0.000000 0.000000
0.000000 0.000000
0.000000 0.000000
0.000000 0.000000
0.000000 0.000000
0.000000 0.000000
14.090951 0.000000
32.260854 0.000000
54.880536 0.000000
67.302825 0.000000
71.938015 0.000000
67.488247 0.000000
35.745482 0.000000
18.350736 0.000000
0.000000 0.000000
358.325926 0.000000
358.325926 0.000000
678.933334 0.000000
1084.407409 0.000000
1395.585187 0.000000
1650.185187 0.000000
1650.185187 0.000000
1282.429631 0.000000
858.096297 0.000000
179.162963 0.000000
29.541466 0.000000
55.973304 0.000000
99.508096 0.000000
123.607713 0.000000
147.707330 0.000000
148.484737 0.000000
142.265481 0.000000
54.029792 0.000000
0.000000 0.000000
0.000000 0.000000
0.000000 0.000000
0.000000 0.000000
0.000000 0.000000
0.000000 0.000000
0.000000 0.000000
0.000000 0.000000
0.000000 0.000000
0.000000 0.000000
0.000000 0.000000
0.000000 0.000000
0.000000 0.000000
0.000000 0.000000
0.000000 0.000000
0.000000 0.000000
0.000000 0.000000
0.000000 0.000000
0.000000 0.000000
0.000000 0.000000
0.000000 0.000000
0.000000 0.000000
0.000000 0.000000
0.000000 0.000000
0.000000 0.000000
0.000000 0.000000
0.000000 0.000000
0.000000 0.000000
0.000000 0.000000
0.000000 0.000000
0.000000 0.000000
0.000000 0.000000
0.000000 0.000000
13.945430 0.000000
26.422919 0.000000
37.432469 0.000000
46.974078 0.000000
55.047748 0.000000
70.461118 0.000000
71.562071 0.000000
60.919500 0.000000
30.459732 0.000000
23.487007 0.000000
30.826697 0.000000
35.230511 0.000000
36.698449 0.000000
30.826697 0.000000
13.211442 0.000000
0.000000 0.000000
0.000000 0.000000
0.000000 0.000000
0.000000 0.000000
0.000000 0.000000
0.000000 0.000000
0.000000 0.000000
0.000000 0.000000
0.000000 0.000000
14.484479 0.000000
27.444276 0.000000
40.616452 0.000000
58.713303 0.000000
66.698447 0.000000
77.535565 0.000000
70.639508 0.000000
39.261630 0.000000
0.000000 0.000000
0.000000 0.000000
0.000000 0.000000
0.000000 0.000000
0.000000 0.000000
0.000000 0.000000
0.000000 0.000000
0.000000 0.000000
0.000000 0.000000
0.000000 0.000000
0.000000 0.000000
0.000000 0.000000
0.000000 0.000000
0.000000 0.000000
0.000000 0.000000
0.000000 0.000000
0.000000 0.000000
0.000000 0.000000
0.000000 0.000000
0.000000 0.000000
0.000000 0.000000
0.000000 0.000000
0.000000 0.000000
0.000000 0.000000
0.000000 0.000000
0.000000 0.000000
0.000000 0.000000
0.000000 0.000000
0.000000 0.000000
0.000000 0.000000
0.000000 0.000000
0.000000 0.000000
0.000000 0.000000
0.000000 0.000000
0.000000 0.000000
0.000000 0.000000
0.000000 0.000000
0.000000 0.000000
31.024663 0.000000
79.307715 0.000000
106.853857 0.000000
129.233241 0.000000
131.176611 0.000000
185.185097 0.000000
203.523605 0.000000
214.097084 0.000000
378.160626 0.000000
346.661059 0.000000
406.372806 0.000000
230.704769 0.000000
254.888373 0.000000
319.859919 0.000000
374.835843 0.000000
454.800823 0.000000
494.783313 0.000000
454.800823 0.000000
245.595646 0.000000
106.132119 0.000000
130.375141 0.000000
205.304974 0.000000
262.353687 0.000000
258.697756 0.000000
255.827543 0.000000
122.334332 0.000000
0.000000 0.000000
0.000000 0.000000
0.000000 0.000000
0.000000 0.000000
0.000000 0.000000
0.000000 0.000000
0.000000 0.000000
0.000000 0.000000
0.000000 0.000000
0.000000 0.000000
0.000000 0.000000
0.000000 0.000000
0.000000 0.000000
0.000000 0.000000
0.000000 0.000000
0.000000 0.000000
0.000000 0.000000
0.000000 0.000000
0.000000 0.000000
0.000000 0.000000
392.487449 0.000000
1534.612352 0.000000
2237.806012 0.000000
2853.241411 0.000000
3380.918548 0.000000
4433.765816 0.000000
4929.845253 0.000000
4723.401339 0.000000
4338.968389 0.000000
3627.239095 0.000000
3057.290753 0.000000
1623.166400 0.000000
776.890491 0.000000
776.890491 0.000000
1100.594862 0.000000
1381.138650 0.000000
1812.744478 0.000000
1964.681242 0.000000
2137.229220 0.000000
2137.694046 0.000000
1965.200996 0.000000
1101.423219 0.000000
205.167079 0.000000
388.737623 0.000000
389.540739 0.000000
551.467622 0.000000
811.099060 0.000000
908.614902 0.000000
1037.911349 0.000000
1080.964381 0.000000
1053.592113 0.000000
799.079220 0.000000
275.355826 0.000000
345.544566 0.000000
491.321180 0.000000
539.913385 0.000000
472.424206 0.000000
97.184382 0.000000
200.512824 0.000000
233.399457 0.000000
254.771084 0.000000
249.922490 0.000000
226.252934 0.000000
225.241728 0.000000
244.569609 0.000000
263.552394 0.000000
263.544552 0.000000
225.743247 0.000000
173.445671 0.000000
182.820436 0.000000
147.637396 0.000000
123.452750 0.000000
102.012346 0.000000
86.461057 0.000000
97.407398 0.000000
125.126966 0.000000
128.036393 0.000000
131.131783 0.000000
129.838342 0.000000
156.503723 0.000000
158.772618 0.000000
22.730950 0.000000
38.170683 0.000000
51.767705 0.000000
81.502504 0.000000
97.518072 0.000000
96.624823 0.000000
92.394688 0.000000
68.444087 0.000000
0.000000 0.000000
0.000000 0.000000
0.000000 0.000000
0.000000 0.000000
32.482248 0.000000
61.545312 0.000000
87.189192 0.000000
109.413888 0.000000
128.219400 0.000000
164.120832 0.000000
164.120832 0.000000
169.249608 0.000000
170.104404 0.000000
153.863280 0.000000
70.948068 0.000000
54.706944 0.000000
71.802864 0.000000
82.060416 0.000000
85.052202 0.000000
78.213834 0.000000
51.287760 0.000000
0.000000 0.000000
0.000000 0.000000
0.000000 0.000000
0.000000 0.000000
0.000000 0.000000
0.000000 0.000000
0.000000 0.000000
0.000000 0.000000
0.000000 0.000000
0.000000 0.000000
6.698108 0.000000
12.691152 0.000000
17.979132 0.000000
22.562048 0.000000
29.612688 0.000000
33.843072 0.000000
32.080412 0.000000
17.979132 0.000000
0.000000 0.000000
0.000000 0.000000
0.000000 0.000000
0.000000 0.000000
0.000000 0.000000
0.000000 0.000000
0.000000 0.000000
0.000000 0.000000
0.000000 0.000000
0.000000 0.000000
0.000000 0.000000
0.000000 0.000000
0.000000 0.000000
0.000000 0.000000
0.000000 0.000000
0.000000 0.000000
0.000000 0.000000
0.000000 0.000000
0.000000 0.000000
0.000000 0.000000
0.000000 0.000000
0.000000 0.000000
0.000000 0.000000
522.857743 0.000000
990.677828 0.000000
1403.460257 0.000000
2311.581600 0.000000
2751.882857 0.000000
2410.147643 0.000000
2259.382226 0.000000
1402.126690 0.000000
1142.259846 0.000000
1598.128636 0.000000
1732.002344 0.000000
1529.926837 0.000000
929.103267 0.000000
7.369036 0.000000
0.000000 0.000000
0.000000 0.000000
0.000000 0.000000
0.000000 0.000000
0.000000 0.000000
0.000000 0.000000
0.000000 0.000000
0.000000 0.000000
0.000000 0.000000
7.232806 0.000000
13.704264 0.000000
19.414374 0.000000
24.363136 0.000000
28.550550 0.000000
35.593019 0.000000
37.877063 0.000000
20.080559 0.000000
0.000000 0.000000
0.000000 0.000000
0.000000 0.000000
20.598907 0.000000
39.029508 0.000000
55.291803 0.000000
69.385792 0.000000
81.311475 0.000000
94.863391 0.000000
105.704916 0.000000
90.797794 0.000000
51.497220 0.000000
43.366080 0.000000
50.131795 0.000000
41.629715 0.000000
30.569141 0.000000
30.806595 0.000000
15.461397 0.000000
2.574861 0.000000
0.000000 0.000000
0.000000 0.000000
0.000000 0.000000
0.000000 0.000000
0.000000 0.000000
0.000000 0.000000
0.000000 0.000000
0.000000 0.000000
0.000000 0.000000
0.000000 0.000000
0.000000 0.000000
0.000000 0.000000
0.000000 0.000000
0.000000 0.000000
0.000000 0.000000
0.000000 0.000000
0.000000 0.000000
0.000000 0.000000
0.000000 0.000000
0.000000 0.000000
59.209073 0.000000
59.209073 0.000000
112.185612 0.000000
158.929617 0.000000
199.441088 0.000000
261.766428 0.000000
283.580297 0.000000
308.510433 0.000000
216.580551 0.000000
109.069329 0.000000
99.720512 0.000000
141.790103 0.000000
155.813300 0.000000
141.790103 0.000000
79.464783 0.000000
0.000000 0.000000
0.000000 0.000000
0.000000 0.000000
0.000000 0.000000
0.000000 0.000000
494.635975 0.000000
1132.456040 0.000000
1301.673605 0.000000
1444.857697 0.000000
1718.209147 0.000000
1952.510404 0.000000
1952.510426 0.000000
1223.573226 0.000000
779.355907 0.000000
0.000000 0.000000
0.000000 0.000000
0.000000 0.000000
0.000000 0.000000
0.000000 0.000000
0.000000 0.000000
0.000000 0.000000
0.000000 0.000000
0.000000 0.000000
84.938303 0.000000
160.935732 0.000000
227.992287 0.000000
335.282775 0.000000
429.161952 0.000000
406.809767 0.000000
121.761935 0.000000
77.979456 0.000000
110.470896 0.000000
181.952064 0.000000
181.952064 0.000000
197.114736 0.000000
214.443504 0.000000
214.443504 0.000000
181.952064 0.000000
42.654119 0.000000
2.993400 0.000000
4.240650 0.000000
6.236250 0.000000
7.566650 0.000000
8.231850 0.000000
7.483500 0.000000
3.450725 0.000000
0.789925 0.000000
0.000000 0.000000
0.000000 0.000000
0.000000 0.000000
0.000000 0.000000
0.000000 0.000000
0.000000 0.000000
0.000000 0.000000
0.000000 0.000000
0.000000 0.000000
0.000000 0.000000
0.000000 0.000000
2.654623 0.000000
5.029812 0.000000
7.125567 0.000000
8.941888 0.000000
12.714247 0.000000
13.412832 0.000000
13.831983 0.000000
8.941888 0.000000
3.842226 0.000000
0.000000 0.000000
0.000000 0.000000
0.000000 0.000000
0.000000 0.000000
0.000000 0.000000
0.000000 0.000000
0.000000 0.000000
0.000000 0.000000
0.000000 0.000000
0.000000 0.000000
0.000000 0.000000
0.000000 0.000000
0.000000 0.000000
0.000000 0.000000
0.000000 0.000000
0.000000 0.000000
0.000000 0.000000
0.000000 0.000000
0.000000 0.000000
0.000000 0.000000
0.000000 0.000000
0.000000 0.000000
0.000000 0.000000
0.000000 0.000000
0.000000 0.000000
0.000000 0.000000
0.000000 0.000000
0.000000 0.000000
0.000000 0.000000
0.000000 0.000000
0.000000 0.000000
0.000000 0.000000
0.000000 0.000000
0.000000 0.000000
0.000000 0.000000
0.000000 0.000000
0.000000 0.000000
0.000000 0.000000
0.000000 0.000000
0.000000 0.000000
0.000000 0.000000
0.000000 0.000000
0.000000 0.000000
0.000000 0.000000
0.000000 0.000000
0.000000 0.000000
0.000000 0.000000
0.000000 0.000000
0.000000 0.000000
0.000000 0.000000
0.000000 0.000000
0.000000 0.000000
0.000000 0.000000
0.000000 0.000000
0.000000 0.000000
0.000000 0.000000
0.000000 0.000000
0.000000 0.000000
0.000000 0.000000
0.000000 0.000000
0.000000 0.000000
0.000000 0.000000
0.000000 0.000000
0.000000 0.000000
0.000000 0.000000
0.000000 0.000000
0.000000 0.000000
0.000000 0.000000
0.000000 0.000000
0.000000 0.000000
0.000000 0.000000
0.000000 0.000000
0.000000 0.000000
0.000000 0.000000
0.000000 0.000000
0.000000 0.000000
0.000000 0.000000
0.000000 0.000000
0.000000 0.000000
0.000000 0.000000
0.000000 0.000000
0.000000 0.000000
0.000000 0.000000
0.000000 0.000000
0.000000 0.000000
0.000000 0.000000
0.000000 0.000000
0.000000 0.000000
0.000000 0.000000
0.000000 0.000000
0.000000 0.000000
0.000000 0.000000
0.000000 0.000000
0.000000 0.000000
0.000000 0.000000
0.000000 0.000000
0.000000 0.000000
0.000000 0.000000
0.000000 0.000000
0.000000 0.000000
0.000000 0.000000
0.000000 0.000000
0.000000 0.000000
0.000000 0.000000
0.000000 0.000000
0.000000 0.000000
3.330757 0.000000
6.310908 0.000000
11.219392 0.000000
13.147725 0.000000
16.390833 0.000000
17.354997 0.000000
12.446493 0.000000
7.362684 0.000000
8.414496 0.000000
8.677449 0.000000
8.195366 0.000000
5.522001 0.000000
2.235075 0.000000
2.804800 0.000000
3.988075 0.000000
4.382500 0.000000
3.286875 0.000000
0.832675 0.000000
0.000000 0.000000
0.000000 0.000000
0.000000 0.000000
0.000000 0.000000
0.000000 0.000000
