123071788.483600 0.000000
121656933.649720 0.000000
118814143.843935 0.000000
115422508.734524 0.000000
110863545.536210 0.000000
106983531.029967 0.000000
103940858.478388 0.000000
100340046.208424 0.000000
96193423.948144 0.000000
92652074.830955 0.000000
88887714.915171 0.000000
86379765.138576 0.000000
83190040.623244 0.000000
80081660.650256 0.000000
75902566.102049 0.000000
73445901.085623 0.000000
71024598.281662 0.000000
65045527.273110 0.000000
63919099.309836 0.000000
62935122.348739 0.000000
60486703.193325 0.000000
57965368.649691 0.000000
57455604.189355 0.000000
58478581.055897 0.000000
58238003.975045 0.000000
55123178.775009 0.000000
51951577.058385 0.000000
49831436.811942 0.000000
49049564.775369 0.000000
49956874.145040 0.000000
41425095.896609 0.000000
39439804.533011 0.000000
35838424.256029 0.000000
33128184.678920 0.000000
32632403.377004 0.000000
30355966.929618 0.000000
18392587.681365 0.000000
15677955.945568 0.000000
13886084.079539 0.000000
11520816.794007 0.000000
10335065.398713 0.000000
8543593.289959 0.000000
6060078.225749 0.000000
7341860.963292 0.000000
8662064.363279 0.000000
9797535.658659 0.000000
9454385.010304 0.000000
9641985.102200 0.000000
9352699.684384 0.000000
9339314.314636 0.000000
9101439.313659 0.000000
8474795.644259 0.000000
8100360.327302 0.000000
7856925.589051 0.000000
7562978.577548 0.000000
6960004.754340 0.000000
6161379.146677 0.000000
5724932.974631 0.000000
5378208.387397 0.000000
4854481.246082 0.000000
4364494.697257 0.000000
3743295.676252 0.000000
4329641.882207 0.000000
4741167.271985 0.000000
4756526.964789 0.000000
4602978.442583 0.000000
4516103.772455 0.000000
4455477.674756 0.000000
4579238.076160 0.000000
4409349.077896 0.000000
4101871.614997 0.000000
4000955.516571 0.000000
3871641.152004 0.000000
3825233.109588 0.000000
3693068.115723 0.000000
3472981.653194 0.000000
3516436.154898 0.000000
3512493.761296 0.000000
3411877.139841 0.000000
3201455.830655 0.000000
3034107.326761 0.000000
2956401.827055 0.000000
2589657.163124 0.000000
2210315.012954 0.000000
2475085.571701 0.000000
2598529.146083 0.000000
2404626.746145 0.000000
2333558.881584 0.000000
2439293.872022 0.000000
2299013.964211 0.000000
2146433.357324 0.000000
1977316.157552 0.000000
1739062.891723 0.000000
1430938.686486 0.000000
1193394.211350 0.000000
1378664.045891 0.000000
1531479.142935 0.000000
1636911.589435 0.000000
1627176.550502 0.000000
1586631.698331 0.000000
1488333.874725 0.000000
1303679.344298 0.000000
1233691.918467 0.000000
1177411.511088 0.000000
1127189.360764 0.000000
1018013.195351 0.000000
1038074.541418 0.000000
1165300.543135 0.000000
1322524.373550 0.000000
1343344.009264 0.000000
1209168.158572 0.000000
813874.539269 0.000000
592973.286590 0.000000
378088.028410 0.000000
447687.350592 0.000000
528909.328165 0.000000
596514.999709 0.000000
679173.876897 0.000000
765114.024167 0.000000
823865.173553 0.000000
834687.082791 0.000000
772384.992823 0.000000
730327.330796 0.000000
732178.307706 0.000000
768922.437447 0.000000
734969.381519 0.000000
594751.943283 0.000000
497900.718073 0.000000
481207.154333 0.000000
571042.463502 0.000000
651088.635131 0.000000
724419.969898 0.000000
778536.950931 0.000000
772892.495834 0.000000
666115.111810 0.000000
524615.271917 0.000000
504628.896636 0.000000
474303.661187 0.000000
354632.988508 0.000000
368093.193001 0.000000
436894.001825 0.000000
494428.233096 0.000000
538182.802981 0.000000
565569.620531 0.000000
562971.702609 0.000000
576504.366715 0.000000
482212.334410 0.000000
411691.820640 0.000000
365471.727333 0.000000
100044.736103 0.000000
67349.297697 0.000000
79390.635178 0.000000
90094.602486 0.000000
113742.219763 0.000000
141729.372285 0.000000
171232.875788 0.000000
198353.102929 0.000000
236498.867098 0.000000
288620.014505 0.000000
338510.849602 0.000000
389235.283397 0.000000
427118.108952 0.000000
451810.909688 0.000000
459781.889785 0.000000
463008.927399 0.000000
418562.649314 0.000000
340434.185630 0.000000
124966.485571 0.000000
116691.438510 0.000000
142536.806385 0.000000
172869.630355 0.000000
200822.074870 0.000000
237355.469727 0.000000
285569.338260 0.000000
330775.572906 0.000000
379461.796571 0.000000
414726.494161 0.000000
434033.860800 0.000000
426905.423827 0.000000
376837.506061 0.000000
251953.131509 0.000000
161462.962131 0.000000
183417.765220 0.000000
213254.824852 0.000000
245323.848281 0.000000
281606.712759 0.000000
317021.255652 0.000000
343777.262310 0.000000
349928.366770 0.000000
326074.865012 0.000000
330431.707933 0.000000
348801.100093 0.000000
350024.992957 0.000000
311102.445309 0.000000
182589.576446 0.000000
38234.252467 0.000000
46955.211283 0.000000
56958.838624 0.000000
77192.740426 0.000000
87732.767888 0.000000
107515.337967 0.000000
122310.307312 0.000000
144401.829036 0.000000
170367.072934 0.000000
206938.933692 0.000000
251155.408869 0.000000
287688.368454 0.000000
331049.206233 0.000000
359032.481814 0.000000
371841.660161 0.000000
346935.847713 0.000000
257125.909017 0.000000
215565.595288 0.000000
251948.630412 0.000000
288860.887395 0.000000
329320.256984 0.000000
358765.975358 0.000000
375767.482289 0.000000
365000.891221 0.000000
294463.582607 0.000000
173471.031264 0.000000
21153.324237 0.000000
978.946972 0.000000
1300.226233 0.000000
1641.876906 0.000000
2151.132688 0.000000
2469.381096 0.000000
3481.826906 0.000000
4033.092380 0.000000
4930.219919 0.000000
6179.734763 0.000000
8214.740201 0.000000
9879.454436 0.000000
12183.669256 0.000000
14640.007855 0.000000
17521.261416 0.000000
21190.449251 0.000000
26006.208087 0.000000
30072.413144 0.000000
35299.684604 0.000000
42377.776936 0.000000
48674.012361 0.000000
54453.083931 0.000000
57109.964179 0.000000
49816.541201 0.000000
45821.280487 0.000000
47968.189983 0.000000
46287.668071 0.000000
38535.898785 0.000000
16167.742667 0.000000
1586.140557 0.000000
510.856124 0.000000
616.083528 0.000000
757.228945 0.000000
973.426091 0.000000
1178.596638 0.000000
1464.788617 0.000000
1690.478472 0.000000
2069.426460 0.000000
2522.203542 0.000000
2978.608378 0.000000
3426.363673 0.000000
3853.512226 0.000000
4073.580271 0.000000
3971.482923 0.000000
3085.045108 0.000000
2030.233953 0.000000
1196.582796 0.000000
423.506636 0.000000
174.085981 0.000000
223.856667 0.000000
279.834015 0.000000
316.965201 0.000000
373.611773 0.000000
427.448914 0.000000
501.677039 0.000000
590.542668 0.000000
675.271405 0.000000
755.253750 0.000000
817.134242 0.000000
842.536973 0.000000
769.701692 0.000000
780.252952 0.000000
671.923015 0.000000
769.943964 0.000000
856.525599 0.000000
943.043006 0.000000
995.948399 0.000000
953.616824 0.000000
766.755066 0.000000
296.890627 0.000000
53.502256 0.000000
18.513754 0.000000
23.243847 0.000000
26.670069 0.000000
32.986238 0.000000
40.221493 0.000000
48.888818 0.000000
57.962339 0.000000
106.159647 0.000000
110.748091 0.000000
109.459367 0.000000
138.994017 0.000000
32.773061 0.000000
38.787831 0.000000
44.848679 0.000000
52.788315 0.000000
58.175557 0.000000
61.105067 0.000000
60.122596 0.000000
63.302497 0.000000
69.868766 0.000000
74.849518 0.000000
74.028851 0.000000
74.351765 0.000000
77.595692 0.000000
74.635118 0.000000
77.057555 0.000000
63.726961 0.000000
32.105232 0.000000
7.731608 0.000000
0.000000 0.000000
64.618317 0.000000
129.107268 0.000000
193.466853 0.000000
257.697072 0.000000
385.769412 0.000000
513.324288 0.000000
608.635179 0.000000
766.817941 0.000000
892.820421 0.000000
1236.578694 0.000000
1576.068828 0.000000
1850.552523 0.000000
2450.425338 0.000000
3004.859589 0.000000
3702.097252 0.000000
4662.061720 0.000000
5751.102537 0.000000
6892.809319 0.000000
8259.322769 0.000000
9865.204150 0.000000
11652.033021 0.000000
13006.980622 0.000000
14334.766293 0.000000
14418.443311 0.000000
12640.417240 0.000000
8825.443310 0.000000
7655.294899 0.000000
5699.277021 0.000000
973.330340 0.000000
44.715300 0.000000
53.604432 0.000000
80.163972 0.000000
106.561728 0.000000
115.325028 0.000000
158.871888 0.000000
210.534912 0.000000
253.093092 0.000000
303.569700 0.000000
369.865188 0.000000
426.930000 0.000000
506.923200 0.000000
585.118800 0.000000
691.572672 0.000000
823.264848 0.000000
1049.573700 0.000000
1262.265732 0.000000
1475.389188 0.000000
1711.890432 0.000000
1939.385700 0.000000
2134.254528 0.000000
2244.977700 0.000000
2140.213572 0.000000
1707.495300 0.000000
592.839492 0.000000
0.000000 0.000000
0.000000 0.000000
0.000000 0.000000
0.000000 0.000000
0.000000 0.000000
0.000000 0.000000
0.000000 0.000000
0.000000 0.000000
0.000000 0.000000
0.000000 0.000000
41.511447 0.000000
82.939788 0.000000
124.285023 0.000000
165.547152 0.000000
206.726175 0.000000
288.834903 0.000000
329.764608 0.000000
452.055087 0.000000
573.597612 0.000000
654.210432 0.000000
854.288127 0.000000
1052.288172 0.000000
1287.145728 0.000000
1557.364887 0.000000
1973.767500 0.000000
2525.383575 0.000000
3058.300800 0.000000
3639.668823 0.000000
4482.363663 0.000000
5808.112128 0.000000
6820.966503 0.000000
8054.259543 0.000000
9144.610263 0.000000
9980.989047 0.000000
10385.590608 0.000000
9811.270520 0.000000
7624.266919 0.000000
2125.109320 0.000000
0.000000 0.000000
0.000000 0.000000
0.000000 0.000000
0.000000 0.000000
0.000000 0.000000
0.000000 0.000000
0.000000 0.000000
0.000000 0.000000
0.000000 0.000000
0.000000 0.000000
0.000000 0.000000
0.000000 0.000000
0.000000 0.000000
0.000000 0.000000
0.000000 0.000000
0.000000 0.000000
0.000000 0.000000
0.000000 0.000000
0.000000 0.000000
0.000000 0.000000
0.000000 0.000000
0.000000 0.000000
0.000000 0.000000
0.000000 0.000000
0.000000 0.000000
0.000000 0.000000
0.000000 0.000000
0.000000 0.000000
0.000000 0.000000
0.000000 0.000000
0.000000 0.000000
0.000000 0.000000
0.000000 0.000000
0.000000 0.000000
0.000000 0.000000
0.000000 0.000000
0.000000 0.000000
29.277870 0.000000
58.491481 0.000000
84.675236 0.000000
136.884821 0.000000
188.883837 0.000000
214.804383 0.000000
320.900361 0.000000
423.202571 0.000000
527.574190 0.000000
678.167918 0.000000
952.192158 0.000000
1124.248505 0.000000
1270.037099 0.000000
1601.767854 0.000000
1861.621901 0.000000
2171.827008 0.000000
2618.921817 0.000000
2989.210374 0.000000
3680.451120 0.000000
4370.251895 0.000000
5033.335497 0.000000
5615.917554 0.000000
6226.355061 0.000000
6630.107013 0.000000
6615.564926 0.000000
5810.364402 0.000000
3746.289964 0.000000
0.000000 0.000000
0.000000 0.000000
0.000000 0.000000
0.000000 0.000000
0.000000 0.000000
0.000000 0.000000
0.000000 0.000000
0.000000 0.000000
0.000000 0.000000
0.000000 0.000000
0.000000 0.000000
0.000000 0.000000
0.000000 0.000000
0.000000 0.000000
0.000000 0.000000
0.000000 0.000000
0.000000 0.000000
0.000000 0.000000
0.000000 0.000000
0.000000 0.000000
0.000000 0.000000
0.000000 0.000000
0.000000 0.000000
0.000000 0.000000
0.000000 0.000000
0.000000 0.000000
0.000000 0.000000
0.000000 0.000000
0.000000 0.000000
0.000000 0.000000
0.000000 0.000000
0.000000 0.000000
0.000000 0.000000
0.000000 0.000000
0.000000 0.000000
0.000000 0.000000
0.000000 0.000000
0.000000 0.000000
0.000000 0.000000
14.940045 0.000000
29.850180 0.000000
44.730405 0.000000
89.191620 0.000000
126.032771 0.000000
170.000474 0.000000
199.162726 0.000000
242.681779 0.000000
336.037896 0.000000
414.035238 0.000000
456.208347 0.000000
577.547439 0.000000
673.072554 0.000000
893.560143 0.000000
1135.604479 0.000000
1463.755789 0.000000
1792.275727 0.000000
2139.627351 0.000000
2488.751911 0.000000
2856.932049 0.000000
3215.642718 0.000000
3543.952474 0.000000
3621.164350 0.000000
3328.656871 0.000000
2356.205218 0.000000
1344.505253 0.000000
154.827140 0.000000
0.000000 0.000000
0.000000 0.000000
0.000000 0.000000
0.000000 0.000000
0.000000 0.000000
0.000000 0.000000
0.000000 0.000000
0.000000 0.000000
0.000000 0.000000
0.000000 0.000000
0.000000 0.000000
0.000000 0.000000
0.000000 0.000000
0.000000 0.000000
0.000000 0.000000
0.000000 0.000000
0.000000 0.000000
0.000000 0.000000
0.000000 0.000000
0.000000 0.000000
0.000000 0.000000
0.000000 0.000000
0.000000 0.000000
0.000000 0.000000
0.000000 0.000000
0.000000 0.000000
0.000000 0.000000
0.000000 0.000000
0.000000 0.000000
0.000000 0.000000
0.000000 0.000000
0.000000 0.000000
0.000000 0.000000
0.000000 0.000000
0.000000 0.000000
0.000000 0.000000
0.000000 0.000000
0.000000 0.000000
0.000000 0.000000
0.000000 0.000000
0.000000 0.000000
0.000000 0.000000
0.000000 0.000000
0.000000 0.000000
0.000000 0.000000
0.000000 0.000000
0.000000 0.000000
0.000000 0.000000
0.000000 0.000000
0.000000 0.000000
0.000000 0.000000
0.000000 0.000000
0.000000 0.000000
0.000000 0.000000
0.000000 0.000000
0.000000 0.000000
0.000000 0.000000
0.000000 0.000000
0.000000 0.000000
0.000000 0.000000
0.000000 0.000000
0.000000 0.000000
0.000000 0.000000
0.000000 0.000000
0.000000 0.000000
0.000000 0.000000
0.000000 0.000000
0.000000 0.000000
0.000000 0.000000
0.000000 0.000000
0.000000 0.000000
0.000000 0.000000
0.000000 0.000000
0.000000 0.000000
0.000000 0.000000
0.000000 0.000000
0.000000 0.000000
0.000000 0.000000
0.000000 0.000000
0.000000 0.000000
0.000000 0.000000
0.000000 0.000000
0.000000 0.000000
0.000000 0.000000
0.000000 0.000000
0.000000 0.000000
0.000000 0.000000
0.000000 0.000000
0.000000 0.000000
0.000000 0.000000
0.000000 0.000000
0.000000 0.000000
0.000000 0.000000
0.000000 0.000000
0.000000 0.000000
0.000000 0.000000
0.000000 0.000000
0.000000 0.000000
0.000000 0.000000
0.000000 0.000000
0.000000 0.000000
0.000000 0.000000
0.000000 0.000000
0.000000 0.000000
0.000000 0.000000
0.000000 0.000000
0.000000 0.000000
0.000000 0.000000
0.000000 0.000000
0.000000 0.000000
0.000000 0.000000
0.000000 0.000000
0.000000 0.000000
0.000000 0.000000
0.000000 0.000000
0.000000 0.000000
0.000000 0.000000
0.000000 0.000000
0.000000 0.000000
0.000000 0.000000
0.000000 0.000000
0.000000 0.000000
0.000000 0.000000
0.000000 0.000000
0.000000 0.000000
0.000000 0.000000
0.000000 0.000000
0.000000 0.000000
0.000000 0.000000
0.000000 0.000000
0.000000 0.000000
0.000000 0.000000
0.000000 0.000000
0.000000 0.000000
0.000000 0.000000
0.000000 0.000000
0.000000 0.000000
0.000000 0.000000
0.000000 0.000000
0.000000 0.000000
0.000000 0.000000
0.000000 0.000000
0.000000 0.000000
0.000000 0.000000
0.000000 0.000000
0.000000 0.000000
0.000000 0.000000
0.000000 0.000000
0.000000 0.000000
0.000000 0.000000
0.000000 0.000000
0.000000 0.000000
0.000000 0.000000
0.000000 0.000000
0.000000 0.000000
0.000000 0.000000
0.000000 0.000000
0.000000 0.000000
0.000000 0.000000
0.000000 0.000000
0.000000 0.000000
0.000000 0.000000
0.000000 0.000000
0.000000 0.000000
0.000000 0.000000
0.000000 0.000000
0.000000 0.000000
0.000000 0.000000
0.000000 0.000000
0.000000 0.000000
0.000000 0.000000
0.000000 0.000000
0.000000 0.000000
0.000000 0.000000
0.000000 0.000000
0.000000 0.000000
0.000000 0.000000
0.000000 0.000000
0.000000 0.000000
0.000000 0.000000
0.000000 0.000000
0.000000 0.000000
0.000000 0.000000
0.000000 0.000000
0.000000 0.000000
0.000000 0.000000
0.000000 0.000000
0.000000 0.000000
0.000000 0.000000
0.000000 0.000000
0.000000 0.000000
0.000000 0.000000
0.000000 0.000000
0.000000 0.000000
0.000000 0.000000
0.000000 0.000000
0.000000 0.000000
0.000000 0.000000
0.000000 0.000000
0.000000 0.000000
0.000000 0.000000
0.000000 0.000000
0.000000 0.000000
0.000000 0.000000
0.000000 0.000000
0.000000 0.000000
0.000000 0.000000
0.000000 0.000000
0.000000 0.000000
0.000000 0.000000
0.000000 0.000000
0.000000 0.000000
0.000000 0.000000
0.000000 0.000000
0.000000 0.000000
0.000000 0.000000
0.000000 0.000000
0.000000 0.000000
0.000000 0.000000
0.000000 0.000000
0.000000 0.000000
0.000000 0.000000
0.000000 0.000000
0.000000 0.000000
0.000000 0.000000
0.000000 0.000000
0.000000 0.000000
0.000000 0.000000
0.000000 0.000000
0.000000 0.000000
0.000000 0.000000
0.000000 0.000000
0.000000 0.000000
0.000000 0.000000
0.000000 0.000000
0.000000 0.000000
0.000000 0.000000
0.000000 0.000000
0.000000 0.000000
0.000000 0.000000
0.000000 0.000000
0.000000 0.000000
0.000000 0.000000
0.000000 0.000000
0.000000 0.000000
0.000000 0.000000
0.000000 0.000000
0.000000 0.000000
0.000000 0.000000
0.000000 0.000000
0.000000 0.000000
0.000000 0.000000
0.000000 0.000000
0.000000 0.000000
0.000000 0.000000
0.000000 0.000000
0.000000 0.000000
0.000000 0.000000
0.000000 0.000000
0.000000 0.000000
0.000000 0.000000
0.000000 0.000000
0.000000 0.000000
0.000000 0.000000
0.000000 0.000000
0.000000 0.000000
0.000000 0.000000
0.000000 0.000000
0.000000 0.000000
0.000000 0.000000
0.000000 0.000000
0.000000 0.000000
0.000000 0.000000
0.000000 0.000000
0.000000 0.000000
0.000000 0.000000
0.000000 0.000000
0.000000 0.000000
0.000000 0.000000
0.000000 0.000000
0.000000 0.000000
0.000000 0.000000
0.000000 0.000000
0.000000 0.000000
0.000000 0.000000
0.000000 0.000000
0.000000 0.000000
0.000000 0.000000
0.000000 0.000000
0.000000 0.000000
0.000000 0.000000
0.000000 0.000000
0.000000 0.000000
0.000000 0.000000
0.000000 0.000000
0.000000 0.000000
0.000000 0.000000
0.000000 0.000000
0.000000 0.000000
0.000000 0.000000
0.000000 0.000000
0.000000 0.000000
0.000000 0.000000
0.000000 0.000000
0.000000 0.000000
0.000000 0.000000
0.000000 0.000000
0.000000 0.000000
0.000000 0.000000
0.000000 0.000000
0.000000 0.000000
0.000000 0.000000
0.000000 0.000000
0.000000 0.000000
0.000000 0.000000
0.000000 0.000000
0.000000 0.000000
0.000000 0.000000
0.000000 0.000000
0.000000 0.000000
0.000000 0.000000
0.000000 0.000000
0.000000 0.000000
0.000000 0.000000
0.000000 0.000000
0.000000 0.000000
0.000000 0.000000
0.000000 0.000000
0.000000 0.000000
0.000000 0.000000
0.000000 0.000000
0.000000 0.000000
0.000000 0.000000
0.000000 0.000000
0.000000 0.000000
0.000000 0.000000
0.000000 0.000000
0.000000 0.000000
0.000000 0.000000
0.000000 0.000000
0.000000 0.000000
0.000000 0.000000
0.000000 0.000000
0.000000 0.000000
0.000000 0.000000
0.000000 0.000000
0.000000 0.000000
0.000000 0.000000
0.000000 0.000000
0.000000 0.000000
0.000000 0.000000
0.000000 0.000000
0.000000 0.000000
0.000000 0.000000
0.000000 0.000000
0.000000 0.000000
0.000000 0.000000
0.000000 0.000000
0.000000 0.000000
0.000000 0.000000
0.000000 0.000000
0.000000 0.000000
0.000000 0.000000
0.000000 0.000000
0.000000 0.000000
0.000000 0.000000
0.000000 0.000000
0.000000 0.000000
0.000000 0.000000
0.000000 0.000000
0.000000 0.000000
0.000000 0.000000
0.000000 0.000000
0.000000 0.000000
0.000000 0.000000
0.000000 0.000000
0.000000 0.000000
0.000000 0.000000
0.000000 0.000000
0.000000 0.000000
0.000000 0.000000
0.000000 0.000000
0.000000 0.000000
0.000000 0.000000
0.000000 0.000000
0.000000 0.000000
0.000000 0.000000
0.000000 0.000000
0.000000 0.000000
0.000000 0.000000
0.000000 0.000000
0.000000 0.000000
0.000000 0.000000
0.000000 0.000000
0.000000 0.000000
0.000000 0.000000
0.000000 0.000000
0.000000 0.000000
0.000000 0.000000
0.000000 0.000000
1.785213 0.000000
3.566852 0.000000
5.344917 0.000000
8.890325 0.000000
12.421437 0.000000
14.181632 0.000000
15.938253 0.000000
21.186672 0.000000
24.667748 0.000000
31.587012 0.000000
40.155677 0.000000
50.320133 0.000000
65.325572 0.000000
78.420708 0.000000
97.634532 0.000000
119.400192 0.000000
143.417472 0.000000
160.830000 0.000000
202.109700 0.000000
243.802197 0.000000
285.920000 0.000000
332.365917 0.000000
375.983013 0.000000
416.083293 0.000000
443.890800 0.000000
434.734212 0.000000
357.085488 0.000000
144.888173 0.000000
0.000000 0.000000
0.000000 0.000000
0.000000 0.000000
0.000000 0.000000
0.000000 0.000000
0.000000 0.000000
0.000000 0.000000
0.000000 0.000000
0.000000 0.000000
0.000000 0.000000
0.000000 0.000000
0.000000 0.000000
0.000000 0.000000
0.000000 0.000000
0.000000 0.000000
0.000000 0.000000
0.000000 0.000000
0.000000 0.000000
0.000000 0.000000
0.000000 0.000000
0.000000 0.000000
0.000000 0.000000
0.000000 0.000000
0.000000 0.000000
0.000000 0.000000
0.000000 0.000000
0.000000 0.000000
0.000000 0.000000
