4808390.313324 0.000000
4540479.255530 0.000000
4467989.986358 0.000000
4348588.460585 0.000000
4173232.488105 0.000000
4030686.787190 0.000000
3944051.254142 0.000000
3858629.948925 0.000000
3775742.080057 0.000000
3507169.601539 0.000000
3472184.333487 0.000000
3345603.556401 0.000000
3416275.402345 0.000000
3200140.769199 0.000000
2975189.538846 0.000000
2751556.635574 0.000000
2613827.262272 0.000000
2492318.112181 0.000000
2425754.675712 0.000000
2419744.290334 0.000000
2334073.852325 0.000000
2387907.862100 0.000000
1975816.099521 0.000000
1851040.573801 0.000000
1464442.154869 0.000000
848745.920937 0.000000
480273.503960 0.000000
409153.186482 0.000000
523818.418431 0.000000
681006.489989 0.000000
727317.338248 0.000000
732383.027196 0.000000
475513.706509 0.000000
466535.994093 0.000000
436867.343351 0.000000
337100.628765 0.000000
315563.637619 0.000000
374146.922134 0.000000
354052.815352 0.000000
413753.704255 0.000000
430995.113869 0.000000
400507.972193 0.000000
356847.999540 0.000000
327535.807769 0.000000
277065.682499 0.000000
239854.765158 0.000000
185238.052611 0.000000
123019.629591 0.000000
75514.257649 0.000000
92660.671689 0.000000
111308.760121 0.000000
141996.476963 0.000000
169732.979494 0.000000
200793.199187 0.000000
218981.324750 0.000000
230893.899126 0.000000
217211.809363 0.000000
228587.855968 0.000000
235207.153024 0.000000
239500.125897 0.000000
240920.360262 0.000000
229464.643937 0.000000
199362.677945 0.000000
149730.219350 0.000000
113688.209491 0.000000
136301.677581 0.000000
156336.083928 0.000000
167690.164443 0.000000
176752.284416 0.000000
174835.670084 0.000000
146757.566349 0.000000
65561.144655 0.000000
49077.043555 0.000000
19094.318204 0.000000
24209.025618 0.000000
26956.586152 0.000000
35537.036888 0.000000
41564.126211 0.000000
52687.212912 0.000000
60335.966291 0.000000
68937.636379 0.000000
83783.009596 0.000000
97304.730141 0.000000
107399.219278 0.000000
113703.433101 0.000000
106572.649146 0.000000
85018.670395 0.000000
28452.026704 0.000000
7480.614565 0.000000
10029.815054 0.000000
12047.263963 0.000000
16895.711178 0.000000
19670.945184 0.000000
25456.636435 0.000000
30559.255506 0.000000
34086.166558 0.000000
41918.271681 0.000000
48384.696562 0.000000
54625.884810 0.000000
61890.428244 0.000000
65545.696358 0.000000
64023.268422 0.000000
55690.427926 0.000000
34666.590058 0.000000
34032.082443 0.000000
36939.381750 0.000000
42897.057948 0.000000
51491.448895 0.000000
58561.896547 0.000000
64782.713814 0.000000
70456.145632 0.000000
74635.481906 0.000000
73153.447132 0.000000
67016.100421 0.000000
69899.376758 0.000000
69497.957209 0.000000
56234.542915 0.000000
27105.874491 0.000000
19875.191069 0.000000
18134.011967 0.000000
19514.025748 0.000000
18302.012655 0.000000
18581.344796 0.000000
22225.216468 0.000000
14279.327650 0.000000
1630.271245 0.000000
2745.823512 0.000000
3224.505402 0.000000
4132.272988 0.000000
5249.396182 0.000000
7056.314751 0.000000
8178.490627 0.000000
9760.061139 0.000000
11567.316897 0.000000
12350.695520 0.000000
12686.164172 0.000000
10916.495236 0.000000
8035.859863 0.000000
4303.740080 0.000000
1251.034219 0.000000
126.763590 0.000000
168.160160 0.000000
168.160160 0.000000
229.397055 0.000000
269.721175 0.000000
349.082475 0.000000
576.441875 0.000000
821.818435 0.000000
953.086315 0.000000
1232.376795 0.000000
1551.084299 0.000000
1804.410438 0.000000
2043.971199 0.000000
2132.051325 0.000000
2091.545426 0.000000
1778.265307 0.000000
823.766834 0.000000
204.161080 0.000000
5.335389 0.000000
10.617156 0.000000
15.845301 0.000000
26.140725 0.000000
38.701771 0.000000
50.914269 0.000000
67.443330 0.000000
74.293621 0.000000
89.857474 0.000000
98.329899 0.000000
124.564636 0.000000
184.401610 0.000000
244.355840 0.000000
310.087517 0.000000
340.310068 0.000000
402.794108 0.000000
418.506626 0.000000
373.029359 0.000000
364.691117 0.000000
215.899803 0.000000
0.000000 0.000000
0.000000 0.000000
0.000000 0.000000
0.000000 0.000000
0.000000 0.000000
0.000000 0.000000
0.000000 0.000000
0.000000 0.000000
0.000000 0.000000
0.000000 0.000000
0.000000 0.000000
0.000000 0.000000
0.000000 0.000000
0.000000 0.000000
0.000000 0.000000
0.000000 0.000000
0.000000 0.000000
0.000000 0.000000
0.000000 0.000000
0.000000 0.000000
68.598882 0.000000
136.508328 0.000000
203.728338 0.000000
270.258912 0.000000
433.482885 0.000000
497.600433 0.000000
716.324004 0.000000
983.652813 0.000000
1209.098385 0.000000
1514.777142 0.000000
2022.632981 0.000000
2378.812884 0.000000
2669.237846 0.000000
3024.685183 0.000000
3315.799383 0.000000
3361.308627 0.000000
3129.006398 0.000000
2305.509683 0.000000
1585.635264 0.000000
1788.638059 0.000000
1875.531749 0.000000
2107.476898 0.000000
2353.673582 0.000000
2593.294423 0.000000
2652.672489 0.000000
2486.304508 0.000000
2007.161059 0.000000
756.221367 0.000000
288.004043 0.000000
326.219943 0.000000
363.710487 0.000000
369.605400 0.000000
337.256314 0.000000
217.995985 0.000000
89.558336 0.000000
104.955824 0.000000
119.014400 0.000000
141.311004 0.000000
163.179900 0.000000
180.585756 0.000000
185.290544 0.000000
177.696745 0.000000
135.481718 0.000000
41.794378 0.000000
4.364528 0.000000
5.954001 0.000000
7.499121 0.000000
10.527737 0.000000
13.392288 0.000000
15.683337 0.000000
18.288980 0.000000
22.886400 0.000000
29.062016 0.000000
33.609348 0.000000
36.849600 0.000000
38.095281 0.000000
38.245548 0.000000
32.178777 0.000000
23.854937 0.000000
17.587713 0.000000
2.893968 0.000000
3.624768 0.000000
4.098048 0.000000
5.451072 0.000000
6.602952 0.000000
7.574568 0.000000
8.556624 0.000000
10.492200 0.000000
11.875152 0.000000
12.549228 0.000000
13.386516 0.000000
13.754700 0.000000
12.631704 0.000000
6.451224 0.000000
4.370184 0.000000
5.004240 0.000000
5.701284 0.000000
6.537876 0.000000
6.926244 0.000000
6.639144 0.000000
5.217390 0.000000
2.078604 0.000000
2.412162 0.000000
2.708658 0.000000
3.257715 0.000000
3.709158 0.000000
3.901863 0.000000
3.813732 0.000000
3.089283 0.000000
1.276377 0.000000
1.080453 0.000000
1.379733 0.000000
1.661874 0.000000
1.880362 0.000000
2.134620 0.000000
2.294792 0.000000
2.353632 0.000000
2.364570 0.000000
2.540397 0.000000
2.603738 0.000000
2.445810 0.000000
1.787996 0.000000
0.148224 0.000000
0.000000 0.000000
0.000000 0.000000
0.000000 0.000000
0.000000 0.000000
0.000000 0.000000
0.000000 0.000000
0.000000 0.000000
0.000000 0.000000
0.000000 0.000000
0.000000 0.000000
0.000000 0.000000
0.000000 0.000000
0.000000 0.000000
0.000000 0.000000
0.000000 0.000000
0.000000 0.000000
0.000000 0.000000
0.000000 0.000000
0.000000 0.000000
0.000000 0.000000
0.000000 0.000000
0.000000 0.000000
0.000000 0.000000
0.000000 0.000000
0.000000 0.000000
0.000000 0.000000
0.000000 0.000000
0.000000 0.000000
0.000000 0.000000
0.000000 0.000000
0.000000 0.000000
0.000000 0.000000
0.000000 0.000000
0.000000 0.000000
0.000000 0.000000
0.000000 0.000000
0.000000 0.000000
0.000000 0.000000
0.000000 0.000000
0.000000 0.000000
0.000000 0.000000
0.000000 0.000000
0.000000 0.000000
0.000000 0.000000
0.000000 0.000000
0.000000 0.000000
0.000000 0.000000
0.000000 0.000000
0.000000 0.000000
0.000000 0.000000
0.000000 0.000000
0.000000 0.000000
0.000000 0.000000
0.000000 0.000000
0.000000 0.000000
0.000000 0.000000
0.000000 0.000000
0.000000 0.000000
0.000000 0.000000
0.000000 0.000000
0.000000 0.000000
0.000000 0.000000
0.000000 0.000000
0.000000 0.000000
0.000000 0.000000
0.000000 0.000000
0.000000 0.000000
0.000000 0.000000
0.000000 0.000000
5.443844 0.000000
10.832976 0.000000
16.167396 0.000000
26.672100 0.000000
31.842384 0.000000
47.024964 0.000000
61.715136 0.000000
80.536064 0.000000
102.831204 0.000000
127.779876 0.000000
150.758916 0.000000
178.333764 0.000000
210.531776 0.000000
250.553604 0.000000
268.936836 0.000000
271.809216 0.000000
225.304016 0.000000
107.126096 0.000000
0.000000 0.000000
0.000000 0.000000
0.000000 0.000000
0.000000 0.000000
0.000000 0.000000
0.000000 0.000000
0.000000 0.000000
0.000000 0.000000
0.000000 0.000000
0.000000 0.000000
0.000000 0.000000
0.000000 0.000000
0.000000 0.000000
0.000000 0.000000
0.000000 0.000000
0.000000 0.000000
0.000000 0.000000
0.000000 0.000000
0.000000 0.000000
0.000000 0.000000
0.000000 0.000000
0.000000 0.000000
0.000000 0.000000
0.000000 0.000000
0.000000 0.000000
0.000000 0.000000
0.000000 0.000000
0.000000 0.000000
0.000000 0.000000
0.000000 0.000000
0.000000 0.000000
0.000000 0.000000
0.000000 0.000000
0.000000 0.000000
0.000000 0.000000
0.000000 0.000000
0.000000 0.000000
0.000000 0.000000
0.000000 0.000000
0.000000 0.000000
0.000000 0.000000
0.000000 0.000000
0.000000 0.000000
0.000000 0.000000
0.000000 0.000000
0.000000 0.000000
0.000000 0.000000
0.000000 0.000000
0.000000 0.000000
0.000000 0.000000
0.000000 0.000000
0.000000 0.000000
0.000000 0.000000
0.000000 0.000000
0.000000 0.000000
0.000000 0.000000
0.000000 0.000000
0.000000 0.000000
0.000000 0.000000
0.000000 0.000000
0.000000 0.000000
0.000000 0.000000
0.000000 0.000000
0.000000 0.000000
0.000000 0.000000
0.000000 0.000000
0.000000 0.000000
0.000000 0.000000
0.000000 0.000000
0.000000 0.000000
0.000000 0.000000
0.000000 0.000000
0.000000 0.000000
0.000000 0.000000
0.000000 0.000000
0.000000 0.000000
0.000000 0.000000
0.000000 0.000000
0.000000 0.000000
0.000000 0.000000
0.000000 0.000000
0.000000 0.000000
0.000000 0.000000
0.000000 0.000000
0.000000 0.000000
0.000000 0.000000
0.000000 0.000000
0.000000 0.000000
0.000000 0.000000
0.000000 0.000000
0.000000 0.000000
0.000000 0.000000
0.000000 0.000000
0.000000 0.000000
0.000000 0.000000
0.000000 0.000000
0.000000 0.000000
0.000000 0.000000
0.000000 0.000000
0.000000 0.000000
0.000000 0.000000
0.000000 0.000000
0.000000 0.000000
0.000000 0.000000
0.000000 0.000000
0.000000 0.000000
0.000000 0.000000
0.000000 0.000000
0.000000 0.000000
0.000000 0.000000
0.000000 0.000000
0.000000 0.000000
0.000000 0.000000
0.000000 0.000000
0.000000 0.000000
0.000000 0.000000
0.000000 0.000000
0.000000 0.000000
0.000000 0.000000
0.000000 0.000000
0.000000 0.000000
0.000000 0.000000
0.000000 0.000000
0.000000 0.000000
0.000000 0.000000
0.000000 0.000000
0.000000 0.000000
0.000000 0.000000
0.000000 0.000000
0.000000 0.000000
0.000000 0.000000
0.000000 0.000000
0.000000 0.000000
0.000000 0.000000
0.000000 0.000000
0.000000 0.000000
0.000000 0.000000
0.000000 0.000000
0.000000 0.000000
0.000000 0.000000
0.000000 0.000000
0.000000 0.000000
0.000000 0.000000
0.000000 0.000000
0.000000 0.000000
0.000000 0.000000
0.000000 0.000000
0.000000 0.000000
0.000000 0.000000
0.000000 0.000000
0.000000 0.000000
0.000000 0.000000
0.000000 0.000000
0.000000 0.000000
0.000000 0.000000
0.000000 0.000000
0.000000 0.000000
0.000000 0.000000
0.000000 0.000000
0.000000 0.000000
0.000000 0.000000
0.000000 0.000000
0.000000 0.000000
0.000000 0.000000
0.000000 0.000000
0.000000 0.000000
0.000000 0.000000
0.000000 0.000000
0.000000 0.000000
0.000000 0.000000
0.000000 0.000000
0.000000 0.000000
0.000000 0.000000
0.000000 0.000000
0.000000 0.000000
0.000000 0.000000
0.000000 0.000000
0.000000 0.000000
0.000000 0.000000
0.000000 0.000000
0.000000 0.000000
0.000000 0.000000
0.000000 0.000000
0.000000 0.000000
0.000000 0.000000
0.000000 0.000000
0.000000 0.000000
0.000000 0.000000
0.000000 0.000000
0.000000 0.000000
0.000000 0.000000
0.000000 0.000000
0.000000 0.000000
0.000000 0.000000
0.000000 0.000000
0.000000 0.000000
0.000000 0.000000
0.000000 0.000000
0.000000 0.000000
0.000000 0.000000
0.000000 0.000000
0.000000 0.000000
0.000000 0.000000
0.000000 0.000000
0.000000 0.000000
0.000000 0.000000
0.000000 0.000000
0.000000 0.000000
0.000000 0.000000
0.000000 0.000000
0.000000 0.000000
0.000000 0.000000
0.000000 0.000000
0.000000 0.000000
0.000000 0.000000
0.000000 0.000000
0.000000 0.000000
0.000000 0.000000
0.000000 0.000000
0.000000 0.000000
0.000000 0.000000
0.000000 0.000000
0.000000 0.000000
0.000000 0.000000
0.000000 0.000000
0.000000 0.000000
0.000000 0.000000
0.000000 0.000000
0.000000 0.000000
0.000000 0.000000
0.000000 0.000000
0.000000 0.000000
0.000000 0.000000
0.000000 0.000000
0.000000 0.000000
0.000000 0.000000
0.000000 0.000000
0.000000 0.000000
0.000000 0.000000
0.000000 0.000000
0.000000 0.000000
0.000000 0.000000
0.000000 0.000000
0.000000 0.000000
0.000000 0.000000
0.000000 0.000000
0.000000 0.000000
0.000000 0.000000
0.000000 0.000000
0.000000 0.000000
0.000000 0.000000
0.000000 0.000000
0.000000 0.000000
0.000000 0.000000
0.000000 0.000000
0.000000 0.000000
0.000000 0.000000
0.000000 0.000000
0.000000 0.000000
0.000000 0.000000
0.000000 0.000000
0.000000 0.000000
0.000000 0.000000
0.000000 0.000000
0.000000 0.000000
0.000000 0.000000
0.000000 0.000000
0.000000 0.000000
0.000000 0.000000
0.000000 0.000000
0.000000 0.000000
0.000000 0.000000
0.000000 0.000000
0.000000 0.000000
0.000000 0.000000
0.000000 0.000000
0.000000 0.000000
0.000000 0.000000
0.000000 0.000000
0.000000 0.000000
0.000000 0.000000
0.000000 0.000000
0.000000 0.000000
0.000000 0.000000
0.000000 0.000000
0.000000 0.000000
0.000000 0.000000
0.000000 0.000000
0.000000 0.000000
0.000000 0.000000
0.000000 0.000000
0.000000 0.000000
0.000000 0.000000
0.000000 0.000000
0.000000 0.000000
0.000000 0.000000
0.000000 0.000000
0.000000 0.000000
0.000000 0.000000
0.000000 0.000000
0.000000 0.000000
0.000000 0.000000
0.000000 0.000000
0.000000 0.000000
0.000000 0.000000
0.000000 0.000000
0.000000 0.000000
0.000000 0.000000
0.000000 0.000000
0.000000 0.000000
0.000000 0.000000
0.000000 0.000000
0.000000 0.000000
0.000000 0.000000
0.000000 0.000000
0.000000 0.000000
0.000000 0.000000
0.000000 0.000000
0.000000 0.000000
0.000000 0.000000
0.000000 0.000000
0.000000 0.000000
0.000000 0.000000
0.000000 0.000000
0.000000 0.000000
0.000000 0.000000
0.000000 0.000000
0.000000 0.000000
0.000000 0.000000
0.000000 0.000000
0.000000 0.000000
0.000000 0.000000
0.000000 0.000000
0.000000 0.000000
0.000000 0.000000
0.000000 0.000000
0.000000 0.000000
0.000000 0.000000
0.000000 0.000000
0.000000 0.000000
0.000000 0.000000
0.000000 0.000000
0.000000 0.000000
0.000000 0.000000
0.000000 0.000000
0.000000 0.000000
0.000000 0.000000
0.000000 0.000000
0.000000 0.000000
0.000000 0.000000
0.000000 0.000000
0.000000 0.000000
0.000000 0.000000
0.000000 0.000000
0.000000 0.000000
0.000000 0.000000
0.000000 0.000000
0.000000 0.000000
0.000000 0.000000
0.000000 0.000000
0.000000 0.000000
0.000000 0.000000
0.000000 0.000000
0.000000 0.000000
0.000000 0.000000
0.000000 0.000000
0.000000 0.000000
0.000000 0.000000
0.000000 0.000000
0.000000 0.000000
0.000000 0.000000
0.000000 0.000000
0.000000 0.000000
0.000000 0.000000
0.000000 0.000000
0.000000 0.000000
0.000000 0.000000
0.000000 0.000000
0.000000 0.000000
0.000000 0.000000
0.000000 0.000000
0.000000 0.000000
0.000000 0.000000
0.000000 0.000000
0.000000 0.000000
0.000000 0.000000
0.000000 0.000000
0.000000 0.000000
0.000000 0.000000
0.000000 0.000000
0.000000 0.000000
0.000000 0.000000
0.000000 0.000000
0.000000 0.000000
0.000000 0.000000
0.000000 0.000000
0.000000 0.000000
0.000000 0.000000
0.000000 0.000000
0.000000 0.000000
0.000000 0.000000
0.000000 0.000000
0.000000 0.000000
0.000000 0.000000
0.000000 0.000000
0.000000 0.000000
0.000000 0.000000
0.000000 0.000000
0.000000 0.000000
0.000000 0.000000
0.000000 0.000000
0.000000 0.000000
0.000000 0.000000
0.000000 0.000000
0.000000 0.000000
0.000000 0.000000
0.000000 0.000000
0.000000 0.000000
0.000000 0.000000
0.000000 0.000000
0.000000 0.000000
0.000000 0.000000
0.000000 0.000000
0.000000 0.000000
0.000000 0.000000
0.000000 0.000000
0.000000 0.000000
0.000000 0.000000
0.000000 0.000000
0.000000 0.000000
0.000000 0.000000
0.000000 0.000000
0.000000 0.000000
0.000000 0.000000
0.000000 0.000000
0.000000 0.000000
0.000000 0.000000
0.000000 0.000000
0.000000 0.000000
0.000000 0.000000
0.000000 0.000000
0.000000 0.000000
0.000000 0.000000
0.000000 0.000000
0.000000 0.000000
0.000000 0.000000
0.000000 0.000000
0.000000 0.000000
0.000000 0.000000
0.000000 0.000000
0.000000 0.000000
0.000000 0.000000
0.000000 0.000000
0.000000 0.000000
0.000000 0.000000
0.000000 0.000000
0.000000 0.000000
0.000000 0.000000
0.000000 0.000000
0.000000 0.000000
0.000000 0.000000
0.000000 0.000000
0.000000 0.000000
0.000000 0.000000
0.000000 0.000000
0.000000 0.000000
0.000000 0.000000
0.000000 0.000000
0.000000 0.000000
0.000000 0.000000
0.000000 0.000000
0.000000 0.000000
0.000000 0.000000
0.000000 0.000000
0.000000 0.000000
0.000000 0.000000
0.000000 0.000000
0.000000 0.000000
0.000000 0.000000
0.000000 0.000000
0.000000 0.000000
0.000000 0.000000
0.000000 0.000000
