7534428.045593 0.000000
7127433.135244 0.000000
6854411.423160 0.000000
6630178.727178 0.000000
6323249.116975 0.000000
5915265.024490 0.000000
5765313.675744 0.000000
5663450.079322 0.000000
5645219.447346 0.000000
5600786.741419 0.000000
5437803.340707 0.000000
5419862.738313 0.000000
5383623.442267 0.000000
5188996.794523 0.000000
5240500.286768 0.000000
4641356.086951 0.000000
4169348.323134 0.000000
3805540.578874 0.000000
3472149.721266 0.000000
3142425.077450 0.000000
3111920.263496 0.000000
3417020.226434 0.000000
3697074.269538 0.000000
3535722.953702 0.000000
3266572.195274 0.000000
3003359.877596 0.000000
2712035.259469 0.000000
2488417.650634 0.000000
2451014.172629 0.000000
2233836.605972 0.000000
2215557.159284 0.000000
2263620.854927 0.000000
2143690.398191 0.000000
1882709.361618 0.000000
1819232.580423 0.000000
1805995.466560 0.000000
1780789.740161 0.000000
1785696.681291 0.000000
1650017.645971 0.000000
1353671.665282 0.000000
1140477.126797 0.000000
1320684.157666 0.000000
1530461.029058 0.000000
1831545.043865 0.000000
1965335.103968 0.000000
1808907.428072 0.000000
1617636.642854 0.000000
1547670.849851 0.000000
1384762.421051 0.000000
1528040.527763 0.000000
1478996.484809 0.000000
1560375.347400 0.000000
1637213.666929 0.000000
1574101.312443 0.000000
1469235.619802 0.000000
1280498.469729 0.000000
1078849.335621 0.000000
1262598.693343 0.000000
1404125.893201 0.000000
1488481.891830 0.000000
1466115.274311 0.000000
1263725.847446 0.000000
942120.838631 0.000000
233274.570099 0.000000
140140.041636 0.000000
149552.901819 0.000000
146514.975839 0.000000
126959.976653 0.000000
75454.661379 0.000000
20823.482357 0.000000
30423.741441 0.000000
38622.786570 0.000000
48677.606801 0.000000
60348.656835 0.000000
72798.891843 0.000000
91399.823107 0.000000
108665.824956 0.000000
123008.658372 0.000000
143437.537096 0.000000
160312.559360 0.000000
167342.724266 0.000000
163472.324798 0.000000
130375.117638 0.000000
118817.994426 0.000000
41482.512282 0.000000
14811.465990 0.000000
20700.131941 0.000000
25306.725647 0.000000
29146.797777 0.000000
42343.996064 0.000000
44736.257559 0.000000
55351.317068 0.000000
61650.095468 0.000000
76468.391559 0.000000
87432.296617 0.000000
98295.042585 0.000000
113119.633067 0.000000
131694.244992 0.000000
144493.836579 0.000000
155468.241817 0.000000
161019.839374 0.000000
147568.270155 0.000000
131381.039066 0.000000
109210.168392 0.000000
73860.200015 0.000000
44316.938728 0.000000
55318.160389 0.000000
65411.098288 0.000000
77483.864625 0.000000
90659.795096 0.000000
103500.767605 0.000000
116475.507210 0.000000
125350.816885 0.000000
124962.929720 0.000000
110402.396561 0.000000
90637.440783 0.000000
91260.663614 0.000000
108274.744105 0.000000
117256.028114 0.000000
124147.748176 0.000000
118966.808075 0.000000
96985.035568 0.000000
28306.675674 0.000000
4203.046400 0.000000
3979.113600 0.000000
3268.557600 0.000000
1279.377702 0.000000
0.000000 0.000000
0.000000 0.000000
0.000000 0.000000
0.000000 0.000000
0.000000 0.000000
0.000000 0.000000
0.000000 0.000000
0.000000 0.000000
0.000000 0.000000
0.000000 0.000000
0.000000 0.000000
0.000000 0.000000
81.173337 0.000000
104.952479 0.000000
128.538453 0.000000
198.137367 0.000000
243.570803 0.000000
277.109950 0.000000
353.667933 0.000000
427.811316 0.000000
554.720688 0.000000
771.902788 0.000000
938.419872 0.000000
1193.672585 0.000000
1413.300883 0.000000
1755.317280 0.000000
2093.174479 0.000000
2172.488132 0.000000
2094.699258 0.000000
1077.585192 0.000000
1297.417294 0.000000
1541.893540 0.000000
1809.666784 0.000000
1848.092663 0.000000
1821.577253 0.000000
2077.262064 0.000000
2391.500793 0.000000
2543.263880 0.000000
2551.439939 0.000000
2290.068186 0.000000
2055.704588 0.000000
2170.307890 0.000000
2529.412389 0.000000
2791.345589 0.000000
3010.589018 0.000000
3083.814573 0.000000
2774.492820 0.000000
1664.616697 0.000000
355.092379 0.000000
0.000000 0.000000
0.000000 0.000000
90.227391 0.000000
90.227391 0.000000
179.730064 0.000000
356.738295 0.000000
573.610275 0.000000
616.187575 0.000000
827.437420 0.000000
925.311944 0.000000
1044.807878 0.000000
1305.621953 0.000000
1641.307771 0.000000
1908.096597 0.000000
2471.630089 0.000000
3327.445029 0.000000
4072.636553 0.000000
5040.781792 0.000000
5761.307808 0.000000
6398.622753 0.000000
7023.768862 0.000000
7238.574723 0.000000
6806.022655 0.000000
7241.661098 0.000000
7036.429249 0.000000
6634.924139 0.000000
7063.148544 0.000000
7070.631599 0.000000
5790.044431 0.000000
4785.168084 0.000000
5056.043659 0.000000
4388.774926 0.000000
3920.384020 0.000000
4106.984762 0.000000
4834.242650 0.000000
6011.091581 0.000000
6661.407576 0.000000
7217.288578 0.000000
7316.950116 0.000000
6473.194653 0.000000
3336.994774 0.000000
2315.846882 0.000000
2272.181619 0.000000
2101.208140 0.000000
2167.537265 0.000000
2477.573058 0.000000
2775.636380 0.000000
3055.456401 0.000000
3345.762296 0.000000
3486.490808 0.000000
3376.337330 0.000000
2901.836972 0.000000
2880.913707 0.000000
2342.548251 0.000000
1104.071130 0.000000
1246.576978 0.000000
1433.984765 0.000000
1550.949116 0.000000
1649.536317 0.000000
1635.423087 0.000000
1419.746277 0.000000
1013.995050 0.000000
1087.880133 0.000000
1110.422847 0.000000
1038.719375 0.000000
785.473363 0.000000
707.119380 0.000000
529.106432 0.000000
197.458665 0.000000
18.298207 0.000000
23.041104 0.000000
27.207125 0.000000
35.591008 0.000000
42.947436 0.000000
50.438614 0.000000
61.627606 0.000000
72.690459 0.000000
82.516586 0.000000
94.201011 0.000000
98.472979 0.000000
92.989141 0.000000
65.968307 0.000000
57.609225 0.000000
54.663497 0.000000
33.602952 0.000000
14.813298 0.000000
4.495948 0.000000
5.683443 0.000000
7.086220 0.000000
8.739586 0.000000
10.355061 0.000000
11.471083 0.000000
12.779997 0.000000
13.451677 0.000000
12.916916 0.000000
10.558287 0.000000
5.015208 0.000000
0.000000 0.000000
0.000000 0.000000
0.000000 0.000000
0.000000 0.000000
0.000000 0.000000
0.000000 0.000000
0.000000 0.000000
0.000000 0.000000
0.000000 0.000000
0.000000 0.000000
0.000000 0.000000
0.000000 0.000000
0.000000 0.000000
0.000000 0.000000
0.000000 0.000000
0.000000 0.000000
0.000000 0.000000
8.287218 0.000000
16.507872 0.000000
24.661962 0.000000
32.749488 0.000000
44.747649 0.000000
72.155376 0.000000
102.508560 0.000000
120.763737 0.000000
156.175785 0.000000
169.954533 0.000000
215.484309 0.000000
274.326885 0.000000
325.913985 0.000000
384.606792 0.000000
441.876818 0.000000
482.464240 0.000000
484.282160 0.000000
419.157168 0.000000
241.743609 0.000000
168.851145 0.000000
19.959680 0.000000
0.000000 0.000000
0.000000 0.000000
0.000000 0.000000
0.000000 0.000000
0.000000 0.000000
0.000000 0.000000
0.000000 0.000000
0.000000 0.000000
0.000000 0.000000
0.000000 0.000000
0.000000 0.000000
0.000000 0.000000
0.000000 0.000000
0.000000 0.000000
0.000000 0.000000
0.000000 0.000000
2.570925 0.000000
5.121200 0.000000
10.159800 0.000000
12.648125 0.000000
22.394925 0.000000
27.144425 0.000000
34.113800 0.000000
47.495000 0.000000
67.138599 0.000000
81.330377 0.000000
95.550573 0.000000
115.227744 0.000000
159.786178 0.000000
203.342431 0.000000
237.530897 0.000000
251.307582 0.000000
262.866329 0.000000
238.751066 0.000000
258.608383 0.000000
301.642756 0.000000
402.545357 0.000000
500.596111 0.000000
656.562545 0.000000
784.275093 0.000000
1056.509335 0.000000
1344.924131 0.000000
1653.947726 0.000000
1938.629836 0.000000
2102.654822 0.000000
2104.887575 0.000000
1944.937663 0.000000
2089.963621 0.000000
2089.601125 0.000000
1745.079506 0.000000
906.282585 0.000000
745.129620 0.000000
546.658659 0.000000
662.540393 0.000000
772.002934 0.000000
833.722568 0.000000
927.544147 0.000000
1038.419589 0.000000
1070.290590 0.000000
1006.641214 0.000000
887.318523 0.000000
938.400429 0.000000
893.286428 0.000000
705.071175 0.000000
592.999844 0.000000
385.600041 0.000000
312.468507 0.000000
353.254955 0.000000
390.310423 0.000000
407.233075 0.000000
395.035380 0.000000
336.882554 0.000000
209.163294 0.000000
135.148291 0.000000
157.673818 0.000000
197.721824 0.000000
248.998977 0.000000
275.864693 0.000000
313.263659 0.000000
357.392130 0.000000
369.555280 0.000000
361.643237 0.000000
323.634659 0.000000
51.193701 0.000000
16.965615 0.000000
33.794960 0.000000
58.766559 0.000000
66.976947 0.000000
91.471596 0.000000
115.625567 0.000000
170.917220 0.000000
200.897060 0.000000
267.431171 0.000000
371.507796 0.000000
410.753700 0.000000
503.809602 0.000000
568.640397 0.000000
677.707748 0.000000
784.943871 0.000000
886.583708 0.000000
917.762177 0.000000
765.680865 0.000000
522.945533 0.000000
455.220525 0.000000
245.641293 0.000000
67.471674 0.000000
90.663465 0.000000
125.080662 0.000000
150.112125 0.000000
173.925657 0.000000
210.821301 0.000000
238.186422 0.000000
260.573362 0.000000
254.803161 0.000000
208.747647 0.000000
96.536002 0.000000
7.329243 0.000000
0.000000 0.000000
0.000000 0.000000
0.000000 0.000000
0.000000 0.000000
0.000000 0.000000
0.000000 0.000000
0.000000 0.000000
0.000000 0.000000
0.000000 0.000000
0.000000 0.000000
0.000000 0.000000
0.000000 0.000000
0.000000 0.000000
0.000000 0.000000
0.000000 0.000000
0.000000 0.000000
0.000000 0.000000
0.000000 0.000000
0.000000 0.000000
0.000000 0.000000
0.000000 0.000000
0.000000 0.000000
0.000000 0.000000
0.000000 0.000000
0.000000 0.000000
0.000000 0.000000
0.000000 0.000000
0.000000 0.000000
0.000000 0.000000
0.000000 0.000000
0.000000 0.000000
0.000000 0.000000
0.000000 0.000000
0.000000 0.000000
0.000000 0.000000
0.000000 0.000000
0.000000 0.000000
0.000000 0.000000
0.000000 0.000000
0.000000 0.000000
0.000000 0.000000
0.000000 0.000000
0.000000 0.000000
0.000000 0.000000
0.000000 0.000000
0.000000 0.000000
0.000000 0.000000
0.000000 0.000000
0.000000 0.000000
0.000000 0.000000
0.000000 0.000000
0.000000 0.000000
0.000000 0.000000
0.000000 0.000000
0.000000 0.000000
0.000000 0.000000
0.000000 0.000000
0.000000 0.000000
0.000000 0.000000
0.000000 0.000000
0.000000 0.000000
0.000000 0.000000
0.000000 0.000000
0.000000 0.000000
0.000000 0.000000
0.000000 0.000000
0.000000 0.000000
0.000000 0.000000
0.000000 0.000000
0.000000 0.000000
0.000000 0.000000
0.000000 0.000000
0.000000 0.000000
0.000000 0.000000
0.000000 0.000000
0.000000 0.000000
0.000000 0.000000
0.000000 0.000000
0.000000 0.000000
0.000000 0.000000
0.000000 0.000000
0.000000 0.000000
0.000000 0.000000
0.000000 0.000000
0.000000 0.000000
0.000000 0.000000
0.000000 0.000000
0.000000 0.000000
0.000000 0.000000
0.000000 0.000000
0.000000 0.000000
0.000000 0.000000
0.000000 0.000000
0.000000 0.000000
0.000000 0.000000
0.000000 0.000000
0.000000 0.000000
0.000000 0.000000
0.000000 0.000000
0.000000 0.000000
0.000000 0.000000
0.000000 0.000000
0.000000 0.000000
0.000000 0.000000
0.000000 0.000000
0.000000 0.000000
0.000000 0.000000
0.000000 0.000000
0.000000 0.000000
0.000000 0.000000
0.000000 0.000000
0.000000 0.000000
0.000000 0.000000
0.000000 0.000000
0.000000 0.000000
0.000000 0.000000
0.000000 0.000000
0.000000 0.000000
0.000000 0.000000
0.000000 0.000000
0.000000 0.000000
0.000000 0.000000
0.000000 0.000000
0.000000 0.000000
0.000000 0.000000
0.000000 0.000000
0.000000 0.000000
0.000000 0.000000
0.000000 0.000000
0.000000 0.000000
0.000000 0.000000
0.000000 0.000000
0.000000 0.000000
0.000000 0.000000
0.000000 0.000000
0.000000 0.000000
0.000000 0.000000
0.000000 0.000000
0.000000 0.000000
0.000000 0.000000
0.000000 0.000000
0.000000 0.000000
0.000000 0.000000
0.000000 0.000000
0.000000 0.000000
0.000000 0.000000
0.000000 0.000000
0.000000 0.000000
0.000000 0.000000
0.000000 0.000000
0.000000 0.000000
0.000000 0.000000
0.000000 0.000000
0.000000 0.000000
0.000000 0.000000
0.000000 0.000000
0.000000 0.000000
0.000000 0.000000
0.000000 0.000000
0.000000 0.000000
0.000000 0.000000
0.000000 0.000000
0.000000 0.000000
0.000000 0.000000
0.000000 0.000000
0.000000 0.000000
0.000000 0.000000
0.000000 0.000000
0.000000 0.000000
0.000000 0.000000
0.000000 0.000000
0.000000 0.000000
0.000000 0.000000
0.000000 0.000000
0.000000 0.000000
0.000000 0.000000
0.000000 0.000000
0.000000 0.000000
0.000000 0.000000
0.000000 0.000000
0.000000 0.000000
0.000000 0.000000
0.000000 0.000000
0.000000 0.000000
0.000000 0.000000
0.000000 0.000000
0.000000 0.000000
0.000000 0.000000
0.000000 0.000000
0.000000 0.000000
0.000000 0.000000
0.000000 0.000000
0.000000 0.000000
0.000000 0.000000
0.000000 0.000000
0.000000 0.000000
0.000000 0.000000
0.000000 0.000000
0.000000 0.000000
0.000000 0.000000
0.000000 0.000000
0.000000 0.000000
0.000000 0.000000
0.000000 0.000000
0.000000 0.000000
0.000000 0.000000
0.000000 0.000000
0.000000 0.000000
0.000000 0.000000
0.000000 0.000000
0.000000 0.000000
0.000000 0.000000
0.000000 0.000000
0.000000 0.000000
0.000000 0.000000
0.000000 0.000000
0.000000 0.000000
0.000000 0.000000
0.000000 0.000000
0.000000 0.000000
0.000000 0.000000
0.000000 0.000000
0.000000 0.000000
0.000000 0.000000
0.000000 0.000000
0.000000 0.000000
0.000000 0.000000
0.000000 0.000000
0.000000 0.000000
0.000000 0.000000
0.000000 0.000000
0.000000 0.000000
0.000000 0.000000
0.000000 0.000000
0.000000 0.000000
0.000000 0.000000
0.000000 0.000000
0.000000 0.000000
0.000000 0.000000
0.000000 0.000000
0.000000 0.000000
0.000000 0.000000
0.000000 0.000000
0.000000 0.000000
0.000000 0.000000
0.000000 0.000000
0.000000 0.000000
0.000000 0.000000
0.000000 0.000000
0.000000 0.000000
0.000000 0.000000
0.000000 0.000000
0.000000 0.000000
0.000000 0.000000
0.000000 0.000000
0.000000 0.000000
0.000000 0.000000
0.000000 0.000000
0.000000 0.000000
0.000000 0.000000
0.000000 0.000000
0.000000 0.000000
0.000000 0.000000
0.000000 0.000000
0.000000 0.000000
0.000000 0.000000
0.000000 0.000000
0.000000 0.000000
0.000000 0.000000
0.000000 0.000000
0.000000 0.000000
0.000000 0.000000
0.000000 0.000000
0.000000 0.000000
0.000000 0.000000
0.000000 0.000000
0.000000 0.000000
0.000000 0.000000
0.000000 0.000000
0.000000 0.000000
0.000000 0.000000
0.000000 0.000000
0.000000 0.000000
0.000000 0.000000
0.000000 0.000000
0.000000 0.000000
0.000000 0.000000
0.000000 0.000000
0.000000 0.000000
0.000000 0.000000
0.000000 0.000000
0.000000 0.000000
0.000000 0.000000
0.000000 0.000000
0.000000 0.000000
0.000000 0.000000
0.000000 0.000000
0.000000 0.000000
0.000000 0.000000
0.000000 0.000000
0.000000 0.000000
0.000000 0.000000
0.000000 0.000000
0.000000 0.000000
0.000000 0.000000
0.000000 0.000000
0.000000 0.000000
0.000000 0.000000
0.000000 0.000000
0.000000 0.000000
0.000000 0.000000
0.000000 0.000000
0.000000 0.000000
0.000000 0.000000
0.000000 0.000000
0.000000 0.000000
0.000000 0.000000
0.000000 0.000000
0.000000 0.000000
0.000000 0.000000
0.000000 0.000000
0.000000 0.000000
0.000000 0.000000
0.000000 0.000000
0.000000 0.000000
0.000000 0.000000
0.000000 0.000000
0.000000 0.000000
0.000000 0.000000
0.000000 0.000000
0.000000 0.000000
0.000000 0.000000
0.000000 0.000000
0.000000 0.000000
0.000000 0.000000
0.000000 0.000000
0.000000 0.000000
0.000000 0.000000
0.000000 0.000000
0.000000 0.000000
0.000000 0.000000
0.000000 0.000000
0.000000 0.000000
0.000000 0.000000
0.000000 0.000000
0.000000 0.000000
0.000000 0.000000
0.000000 0.000000
0.000000 0.000000
0.000000 0.000000
0.000000 0.000000
0.000000 0.000000
0.000000 0.000000
0.000000 0.000000
0.000000 0.000000
0.000000 0.000000
0.000000 0.000000
0.000000 0.000000
0.000000 0.000000
0.000000 0.000000
0.000000 0.000000
0.000000 0.000000
0.000000 0.000000
0.000000 0.000000
0.000000 0.000000
0.000000 0.000000
0.000000 0.000000
0.000000 0.000000
0.000000 0.000000
0.000000 0.000000
0.000000 0.000000
0.000000 0.000000
0.000000 0.000000
0.000000 0.000000
0.000000 0.000000
0.000000 0.000000
0.000000 0.000000
0.000000 0.000000
0.000000 0.000000
0.000000 0.000000
0.000000 0.000000
0.000000 0.000000
0.000000 0.000000
0.000000 0.000000
0.000000 0.000000
0.000000 0.000000
0.000000 0.000000
0.000000 0.000000
0.000000 0.000000
0.000000 0.000000
0.000000 0.000000
0.000000 0.000000
0.000000 0.000000
0.000000 0.000000
0.000000 0.000000
0.000000 0.000000
0.000000 0.000000
0.000000 0.000000
0.000000 0.000000
0.000000 0.000000
0.000000 0.000000
0.000000 0.000000
0.000000 0.000000
0.000000 0.000000
0.000000 0.000000
0.000000 0.000000
0.000000 0.000000
0.000000 0.000000
0.000000 0.000000
0.000000 0.000000
0.000000 0.000000
0.000000 0.000000
0.000000 0.000000
0.000000 0.000000
0.000000 0.000000
0.000000 0.000000
0.000000 0.000000
0.000000 0.000000
0.000000 0.000000
0.000000 0.000000
0.000000 0.000000
0.000000 0.000000
0.000000 0.000000
0.000000 0.000000
0.000000 0.000000
0.000000 0.000000
0.000000 0.000000
0.000000 0.000000
0.000000 0.000000
0.000000 0.000000
0.000000 0.000000
0.000000 0.000000
0.000000 0.000000
0.000000 0.000000
0.000000 0.000000
0.000000 0.000000
0.000000 0.000000
0.000000 0.000000
0.824439 0.000000
1.642256 0.000000
2.453451 0.000000
3.258024 0.000000
4.055975 0.000000
5.632011 0.000000
7.181559 0.000000
8.704619 0.000000
11.305299 0.000000
16.940424 0.000000
22.464759 0.000000
25.494344 0.000000
30.513696 0.000000
34.960139 0.000000
38.660079 0.000000
45.428655 0.000000
48.917775 0.000000
50.929755 0.000000
47.257496 0.000000
32.794176 0.000000
13.600728 0.000000
0.000000 0.000000
0.000000 0.000000
0.000000 0.000000
0.000000 0.000000
0.000000 0.000000
0.000000 0.000000
0.000000 0.000000
0.000000 0.000000
0.000000 0.000000
0.000000 0.000000
0.000000 0.000000
0.000000 0.000000
0.000000 0.000000
0.000000 0.000000
0.000000 0.000000
0.000000 0.000000
0.000000 0.000000
0.000000 0.000000
0.000000 0.000000
0.000000 0.000000
0.000000 0.000000
0.000000 0.000000
0.000000 0.000000
0.000000 0.000000
0.000000 0.000000
0.000000 0.000000
0.000000 0.000000
0.000000 0.000000
0.000000 0.000000
0.000000 0.000000
0.000000 0.000000
0.000000 0.000000
0.000000 0.000000
0.000000 0.000000
0.000000 0.000000
0.000000 0.000000
0.000000 0.000000
0.000000 0.000000
0.000000 0.000000
0.000000 0.000000
0.000000 0.000000
0.000000 0.000000
0.000000 0.000000
0.000000 0.000000
0.000000 0.000000
0.000000 0.000000
0.000000 0.000000
0.000000 0.000000
0.000000 0.000000
0.000000 0.000000
0.000000 0.000000
0.000000 0.000000
0.000000 0.000000
0.000000 0.000000
0.000000 0.000000
0.000000 0.000000
0.000000 0.000000
0.000000 0.000000
0.000000 0.000000
0.000000 0.000000
0.000000 0.000000
0.000000 0.000000
0.000000 0.000000
0.000000 0.000000
0.000000 0.000000
0.000000 0.000000
0.000000 0.000000
0.000000 0.000000
0.000000 0.000000
0.000000 0.000000
0.000000 0.000000
0.000000 0.000000
0.000000 0.000000
0.000000 0.000000
0.000000 0.000000
0.000000 0.000000
0.000000 0.000000
0.000000 0.000000
0.000000 0.000000
0.000000 0.000000
0.000000 0.000000
0.000000 0.000000
0.000000 0.000000
0.000000 0.000000
0.000000 0.000000
0.000000 0.000000
0.000000 0.000000
0.000000 0.000000
0.000000 0.000000
0.000000 0.000000
0.000000 0.000000
0.000000 0.000000
0.000000 0.000000
0.000000 0.000000
0.000000 0.000000
0.000000 0.000000
0.000000 0.000000
0.000000 0.000000
0.000000 0.000000
0.000000 0.000000
0.000000 0.000000
0.000000 0.000000
0.000000 0.000000
0.000000 0.000000
0.000000 0.000000
0.000000 0.000000
0.000000 0.000000
0.000000 0.000000
0.000000 0.000000
0.000000 0.000000
0.000000 0.000000
0.000000 0.000000
0.000000 0.000000
