121158602.097094 0.000000
116810667.583066 0.000000
113380138.884656 0.000000
110576116.489814 0.000000
108951503.021504 0.000000
107763125.570774 0.000000
106690301.481704 0.000000
105031682.917870 0.000000
104313586.372434 0.000000
103450496.761174 0.000000
103731457.468342 0.000000
102239545.020206 0.000000
102703504.329562 0.000000
101197388.222448 0.000000
97998417.327002 0.000000
95222510.203845 0.000000
95238763.523161 0.000000
93283477.435862 0.000000
92091183.934527 0.000000
93723492.811555 0.000000
95515799.712250 0.000000
95216434.261195 0.000000
94447053.476351 0.000000
94147749.266899 0.000000
93420994.718610 0.000000
83069136.877378 0.000000
79785743.784828 0.000000
78179901.508218 0.000000
77326634.304890 0.000000
79479560.518203 0.000000
72231744.709966 0.000000
67693200.530695 0.000000
54232423.921522 0.000000
43065225.250343 0.000000
28605036.018578 0.000000
13724764.915973 0.000000
15452405.440592 0.000000
18623553.270938 0.000000
21811610.757957 0.000000
24875005.537550 0.000000
26616618.234511 0.000000
27266633.242306 0.000000
24536905.722569 0.000000
21474937.016236 0.000000
21630285.067715 0.000000
21295331.558806 0.000000
22599554.852997 0.000000
26726509.033857 0.000000
31205371.608060 0.000000
35702681.822959 0.000000
39696289.303613 0.000000
41506895.576302 0.000000
43010778.571062 0.000000
42744608.083265 0.000000
40313658.925276 0.000000
36021608.793975 0.000000
34830877.555695 0.000000
29093075.005805 0.000000
23328645.371764 0.000000
18034538.275202 0.000000
18126864.188988 0.000000
16630601.996709 0.000000
10756548.236962 0.000000
10103393.344887 0.000000
10668146.154644 0.000000
10296988.320645 0.000000
9496276.838337 0.000000
10812274.451113 0.000000
10025637.841395 0.000000
11461617.228832 0.000000
12109659.992737 0.000000
10154972.204351 0.000000
8584801.907108 0.000000
8228586.322846 0.000000
9371001.542103 0.000000
6354744.863661 0.000000
7004857.486925 0.000000
8326134.706356 0.000000
9589700.118086 0.000000
11041454.086241 0.000000
12437605.664640 0.000000
13283253.871196 0.000000
13529226.922242 0.000000
12237028.331778 0.000000
11550769.742308 0.000000
12405972.861518 0.000000
12647869.513525 0.000000
11579660.224980 0.000000
7936472.714569 0.000000
6531307.330808 0.000000
6740217.696829 0.000000
6389063.882827 0.000000
4942136.931654 0.000000
5192349.770326 0.000000
5468753.559696 0.000000
5907137.462390 0.000000
5840820.883996 0.000000
4459080.038474 0.000000
4482688.538535 0.000000
3451769.813467 0.000000
228538.547436 0.000000
285018.357026 0.000000
313892.678812 0.000000
397742.703086 0.000000
481659.498876 0.000000
673513.202175 0.000000
862759.476517 0.000000
1074919.185618 0.000000
1258406.843797 0.000000
1514957.434052 0.000000
1814072.494739 0.000000
2361713.471734 0.000000
2963048.383714 0.000000
3597317.826132 0.000000
4071443.837920 0.000000
4918838.146347 0.000000
5591784.885680 0.000000
6279532.555951 0.000000
6893406.543703 0.000000
7088251.605807 0.000000
6647072.691720 0.000000
5090257.059640 0.000000
1373586.078616 0.000000
81270.818230 0.000000
52340.443646 0.000000
14735.862333 0.000000
17451.422160 0.000000
21415.956166 0.000000
25850.673977 0.000000
31447.401639 0.000000
36809.495914 0.000000
40912.139308 0.000000
43950.454374 0.000000
44458.104013 0.000000
39339.533561 0.000000
22275.969776 0.000000
23349.451022 0.000000
25284.506441 0.000000
25768.195683 0.000000
23666.034102 0.000000
16301.766112 0.000000
6426.565064 0.000000
0.000000 0.000000
0.000000 0.000000
0.000000 0.000000
0.000000 0.000000
0.000000 0.000000
0.000000 0.000000
0.000000 0.000000
0.000000 0.000000
0.000000 0.000000
0.000000 0.000000
0.000000 0.000000
0.000000 0.000000
0.000000 0.000000
0.000000 0.000000
0.000000 0.000000
0.000000 0.000000
0.000000 0.000000
0.000000 0.000000
0.000000 0.000000
0.000000 0.000000
0.000000 0.000000
0.000000 0.000000
0.000000 0.000000
0.000000 0.000000
0.000000 0.000000
0.000000 0.000000
0.000000 0.000000
0.000000 0.000000
0.000000 0.000000
0.000000 0.000000
0.000000 0.000000
0.000000 0.000000
0.000000 0.000000
0.000000 0.000000
0.000000 0.000000
0.000000 0.000000
0.000000 0.000000
23.536440 0.000000
47.025760 0.000000
70.467960 0.000000
93.863040 0.000000
93.863040 0.000000
140.511840 0.000000
186.972160 0.000000
211.214928 0.000000
371.979870 0.000000
462.822956 0.000000
541.566989 0.000000
950.314623 0.000000
1131.504320 0.000000
1351.089528 0.000000
1680.715503 0.000000
2184.773867 0.000000
2774.722971 0.000000
3194.529967 0.000000
3900.210062 0.000000
4625.278261 0.000000
5702.237816 0.000000
7133.509515 0.000000
7885.289515 0.000000
9316.287164 0.000000
10098.611242 0.000000
9744.475385 0.000000
9289.560845 0.000000
9605.646536 0.000000
1484.518224 0.000000
1693.041390 0.000000
2232.766089 0.000000
3085.274236 0.000000
3959.160034 0.000000
5091.817907 0.000000
6147.554303 0.000000
7391.032561 0.000000
9017.645008 0.000000
10822.335674 0.000000
13204.816368 0.000000
16322.946210 0.000000
18801.945645 0.000000
21548.767144 0.000000
24501.648470 0.000000
26018.553520 0.000000
26373.046013 0.000000
24184.538970 0.000000
17521.430915 0.000000
13009.655770 0.000000
9501.521614 0.000000
2849.069402 0.000000
609.598323 0.000000
377.705603 0.000000
495.759828 0.000000
725.462524 0.000000
923.549582 0.000000
1123.333789 0.000000
1451.270269 0.000000
1803.789169 0.000000
2153.278501 0.000000
2615.520675 0.000000
3252.774738 0.000000
4121.002028 0.000000
4954.838258 0.000000
5799.847269 0.000000
6764.952670 0.000000
7678.608151 0.000000
8613.112572 0.000000
9897.465034 0.000000
10875.654914 0.000000
11344.390056 0.000000
11039.695738 0.000000
11011.674982 0.000000
9524.236237 0.000000
5135.924448 0.000000
2075.619750 0.000000
684.183338 0.000000
989.965382 0.000000
1292.604742 0.000000
1859.339111 0.000000
2501.208925 0.000000
3210.974322 0.000000
4169.321366 0.000000
4830.504392 0.000000
5656.646760 0.000000
6815.660495 0.000000
8136.211486 0.000000
9587.646372 0.000000
11057.747277 0.000000
12822.900255 0.000000
14227.978347 0.000000
15024.722537 0.000000
14329.731183 0.000000
10580.146118 0.000000
6324.471001 0.000000
2584.141816 0.000000
0.000000 0.000000
0.000000 0.000000
0.000000 0.000000
0.000000 0.000000
0.000000 0.000000
0.000000 0.000000
0.000000 0.000000
0.000000 0.000000
0.000000 0.000000
0.000000 0.000000
0.000000 0.000000
0.000000 0.000000
0.000000 0.000000
0.000000 0.000000
0.000000 0.000000
0.000000 0.000000
0.000000 0.000000
0.000000 0.000000
0.000000 0.000000
0.000000 0.000000
0.000000 0.000000
0.000000 0.000000
0.000000 0.000000
0.000000 0.000000
0.000000 0.000000
0.000000 0.000000
0.000000 0.000000
0.000000 0.000000
0.000000 0.000000
0.000000 0.000000
0.000000 0.000000
0.000000 0.000000
0.000000 0.000000
0.000000 0.000000
0.000000 0.000000
0.000000 0.000000
0.000000 0.000000
0.000000 0.000000
0.000000 0.000000
0.000000 0.000000
0.000000 0.000000
0.000000 0.000000
0.000000 0.000000
0.000000 0.000000
0.000000 0.000000
0.000000 0.000000
0.000000 0.000000
13.416570 0.000000
26.806280 0.000000
53.505120 0.000000
80.096520 0.000000
126.369585 0.000000
146.091540 0.000000
178.827165 0.000000
230.747545 0.000000
288.745000 0.000000
358.762305 0.000000
449.666160 0.000000
517.634496 0.000000
682.297449 0.000000
813.676076 0.000000
939.777419 0.000000
1205.425968 0.000000
1424.578129 0.000000
1664.242201 0.000000
2000.467788 0.000000
2347.866351 0.000000
2695.568193 0.000000
2938.249100 0.000000
2971.449629 0.000000
2673.576663 0.000000
2154.176652 0.000000
1919.216120 0.000000
1259.819877 0.000000
667.335379 0.000000
119.687404 0.000000
1.881180 0.000000
2.295300 0.000000
3.123960 0.000000
3.847095 0.000000
4.771620 0.000000
6.458465 0.000000
10.883922 0.000000
13.248946 0.000000
16.726423 0.000000
22.493229 0.000000
28.258554 0.000000
33.586866 0.000000
39.632218 0.000000
48.255874 0.000000
58.092145 0.000000
67.313586 0.000000
77.096819 0.000000
86.165304 0.000000
89.440512 0.000000
82.172304 0.000000
55.336371 0.000000
26.133094 0.000000
15.503176 0.000000
17.748384 0.000000
19.424927 0.000000
19.777221 0.000000
18.048862 0.000000
12.550884 0.000000
3.241975 0.000000
3.872375 0.000000
4.795216 0.000000
5.722774 0.000000
6.479136 0.000000
7.341689 0.000000
8.184033 0.000000
8.549551 0.000000
8.088861 0.000000
6.601234 0.000000
4.568556 0.000000
3.967620 0.000000
4.632420 0.000000
5.337927 0.000000
6.017059 0.000000
6.376987 0.000000
6.220012 0.000000
4.973760 0.000000
2.381833 0.000000
2.702928 0.000000
3.029380 0.000000
3.215907 0.000000
3.130052 0.000000
2.481217 0.000000
1.184226 0.000000
1.058225 0.000000
1.251645 0.000000
1.425913 0.000000
1.568768 0.000000
1.591138 0.000000
1.447417 0.000000
0.890662 0.000000
0.277932 0.000000
0.000000 0.000000
0.000000 0.000000
0.000000 0.000000
0.000000 0.000000
0.000000 0.000000
0.000000 0.000000
0.000000 0.000000
0.000000 0.000000
0.000000 0.000000
0.000000 0.000000
0.000000 0.000000
0.000000 0.000000
0.000000 0.000000
0.000000 0.000000
0.000000 0.000000
0.000000 0.000000
0.000000 0.000000
0.000000 0.000000
0.000000 0.000000
0.000000 0.000000
0.000000 0.000000
0.000000 0.000000
0.000000 0.000000
0.000000 0.000000
0.000000 0.000000
0.000000 0.000000
0.000000 0.000000
0.000000 0.000000
0.000000 0.000000
1.887111 0.000000
3.770444 0.000000
5.649999 0.000000
9.397775 0.000000
16.847991 0.000000
23.316384 0.000000
30.653264 0.000000
36.116255 0.000000
49.616471 0.000000
65.536071 0.000000
80.257655 0.000000
104.338215 0.000000
132.024895 0.000000
165.546343 0.000000
202.187700 0.000000
239.998807 0.000000
287.102819 0.000000
335.573088 0.000000
384.146629 0.000000
432.490234 0.000000
459.363698 0.000000
431.479145 0.000000
306.100622 0.000000
164.575664 0.000000
10.402448 0.000000
0.000000 0.000000
0.000000 0.000000
0.000000 0.000000
0.000000 0.000000
0.000000 0.000000
0.000000 0.000000
0.000000 0.000000
0.000000 0.000000
0.000000 0.000000
0.000000 0.000000
0.000000 0.000000
0.000000 0.000000
0.000000 0.000000
0.000000 0.000000
0.000000 0.000000
0.000000 0.000000
0.000000 0.000000
0.000000 0.000000
0.000000 0.000000
0.000000 0.000000
0.000000 0.000000
0.000000 0.000000
0.000000 0.000000
0.000000 0.000000
0.000000 0.000000
0.000000 0.000000
0.000000 0.000000
0.000000 0.000000
0.000000 0.000000
0.000000 0.000000
0.000000 0.000000
0.000000 0.000000
0.000000 0.000000
0.000000 0.000000
0.000000 0.000000
0.000000 0.000000
0.000000 0.000000
0.000000 0.000000
0.000000 0.000000
0.000000 0.000000
0.000000 0.000000
0.000000 0.000000
0.000000 0.000000
0.000000 0.000000
0.000000 0.000000
0.000000 0.000000
0.000000 0.000000
0.000000 0.000000
0.000000 0.000000
0.000000 0.000000
0.000000 0.000000
0.000000 0.000000
0.000000 0.000000
0.000000 0.000000
0.000000 0.000000
0.000000 0.000000
0.000000 0.000000
0.000000 0.000000
0.000000 0.000000
0.000000 0.000000
8.725266 0.000000
8.725266 0.000000
17.433064 0.000000
26.123394 0.000000
43.451650 0.000000
60.710034 0.000000
95.017186 0.000000
137.508096 0.000000
154.382184 0.000000
233.577729 0.000000
294.982116 0.000000
363.382437 0.000000
446.132720 0.000000
583.431200 0.000000
722.153322 0.000000
881.604837 0.000000
1039.425738 0.000000
1230.309332 0.000000
1451.988497 0.000000
1698.410642 0.000000
1868.921294 0.000000
2058.948957 0.000000
2125.758901 0.000000
1943.451272 0.000000
1378.519657 0.000000
717.190476 0.000000
109.711037 0.000000
1.090908 0.000000
2.179632 0.000000
3.266172 0.000000
4.350528 0.000000
5.972694 0.000000
8.128302 0.000000
11.345334 0.000000
15.604134 0.000000
21.926814 0.000000
31.004883 0.000000
34.588281 0.000000
40.909050 0.000000
52.071747 0.000000
67.840486 0.000000
84.654853 0.000000
107.299462 0.000000
133.575630 0.000000
160.452164 0.000000
184.833976 0.000000
205.824060 0.000000
234.995316 0.000000
253.404587 0.000000
253.105754 0.000000
214.850780 0.000000
136.203690 0.000000
95.770524 0.000000
25.155020 0.000000
22.036125 0.000000
26.465464 0.000000
32.263125 0.000000
37.006184 0.000000
42.851678 0.000000
49.574076 0.000000
55.704531 0.000000
60.594343 0.000000
60.499951 0.000000
49.889777 0.000000
37.945111 0.000000
32.707377 0.000000
18.494510 0.000000
4.538541 0.000000
1.116696 0.000000
1.430176 0.000000
1.767116 0.000000
2.183582 0.000000
2.614430 0.000000
3.272024 0.000000
3.939750 0.000000
4.590212 0.000000
5.547695 0.000000
6.382044 0.000000
7.301102 0.000000
8.027774 0.000000
8.307771 0.000000
7.540579 0.000000
4.989220 0.000000
4.243524 0.000000
4.694134 0.000000
4.850974 0.000000
4.518841 0.000000
3.090498 0.000000
1.164229 0.000000
0.000000 0.000000
0.000000 0.000000
0.000000 0.000000
0.000000 0.000000
0.000000 0.000000
0.000000 0.000000
0.000000 0.000000
0.000000 0.000000
0.000000 0.000000
0.000000 0.000000
0.000000 0.000000
0.000000 0.000000
0.000000 0.000000
0.000000 0.000000
0.000000 0.000000
0.000000 0.000000
0.000000 0.000000
0.000000 0.000000
0.000000 0.000000
0.000000 0.000000
0.000000 0.000000
0.000000 0.000000
0.000000 0.000000
0.000000 0.000000
0.000000 0.000000
0.000000 0.000000
0.000000 0.000000
0.000000 0.000000
0.000000 0.000000
0.000000 0.000000
0.000000 0.000000
0.000000 0.000000
0.000000 0.000000
0.000000 0.000000
0.000000 0.000000
0.000000 0.000000
0.000000 0.000000
0.000000 0.000000
0.000000 0.000000
0.000000 0.000000
0.000000 0.000000
0.000000 0.000000
0.000000 0.000000
0.000000 0.000000
0.000000 0.000000
0.000000 0.000000
0.000000 0.000000
0.000000 0.000000
0.000000 0.000000
0.000000 0.000000
0.000000 0.000000
0.000000 0.000000
0.000000 0.000000
0.000000 0.000000
0.000000 0.000000
0.000000 0.000000
0.000000 0.000000
0.000000 0.000000
0.000000 0.000000
0.000000 0.000000
0.000000 0.000000
0.000000 0.000000
0.000000 0.000000
0.000000 0.000000
0.000000 0.000000
0.000000 0.000000
0.000000 0.000000
0.000000 0.000000
0.000000 0.000000
0.000000 0.000000
0.000000 0.000000
0.000000 0.000000
0.000000 0.000000
0.000000 0.000000
0.000000 0.000000
0.000000 0.000000
0.000000 0.000000
0.000000 0.000000
0.000000 0.000000
0.000000 0.000000
0.000000 0.000000
0.000000 0.000000
0.000000 0.000000
0.000000 0.000000
0.000000 0.000000
0.000000 0.000000
0.000000 0.000000
0.000000 0.000000
0.000000 0.000000
0.000000 0.000000
0.000000 0.000000
0.000000 0.000000
0.000000 0.000000
0.000000 0.000000
0.000000 0.000000
0.000000 0.000000
0.000000 0.000000
0.000000 0.000000
0.000000 0.000000
0.000000 0.000000
0.000000 0.000000
0.000000 0.000000
0.000000 0.000000
0.000000 0.000000
0.000000 0.000000
0.000000 0.000000
0.000000 0.000000
0.000000 0.000000
0.000000 0.000000
0.000000 0.000000
0.000000 0.000000
0.000000 0.000000
0.000000 0.000000
0.000000 0.000000
0.000000 0.000000
0.000000 0.000000
0.000000 0.000000
0.000000 0.000000
0.000000 0.000000
0.000000 0.000000
0.000000 0.000000
0.000000 0.000000
0.000000 0.000000
0.000000 0.000000
0.000000 0.000000
0.000000 0.000000
0.000000 0.000000
0.000000 0.000000
0.000000 0.000000
0.000000 0.000000
0.000000 0.000000
0.000000 0.000000
0.000000 0.000000
0.000000 0.000000
0.000000 0.000000
0.000000 0.000000
0.000000 0.000000
0.000000 0.000000
0.000000 0.000000
0.000000 0.000000
0.000000 0.000000
0.000000 0.000000
0.000000 0.000000
0.000000 0.000000
0.000000 0.000000
0.000000 0.000000
0.000000 0.000000
0.000000 0.000000
0.000000 0.000000
0.000000 0.000000
0.000000 0.000000
0.000000 0.000000
0.000000 0.000000
0.000000 0.000000
0.000000 0.000000
0.000000 0.000000
0.000000 0.000000
0.000000 0.000000
0.000000 0.000000
0.000000 0.000000
0.000000 0.000000
0.000000 0.000000
0.000000 0.000000
0.000000 0.000000
0.000000 0.000000
0.000000 0.000000
0.000000 0.000000
0.000000 0.000000
0.000000 0.000000
0.000000 0.000000
0.000000 0.000000
0.000000 0.000000
0.000000 0.000000
0.000000 0.000000
0.000000 0.000000
0.000000 0.000000
0.000000 0.000000
0.000000 0.000000
0.000000 0.000000
0.000000 0.000000
0.000000 0.000000
0.000000 0.000000
0.000000 0.000000
0.000000 0.000000
0.000000 0.000000
0.000000 0.000000
0.000000 0.000000
0.000000 0.000000
0.000000 0.000000
0.000000 0.000000
0.000000 0.000000
0.000000 0.000000
0.000000 0.000000
0.000000 0.000000
0.000000 0.000000
0.000000 0.000000
0.000000 0.000000
0.000000 0.000000
0.000000 0.000000
0.000000 0.000000
0.000000 0.000000
0.000000 0.000000
0.000000 0.000000
0.000000 0.000000
0.000000 0.000000
0.000000 0.000000
0.000000 0.000000
0.000000 0.000000
0.000000 0.000000
0.000000 0.000000
0.000000 0.000000
0.000000 0.000000
0.000000 0.000000
0.000000 0.000000
0.000000 0.000000
0.000000 0.000000
0.000000 0.000000
0.000000 0.000000
0.000000 0.000000
0.000000 0.000000
0.000000 0.000000
0.000000 0.000000
0.000000 0.000000
0.000000 0.000000
0.000000 0.000000
0.000000 0.000000
0.000000 0.000000
0.000000 0.000000
0.000000 0.000000
0.000000 0.000000
0.000000 0.000000
0.000000 0.000000
0.000000 0.000000
0.000000 0.000000
0.000000 0.000000
0.000000 0.000000
0.000000 0.000000
0.000000 0.000000
0.000000 0.000000
0.000000 0.000000
0.000000 0.000000
0.000000 0.000000
0.000000 0.000000
0.000000 0.000000
0.000000 0.000000
0.000000 0.000000
0.000000 0.000000
0.000000 0.000000
0.000000 0.000000
0.000000 0.000000
0.000000 0.000000
0.000000 0.000000
0.000000 0.000000
0.000000 0.000000
0.000000 0.000000
0.000000 0.000000
0.000000 0.000000
0.000000 0.000000
0.000000 0.000000
0.000000 0.000000
0.000000 0.000000
0.000000 0.000000
0.000000 0.000000
0.000000 0.000000
0.000000 0.000000
0.000000 0.000000
0.000000 0.000000
0.000000 0.000000
0.000000 0.000000
0.000000 0.000000
0.000000 0.000000
0.000000 0.000000
0.000000 0.000000
0.000000 0.000000
0.000000 0.000000
0.000000 0.000000
0.000000 0.000000
0.000000 0.000000
0.000000 0.000000
0.000000 0.000000
0.000000 0.000000
0.000000 0.000000
0.000000 0.000000
0.000000 0.000000
0.000000 0.000000
0.000000 0.000000
0.000000 0.000000
0.000000 0.000000
0.000000 0.000000
0.000000 0.000000
0.000000 0.000000
0.000000 0.000000
0.000000 0.000000
0.000000 0.000000
0.000000 0.000000
0.000000 0.000000
0.000000 0.000000
0.000000 0.000000
0.000000 0.000000
0.000000 0.000000
0.000000 0.000000
0.000000 0.000000
0.000000 0.000000
0.000000 0.000000
0.000000 0.000000
0.000000 0.000000
0.000000 0.000000
0.000000 0.000000
0.000000 0.000000
0.000000 0.000000
0.000000 0.000000
0.000000 0.000000
0.000000 0.000000
0.000000 0.000000
0.000000 0.000000
0.000000 0.000000
0.000000 0.000000
0.000000 0.000000
0.000000 0.000000
0.000000 0.000000
0.000000 0.000000
0.000000 0.000000
0.000000 0.000000
0.000000 0.000000
0.000000 0.000000
0.000000 0.000000
0.000000 0.000000
0.000000 0.000000
0.000000 0.000000
0.000000 0.000000
0.000000 0.000000
0.000000 0.000000
0.000000 0.000000
0.000000 0.000000
0.000000 0.000000
0.000000 0.000000
0.000000 0.000000
0.000000 0.000000
0.000000 0.000000
0.000000 0.000000
0.000000 0.000000
0.000000 0.000000
0.000000 0.000000
0.000000 0.000000
0.000000 0.000000
0.000000 0.000000
0.000000 0.000000
0.000000 0.000000
0.000000 0.000000
0.000000 0.000000
0.000000 0.000000
0.000000 0.000000
0.000000 0.000000
0.000000 0.000000
0.000000 0.000000
0.000000 0.000000
0.000000 0.000000
0.000000 0.000000
0.000000 0.000000
0.000000 0.000000
0.000000 0.000000
0.000000 0.000000
0.000000 0.000000
0.000000 0.000000
0.000000 0.000000
0.000000 0.000000
0.000000 0.000000
0.000000 0.000000
0.000000 0.000000
0.000000 0.000000
0.000000 0.000000
0.000000 0.000000
0.000000 0.000000
0.000000 0.000000
0.000000 0.000000
0.000000 0.000000
0.000000 0.000000
0.000000 0.000000
0.000000 0.000000
0.000000 0.000000
0.000000 0.000000
0.000000 0.000000
0.000000 0.000000
0.000000 0.000000
0.000000 0.000000
0.000000 0.000000
