4833782.936089 0.000000
4710078.510162 0.000000
4595212.335867 0.000000
4541857.285098 0.000000
4463736.915243 0.000000
4384991.893796 0.000000
4304443.017901 0.000000
4224238.898559 0.000000
4014919.285248 0.000000
3911374.874375 0.000000
3775648.414467 0.000000
3653295.396089 0.000000
3466052.681346 0.000000
3064815.479248 0.000000
2759487.121505 0.000000
2313341.376470 0.000000
1646075.924198 0.000000
704439.251431 0.000000
879863.237318 0.000000
1171513.799663 0.000000
1396704.096784 0.000000
1181744.960890 0.000000
1378517.287192 0.000000
1576401.011791 0.000000
1850576.433940 0.000000
2016533.818631 0.000000
2088896.012819 0.000000
2088226.898624 0.000000
2033037.351414 0.000000
1825424.636605 0.000000
1724966.391990 0.000000
1043386.249755 0.000000
868156.641704 0.000000
801722.322840 0.000000
457558.065415 0.000000
217198.506170 0.000000
263592.861165 0.000000
312105.470106 0.000000
358861.909685 0.000000
398149.114842 0.000000
410199.997387 0.000000
371245.892082 0.000000
255802.706797 0.000000
167042.437261 0.000000
150933.373308 0.000000
177301.675370 0.000000
191616.987472 0.000000
203122.568596 0.000000
202510.550611 0.000000
178456.481712 0.000000
106801.333777 0.000000
88446.895361 0.000000
49478.825040 0.000000
20901.408722 0.000000
23705.333131 0.000000
29267.409353 0.000000
38639.365361 0.000000
44771.640491 0.000000
55434.664404 0.000000
64942.251141 0.000000
72845.807118 0.000000
80893.706553 0.000000
88661.978649 0.000000
88216.400912 0.000000
71324.127032 0.000000
49353.050565 0.000000
24447.683792 0.000000
23291.828162 0.000000
27933.614570 0.000000
32781.047144 0.000000
41553.460995 0.000000
45999.084545 0.000000
48792.894375 0.000000
51638.317126 0.000000
51252.733347 0.000000
40717.113366 0.000000
26893.834101 0.000000
27747.581813 0.000000
28943.504449 0.000000
26547.786860 0.000000
17283.837759 0.000000
10514.166563 0.000000
12572.332454 0.000000
13957.575518 0.000000
14937.975904 0.000000
12226.772928 0.000000
4492.525342 0.000000
5505.213015 0.000000
6620.228406 0.000000
8509.275440 0.000000
10175.641953 0.000000
11946.354226 0.000000
13742.988592 0.000000
15029.001791 0.000000
15690.846705 0.000000
16484.420105 0.000000
16184.653012 0.000000
14363.730045 0.000000
9464.819431 0.000000
6848.903617 0.000000
7543.949401 0.000000
7704.357813 0.000000
7323.466067 0.000000
6274.977058 0.000000
7031.134431 0.000000
7662.919243 0.000000
7651.860954 0.000000
6926.152824 0.000000
6988.212312 0.000000
7142.366492 0.000000
6483.881745 0.000000
5001.513434 0.000000
5083.504338 0.000000
4706.799738 0.000000
3892.141543 0.000000
3565.620654 0.000000
4272.708405 0.000000
4990.186318 0.000000
5332.110106 0.000000
5195.020932 0.000000
4449.456939 0.000000
4704.807283 0.000000
4671.692599 0.000000
4546.978067 0.000000
3697.702035 0.000000
2684.507442 0.000000
2225.705590 0.000000
1865.840909 0.000000
2186.683938 0.000000
2394.221299 0.000000
2518.801147 0.000000
2382.903707 0.000000
2479.036641 0.000000
2297.640173 0.000000
1716.683938 0.000000
468.505331 0.000000
0.000000 0.000000
0.000000 0.000000
0.000000 0.000000
0.000000 0.000000
0.000000 0.000000
0.000000 0.000000
0.000000 0.000000
0.000000 0.000000
0.000000 0.000000
0.000000 0.000000
0.000000 0.000000
0.000000 0.000000
0.000000 0.000000
0.000000 0.000000
0.000000 0.000000
0.000000 0.000000
0.000000 0.000000
0.000000 0.000000
0.000000 0.000000
0.000000 0.000000
0.000000 0.000000
0.000000 0.000000
0.000000 0.000000
0.000000 0.000000
0.000000 0.000000
0.000000 0.000000
0.000000 0.000000
0.000000 0.000000
0.000000 0.000000
0.000000 0.000000
0.000000 0.000000
0.000000 0.000000
0.000000 0.000000
0.000000 0.000000
0.000000 0.000000
0.000000 0.000000
0.000000 0.000000
0.000000 0.000000
0.000000 0.000000
0.000000 0.000000
0.000000 0.000000
0.000000 0.000000
0.000000 0.000000
0.000000 0.000000
0.000000 0.000000
0.000000 0.000000
0.000000 0.000000
0.000000 0.000000
0.000000 0.000000
0.000000 0.000000
0.000000 0.000000
0.000000 0.000000
0.000000 0.000000
0.000000 0.000000
0.000000 0.000000
0.000000 0.000000
0.000000 0.000000
0.000000 0.000000
0.000000 0.000000
0.000000 0.000000
0.000000 0.000000
0.000000 0.000000
0.000000 0.000000
0.000000 0.000000
0.000000 0.000000
0.000000 0.000000
0.000000 0.000000
0.000000 0.000000
0.000000 0.000000
0.000000 0.000000
0.000000 0.000000
0.000000 0.000000
0.000000 0.000000
10314.596966 0.000000
20525.529641 0.000000
30632.798025 0.000000
50536.341919 0.000000
70025.228649 0.000000
79615.334007 0.000000
98482.503218 0.000000
126006.468563 0.000000
148216.505051 0.000000
190719.060078 0.000000
253229.509848 0.000000
282049.078955 0.000000
325250.995632 0.000000
404308.406640 0.000000
475293.389598 0.000000
506872.383173 0.000000
506806.805589 0.000000
432283.633730 0.000000
187179.446020 0.000000
37254.588412 0.000000
0.000000 0.000000
8.019501 0.000000
15.958404 0.000000
23.816709 0.000000
39.291525 0.000000
119.262428 0.000000
190.884780 0.000000
310.958878 0.000000
421.425169 0.000000
434.965633 0.000000
561.696075 0.000000
793.785604 0.000000
932.424263 0.000000
1423.861352 0.000000
1726.542731 0.000000
2172.128984 0.000000
2627.076134 0.000000
2820.966975 0.000000
3333.777646 0.000000
3360.293964 0.000000
3637.463943 0.000000
3653.665401 0.000000
3409.246613 0.000000
2035.561296 0.000000
1973.792164 0.000000
1629.960299 0.000000
761.699237 0.000000
663.766451 0.000000
756.451224 0.000000
960.181556 0.000000
1077.810840 0.000000
1290.605614 0.000000
1520.705246 0.000000
1828.475685 0.000000
2017.518324 0.000000
2253.566933 0.000000
1939.548750 0.000000
1301.677889 0.000000
1499.116107 0.000000
1536.536286 0.000000
1566.698666 0.000000
1809.133298 0.000000
1992.552155 0.000000
2128.216319 0.000000
1930.320290 0.000000
1259.284202 0.000000
1347.218400 0.000000
1532.583627 0.000000
2013.113847 0.000000
2390.313306 0.000000
2833.210421 0.000000
3116.769388 0.000000
3166.382580 0.000000
2735.469589 0.000000
1959.022493 0.000000
1750.459461 0.000000
1266.781987 0.000000
1025.359391 0.000000
724.308132 0.000000
829.393752 0.000000
920.126903 0.000000
985.849060 0.000000
945.511509 0.000000
706.820386 0.000000
495.438684 0.000000
11.848653 0.000000
0.000000 0.000000
0.000000 0.000000
0.000000 0.000000
0.000000 0.000000
0.000000 0.000000
0.000000 0.000000
0.000000 0.000000
0.000000 0.000000
0.000000 0.000000
0.000000 0.000000
0.000000 0.000000
0.000000 0.000000
0.000000 0.000000
0.000000 0.000000
0.000000 0.000000
0.000000 0.000000
0.000000 0.000000
0.000000 0.000000
0.000000 0.000000
0.000000 0.000000
0.000000 0.000000
0.000000 0.000000
5.188726 0.000000
10.325304 0.000000
15.409734 0.000000
20.442016 0.000000
25.422150 0.000000
37.637819 0.000000
49.514526 0.000000
74.506455 0.000000
95.626395 0.000000
128.649116 0.000000
161.730558 0.000000
195.776727 0.000000
223.167510 0.000000
245.128300 0.000000
247.116307 0.000000
203.050955 0.000000
117.371739 0.000000
76.741230 0.000000
27.505960 0.000000
35.862036 0.000000
44.240925 0.000000
51.746402 0.000000
59.662513 0.000000
62.584210 0.000000
61.388088 0.000000
50.972163 0.000000
25.522626 0.000000
30.085266 0.000000
31.775100 0.000000
32.104549 0.000000
27.246304 0.000000
19.889342 0.000000
28.579977 0.000000
39.046908 0.000000
48.918476 0.000000
66.353020 0.000000
73.616824 0.000000
104.228894 0.000000
128.204569 0.000000
161.122449 0.000000
193.736360 0.000000
240.452774 0.000000
291.894364 0.000000
349.845661 0.000000
386.092970 0.000000
414.785600 0.000000
423.904025 0.000000
389.325628 0.000000
263.567882 0.000000
170.374722 0.000000
79.095445 0.000000
0.000000 0.000000
0.000000 0.000000
0.000000 0.000000
0.000000 0.000000
0.000000 0.000000
0.000000 0.000000
0.000000 0.000000
0.000000 0.000000
0.000000 0.000000
0.000000 0.000000
0.000000 0.000000
0.000000 0.000000
0.000000 0.000000
0.000000 0.000000
0.000000 0.000000
0.000000 0.000000
0.000000 0.000000
0.000000 0.000000
0.000000 0.000000
0.000000 0.000000
0.000000 0.000000
0.000000 0.000000
0.000000 0.000000
0.000000 0.000000
0.000000 0.000000
0.000000 0.000000
0.000000 0.000000
0.000000 0.000000
0.000000 0.000000
0.000000 0.000000
0.000000 0.000000
0.000000 0.000000
0.000000 0.000000
0.000000 0.000000
0.000000 0.000000
0.000000 0.000000
0.000000 0.000000
0.000000 0.000000
0.000000 0.000000
0.000000 0.000000
0.000000 0.000000
0.000000 0.000000
0.000000 0.000000
0.000000 0.000000
0.000000 0.000000
0.000000 0.000000
0.000000 0.000000
0.000000 0.000000
0.000000 0.000000
0.000000 0.000000
0.000000 0.000000
0.000000 0.000000
0.000000 0.000000
0.000000 0.000000
0.000000 0.000000
0.000000 0.000000
0.000000 0.000000
0.000000 0.000000
0.000000 0.000000
0.000000 0.000000
0.000000 0.000000
0.000000 0.000000
0.000000 0.000000
0.000000 0.000000
0.000000 0.000000
0.000000 0.000000
0.000000 0.000000
0.707246 0.000000
1.407384 0.000000
1.407384 0.000000
2.100414 0.000000
2.786336 0.000000
4.136856 0.000000
6.109326 0.000000
8.017824 0.000000
11.056494 0.000000
15.806415 0.000000
18.111184 0.000000
22.075671 0.000000
25.873120 0.000000
30.259611 0.000000
34.471126 0.000000
35.236155 0.000000
31.542766 0.000000
22.936490 0.000000
5.156452 0.000000
0.000000 0.000000
0.000000 0.000000
0.000000 0.000000
0.000000 0.000000
0.000000 0.000000
0.000000 0.000000
0.000000 0.000000
0.000000 0.000000
0.000000 0.000000
0.000000 0.000000
0.000000 0.000000
0.000000 0.000000
5.377577 0.000000
10.701108 0.000000
21.186032 0.000000
31.454772 0.000000
36.508073 0.000000
51.343700 0.000000
58.572441 0.000000
77.272353 0.000000
114.118281 0.000000
143.370732 0.000000
182.189408 0.000000
209.286828 0.000000
244.673421 0.000000
263.116416 0.000000
265.450179 0.000000
236.899598 0.000000
163.625634 0.000000
50.659968 0.000000
0.000000 0.000000
0.000000 0.000000
0.000000 0.000000
0.000000 0.000000
0.000000 0.000000
0.000000 0.000000
0.000000 0.000000
0.000000 0.000000
0.000000 0.000000
0.000000 0.000000
0.000000 0.000000
0.000000 0.000000
0.000000 0.000000
0.000000 0.000000
0.000000 0.000000
0.000000 0.000000
0.000000 0.000000
0.000000 0.000000
0.000000 0.000000
0.000000 0.000000
0.000000 0.000000
0.000000 0.000000
0.000000 0.000000
0.000000 0.000000
0.000000 0.000000
0.000000 0.000000
0.000000 0.000000
0.000000 0.000000
0.000000 0.000000
0.000000 0.000000
0.000000 0.000000
0.000000 0.000000
0.000000 0.000000
0.000000 0.000000
0.000000 0.000000
0.000000 0.000000
0.000000 0.000000
0.000000 0.000000
0.000000 0.000000
0.000000 0.000000
0.000000 0.000000
0.000000 0.000000
0.000000 0.000000
0.000000 0.000000
0.000000 0.000000
0.000000 0.000000
0.000000 0.000000
0.000000 0.000000
0.000000 0.000000
0.000000 0.000000
0.000000 0.000000
0.000000 0.000000
0.000000 0.000000
0.000000 0.000000
0.000000 0.000000
0.000000 0.000000
0.000000 0.000000
0.000000 0.000000
0.000000 0.000000
0.000000 0.000000
0.000000 0.000000
34.652865 0.000000
68.957460 0.000000
102.913785 0.000000
169.781625 0.000000
267.471360 0.000000
346.441493 0.000000
392.674249 0.000000
497.590509 0.000000
604.988239 0.000000
766.498322 0.000000
920.651257 0.000000
1155.602946 0.000000
1321.597021 0.000000
1543.227295 0.000000
1680.881275 0.000000
1662.140463 0.000000
1428.060594 0.000000
867.608774 0.000000
918.217228 0.000000
974.941499 0.000000
881.103282 0.000000
480.741891 0.000000
94.359945 0.000000
8.619732 0.000000
17.065328 0.000000
29.407217 0.000000
37.417473 0.000000
56.681268 0.000000
69.512997 0.000000
81.800544 0.000000
108.601323 0.000000
126.662753 0.000000
160.260149 0.000000
182.789084 0.000000
201.541137 0.000000
213.150780 0.000000
208.369631 0.000000
161.870894 0.000000
87.749541 0.000000
100.575162 0.000000
108.541578 0.000000
107.567652 0.000000
85.772863 0.000000
33.854766 0.000000
31.199464 0.000000
37.456678 0.000000
43.939524 0.000000
52.474780 0.000000
58.100017 0.000000
61.605839 0.000000
59.698167 0.000000
49.796663 0.000000
48.570269 0.000000
53.201085 0.000000
58.624353 0.000000
60.480085 0.000000
56.212718 0.000000
51.812322 0.000000
48.673481 0.000000
34.152749 0.000000
16.064117 0.000000
0.000000 0.000000
0.000000 0.000000
0.000000 0.000000
0.000000 0.000000
0.000000 0.000000
0.000000 0.000000
0.000000 0.000000
0.000000 0.000000
0.000000 0.000000
0.000000 0.000000
0.000000 0.000000
0.000000 0.000000
0.000000 0.000000
0.000000 0.000000
0.000000 0.000000
0.000000 0.000000
0.000000 0.000000
0.000000 0.000000
0.000000 0.000000
0.000000 0.000000
0.000000 0.000000
0.000000 0.000000
0.000000 0.000000
0.000000 0.000000
0.000000 0.000000
0.000000 0.000000
0.000000 0.000000
0.000000 0.000000
0.000000 0.000000
0.000000 0.000000
0.000000 0.000000
0.000000 0.000000
0.000000 0.000000
0.000000 0.000000
0.000000 0.000000
0.000000 0.000000
0.000000 0.000000
0.000000 0.000000
0.000000 0.000000
0.000000 0.000000
0.000000 0.000000
0.000000 0.000000
0.000000 0.000000
0.000000 0.000000
0.000000 0.000000
0.000000 0.000000
0.000000 0.000000
0.000000 0.000000
0.000000 0.000000
0.000000 0.000000
0.000000 0.000000
0.000000 0.000000
0.000000 0.000000
0.000000 0.000000
0.000000 0.000000
0.000000 0.000000
0.000000 0.000000
0.000000 0.000000
0.000000 0.000000
0.000000 0.000000
0.000000 0.000000
0.000000 0.000000
0.000000 0.000000
0.000000 0.000000
0.000000 0.000000
0.000000 0.000000
0.000000 0.000000
0.000000 0.000000
0.000000 0.000000
0.000000 0.000000
0.000000 0.000000
0.000000 0.000000
0.000000 0.000000
0.000000 0.000000
0.000000 0.000000
0.000000 0.000000
0.000000 0.000000
0.000000 0.000000
0.000000 0.000000
0.000000 0.000000
0.000000 0.000000
0.000000 0.000000
0.000000 0.000000
0.000000 0.000000
0.000000 0.000000
0.000000 0.000000
0.000000 0.000000
0.000000 0.000000
0.000000 0.000000
0.000000 0.000000
0.000000 0.000000
0.000000 0.000000
0.000000 0.000000
0.000000 0.000000
0.000000 0.000000
0.000000 0.000000
0.000000 0.000000
0.000000 0.000000
0.000000 0.000000
0.000000 0.000000
0.000000 0.000000
0.000000 0.000000
0.000000 0.000000
0.000000 0.000000
0.000000 0.000000
0.000000 0.000000
0.000000 0.000000
0.000000 0.000000
0.000000 0.000000
0.000000 0.000000
0.000000 0.000000
0.000000 0.000000
0.000000 0.000000
0.000000 0.000000
0.000000 0.000000
0.000000 0.000000
0.000000 0.000000
0.000000 0.000000
0.000000 0.000000
0.000000 0.000000
0.000000 0.000000
0.000000 0.000000
0.000000 0.000000
0.000000 0.000000
0.000000 0.000000
0.000000 0.000000
0.000000 0.000000
0.000000 0.000000
0.000000 0.000000
0.000000 0.000000
0.000000 0.000000
0.000000 0.000000
0.000000 0.000000
0.000000 0.000000
0.000000 0.000000
0.000000 0.000000
0.000000 0.000000
0.000000 0.000000
0.000000 0.000000
0.000000 0.000000
0.000000 0.000000
0.000000 0.000000
0.000000 0.000000
0.000000 0.000000
0.000000 0.000000
0.000000 0.000000
0.000000 0.000000
0.000000 0.000000
0.000000 0.000000
0.007164 0.000000
0.014256 0.000000
0.028224 0.000000
0.035100 0.000000
0.045270 0.000000
0.051966 0.000000
0.065142 0.000000
0.081180 0.000000
0.114894 0.000000
0.146412 0.000000
0.159966 0.000000
0.183276 0.000000
0.214110 0.000000
0.256725 0.000000
0.286668 0.000000
0.327681 0.000000
0.348066 0.000000
0.332793 0.000000
0.279432 0.000000
0.139347 0.000000
0.035703 0.000000
0.000000 0.000000
0.000000 0.000000
0.000000 0.000000
0.000000 0.000000
0.000000 0.000000
0.000000 0.000000
0.000000 0.000000
0.000000 0.000000
0.000000 0.000000
0.000000 0.000000
0.000000 0.000000
0.000000 0.000000
0.000000 0.000000
0.000000 0.000000
0.000000 0.000000
0.000000 0.000000
0.000000 0.000000
0.000000 0.000000
0.000000 0.000000
0.000000 0.000000
0.000000 0.000000
0.000000 0.000000
0.000000 0.000000
0.000000 0.000000
0.000000 0.000000
0.000000 0.000000
0.000000 0.000000
0.000000 0.000000
0.000000 0.000000
0.000000 0.000000
0.000000 0.000000
0.000000 0.000000
0.000000 0.000000
0.000000 0.000000
0.000000 0.000000
0.000000 0.000000
0.000000 0.000000
0.000000 0.000000
0.000000 0.000000
0.000000 0.000000
0.000000 0.000000
0.000000 0.000000
0.000000 0.000000
0.000000 0.000000
0.000000 0.000000
0.000000 0.000000
0.000000 0.000000
0.000000 0.000000
0.000000 0.000000
0.000000 0.000000
0.000000 0.000000
0.000000 0.000000
0.000000 0.000000
0.000000 0.000000
0.000000 0.000000
0.000000 0.000000
0.000000 0.000000
0.000000 0.000000
0.000000 0.000000
0.000000 0.000000
0.000000 0.000000
0.000000 0.000000
0.000000 0.000000
0.000000 0.000000
0.000000 0.000000
0.000000 0.000000
0.000000 0.000000
0.000000 0.000000
0.000000 0.000000
0.000000 0.000000
0.000000 0.000000
0.000000 0.000000
0.000000 0.000000
0.000000 0.000000
0.000000 0.000000
0.000000 0.000000
0.000000 0.000000
0.000000 0.000000
0.000000 0.000000
0.000000 0.000000
0.000000 0.000000
0.000000 0.000000
0.000000 0.000000
0.000000 0.000000
0.000000 0.000000
0.000000 0.000000
0.000000 0.000000
0.000000 0.000000
0.000000 0.000000
0.000000 0.000000
0.000000 0.000000
0.000000 0.000000
0.000000 0.000000
0.000000 0.000000
0.000000 0.000000
0.000000 0.000000
0.000000 0.000000
0.000000 0.000000
0.000000 0.000000
0.000000 0.000000
0.000000 0.000000
0.000000 0.000000
0.000000 0.000000
0.000000 0.000000
0.000000 0.000000
0.000000 0.000000
0.000000 0.000000
0.000000 0.000000
0.000000 0.000000
0.000000 0.000000
0.000000 0.000000
0.000000 0.000000
0.000000 0.000000
0.000000 0.000000
0.000000 0.000000
0.000000 0.000000
0.000000 0.000000
0.000000 0.000000
0.000000 0.000000
0.000000 0.000000
0.000000 0.000000
0.000000 0.000000
0.000000 0.000000
0.000000 0.000000
0.000000 0.000000
0.000000 0.000000
0.000000 0.000000
0.000000 0.000000
0.000000 0.000000
0.000000 0.000000
0.000000 0.000000
0.000000 0.000000
0.000000 0.000000
0.000000 0.000000
0.000000 0.000000
0.000000 0.000000
0.000000 0.000000
0.000000 0.000000
0.000000 0.000000
0.000000 0.000000
0.000000 0.000000
0.000000 0.000000
0.000000 0.000000
0.000000 0.000000
0.000000 0.000000
0.000000 0.000000
0.000000 0.000000
0.000000 0.000000
0.000000 0.000000
0.000000 0.000000
0.000000 0.000000
0.000000 0.000000
0.000000 0.000000
0.000000 0.000000
0.000000 0.000000
0.000000 0.000000
0.000000 0.000000
0.000000 0.000000
0.000000 0.000000
0.000000 0.000000
0.000000 0.000000
0.000000 0.000000
0.000000 0.000000
0.000000 0.000000
0.000000 0.000000
0.000000 0.000000
0.000000 0.000000
0.000000 0.000000
0.000000 0.000000
0.000000 0.000000
0.000000 0.000000
219.823318 0.000000
437.437357 0.000000
652.842116 0.000000
1077.023795 0.000000
1492.368356 0.000000
1696.726717 0.000000
2296.546122 0.000000
3158.717593 0.000000
4239.055299 0.000000
4747.189802 0.000000
5392.299617 0.000000
6511.852080 0.000000
7704.587194 0.000000
8969.399802 0.000000
10058.298397 0.000000
10786.531614 0.000000
10180.635302 0.000000
6272.002196 0.000000
3022.428947 0.000000
0.000000 0.000000
0.000000 0.000000
0.000000 0.000000
0.000000 0.000000
0.000000 0.000000
0.000000 0.000000
0.000000 0.000000
0.000000 0.000000
0.000000 0.000000
0.000000 0.000000
0.000000 0.000000
0.000000 0.000000
0.000000 0.000000
0.000000 0.000000
0.000000 0.000000
0.000000 0.000000
0.000000 0.000000
0.000000 0.000000
0.000000 0.000000
0.000000 0.000000
0.000000 0.000000
0.000000 0.000000
0.000000 0.000000
0.000000 0.000000
0.000000 0.000000
0.000000 0.000000
0.000000 0.000000
0.000000 0.000000
0.000000 0.000000
0.000000 0.000000
8.556602 0.000000
17.027208 0.000000
25.411818 0.000000
33.710432 0.000000
