4888282.050503 0.000000
4783559.603937 0.000000
4564708.765761 0.000000
4407735.088191 0.000000
4325790.068308 0.000000
4184665.412805 0.000000
4015315.158320 0.000000
3710711.183224 0.000000
3582562.056499 0.000000
3390001.942069 0.000000
3118064.561618 0.000000
3081716.395678 0.000000
2582638.031567 0.000000
2348747.742709 0.000000
2278981.018944 0.000000
2115138.918389 0.000000
1953436.694869 0.000000
1709860.246415 0.000000
1582065.223585 0.000000
1599747.510795 0.000000
1793550.857837 0.000000
1855443.416258 0.000000
1860371.264134 0.000000
1742628.364642 0.000000
1775810.303011 0.000000
1648892.675315 0.000000
1640418.576401 0.000000
1723862.733638 0.000000
1603876.040659 0.000000
1439986.290326 0.000000
1311219.753678 0.000000
936329.104052 0.000000
578433.578421 0.000000
401212.797607 0.000000
292521.162221 0.000000
321067.795308 0.000000
242286.882911 0.000000
193696.126575 0.000000
203851.176703 0.000000
163728.783500 0.000000
131905.934006 0.000000
158978.353675 0.000000
182563.387855 0.000000
188215.879148 0.000000
172742.027116 0.000000
177217.079245 0.000000
169209.351279 0.000000
157677.963903 0.000000
144773.331704 0.000000
166774.161299 0.000000
177968.056915 0.000000
192842.998257 0.000000
191872.078859 0.000000
162141.755291 0.000000
125192.270075 0.000000
117517.425796 0.000000
129631.596825 0.000000
131854.118115 0.000000
112701.740688 0.000000
103864.097098 0.000000
84056.326417 0.000000
39310.528517 0.000000
9921.266725 0.000000
13428.589533 0.000000
17924.163518 0.000000
21939.070560 0.000000
28220.610144 0.000000
33298.598565 0.000000
40598.146267 0.000000
47226.797388 0.000000
55768.427095 0.000000
63290.230823 0.000000
69871.225832 0.000000
74919.524650 0.000000
76145.070282 0.000000
59349.034442 0.000000
33057.637767 0.000000
40816.082404 0.000000
49792.526774 0.000000
58641.953643 0.000000
65095.068134 0.000000
68616.252211 0.000000
68372.136269 0.000000
63753.541545 0.000000
45910.193053 0.000000
24730.933337 0.000000
31954.578598 0.000000
39580.970488 0.000000
44719.070719 0.000000
53572.440749 0.000000
60980.002613 0.000000
67251.359209 0.000000
72292.027771 0.000000
75075.474610 0.000000
70943.866424 0.000000
50241.130645 0.000000
50036.196778 0.000000
54681.865877 0.000000
62879.171107 0.000000
70979.659061 0.000000
72693.091588 0.000000
68546.035377 0.000000
52082.472768 0.000000
46958.197539 0.000000
56846.223622 0.000000
62859.576822 0.000000
68756.004804 0.000000
71144.917695 0.000000
69120.780781 0.000000
56891.283978 0.000000
9232.581005 0.000000
0.000000 0.000000
0.000000 0.000000
0.000000 0.000000
0.000000 0.000000
0.000000 0.000000
0.000000 0.000000
0.000000 0.000000
0.000000 0.000000
0.000000 0.000000
0.000000 0.000000
0.000000 0.000000
455.610699 0.000000
906.642396 0.000000
1353.095091 0.000000
1794.968784 0.000000
2229.973784 0.000000
2229.973784 0.000000
2655.820784 0.000000
3728.057423 0.000000
3945.984111 0.000000
4733.795261 0.000000
5606.737094 0.000000
6925.232615 0.000000
7748.298590 0.000000
10158.721725 0.000000
11581.004281 0.000000
13632.336463 0.000000
16092.005781 0.000000
17475.281665 0.000000
18414.694189 0.000000
18811.289057 0.000000
16614.053699 0.000000
10332.218877 0.000000
3880.436642 0.000000
0.000000 0.000000
0.000000 0.000000
0.000000 0.000000
0.000000 0.000000
0.000000 0.000000
0.000000 0.000000
0.000000 0.000000
0.000000 0.000000
0.000000 0.000000
0.000000 0.000000
0.000000 0.000000
0.000000 0.000000
0.000000 0.000000
0.000000 0.000000
0.000000 0.000000
0.000000 0.000000
0.000000 0.000000
13.135592 0.000000
26.139168 0.000000
51.750272 0.000000
107.037120 0.000000
149.172896 0.000000
202.687375 0.000000
283.872367 0.000000
329.248291 0.000000
487.426484 0.000000
617.587406 0.000000
763.420557 0.000000
890.561627 0.000000
1085.291949 0.000000
1233.327151 0.000000
1462.227180 0.000000
1538.349904 0.000000
1580.769663 0.000000
1596.803404 0.000000
1671.904001 0.000000
1674.737867 0.000000
1547.918012 0.000000
1273.112982 0.000000
482.909891 0.000000
574.988535 0.000000
733.516136 0.000000
874.059796 0.000000
1066.007346 0.000000
1196.927498 0.000000
1288.652741 0.000000
1354.729332 0.000000
1282.315962 0.000000
960.242170 0.000000
663.890696 0.000000
537.497890 0.000000
67.486894 0.000000
0.000000 0.000000
0.000000 0.000000
0.000000 0.000000
0.000000 0.000000
0.000000 0.000000
0.000000 0.000000
0.000000 0.000000
0.000000 0.000000
0.000000 0.000000
0.000000 0.000000
0.000000 0.000000
0.000000 0.000000
0.000000 0.000000
0.000000 0.000000
0.000000 0.000000
0.000000 0.000000
0.000000 0.000000
0.000000 0.000000
0.000000 0.000000
0.000000 0.000000
0.000000 0.000000
0.000000 0.000000
0.000000 0.000000
0.000000 0.000000
0.000000 0.000000
0.000000 0.000000
0.000000 0.000000
0.000000 0.000000
0.000000 0.000000
0.000000 0.000000
0.000000 0.000000
0.000000 0.000000
0.000000 0.000000
0.000000 0.000000
0.000000 0.000000
0.000000 0.000000
0.000000 0.000000
0.000000 0.000000
0.000000 0.000000
0.000000 0.000000
0.000000 0.000000
0.000000 0.000000
0.000000 0.000000
0.000000 0.000000
0.000000 0.000000
0.000000 0.000000
0.000000 0.000000
0.000000 0.000000
0.000000 0.000000
0.000000 0.000000
0.000000 0.000000
0.000000 0.000000
0.000000 0.000000
0.000000 0.000000
0.000000 0.000000
0.000000 0.000000
0.000000 0.000000
0.000000 0.000000
0.000000 0.000000
0.000000 0.000000
0.000000 0.000000
0.000000 0.000000
0.000000 0.000000
0.000000 0.000000
0.000000 0.000000
0.000000 0.000000
0.000000 0.000000
0.000000 0.000000
0.000000 0.000000
0.000000 0.000000
0.000000 0.000000
0.000000 0.000000
0.000000 0.000000
0.000000 0.000000
0.000000 0.000000
0.000000 0.000000
0.000000 0.000000
0.000000 0.000000
0.000000 0.000000
0.000000 0.000000
0.000000 0.000000
0.000000 0.000000
0.000000 0.000000
0.000000 0.000000
0.000000 0.000000
0.000000 0.000000
0.000000 0.000000
0.000000 0.000000
0.000000 0.000000
0.000000 0.000000
0.000000 0.000000
3.431556 0.000000
6.828624 0.000000
10.191204 0.000000
16.812900 0.000000
20.072016 0.000000
23.296644 0.000000
26.486784 0.000000
35.850276 0.000000
47.852100 0.000000
64.820196 0.000000
79.279290 0.000000
97.169940 0.000000
115.077834 0.000000
132.089040 0.000000
151.402320 0.000000
167.870340 0.000000
168.775650 0.000000
141.599106 0.000000
76.800465 0.000000
17.153469 0.000000
0.000000 0.000000
0.000000 0.000000
0.000000 0.000000
0.000000 0.000000
0.000000 0.000000
0.000000 0.000000
0.000000 0.000000
0.000000 0.000000
0.000000 0.000000
0.000000 0.000000
0.000000 0.000000
0.000000 0.000000
0.000000 0.000000
0.000000 0.000000
0.000000 0.000000
0.000000 0.000000
0.000000 0.000000
0.000000 0.000000
0.000000 0.000000
0.000000 0.000000
0.000000 0.000000
0.000000 0.000000
0.000000 0.000000
0.000000 0.000000
0.000000 0.000000
0.000000 0.000000
0.000000 0.000000
0.000000 0.000000
0.000000 0.000000
4.124076 0.000000
8.206704 0.000000
12.247884 0.000000
16.247616 0.000000
24.122736 0.000000
31.832064 0.000000
50.380044 0.000000
61.011456 0.000000
84.367404 0.000000
102.770316 0.000000
114.209964 0.000000
137.524464 0.000000
155.430000 0.000000
180.381696 0.000000
198.950400 0.000000
207.240000 0.000000
198.950400 0.000000
161.460684 0.000000
74.606400 0.000000
0.000000 0.000000
0.000000 0.000000
0.000000 0.000000
0.000000 0.000000
0.000000 0.000000
0.000000 0.000000
0.000000 0.000000
0.000000 0.000000
0.000000 0.000000
0.000000 0.000000
0.000000 0.000000
0.000000 0.000000
0.000000 0.000000
0.000000 0.000000
0.000000 0.000000
0.000000 0.000000
0.000000 0.000000
0.000000 0.000000
0.000000 0.000000
0.000000 0.000000
0.000000 0.000000
0.000000 0.000000
0.000000 0.000000
0.000000 0.000000
0.000000 0.000000
0.000000 0.000000
0.000000 0.000000
0.000000 0.000000
0.000000 0.000000
0.000000 0.000000
0.000000 0.000000
0.000000 0.000000
0.000000 0.000000
0.000000 0.000000
0.000000 0.000000
0.000000 0.000000
0.000000 0.000000
0.000000 0.000000
0.000000 0.000000
0.000000 0.000000
0.000000 0.000000
0.000000 0.000000
0.000000 0.000000
0.000000 0.000000
0.000000 0.000000
0.000000 0.000000
0.000000 0.000000
0.000000 0.000000
0.000000 0.000000
0.000000 0.000000
0.000000 0.000000
0.000000 0.000000
0.000000 0.000000
0.000000 0.000000
0.000000 0.000000
0.000000 0.000000
0.000000 0.000000
0.000000 0.000000
0.000000 0.000000
0.000000 0.000000
0.000000 0.000000
0.000000 0.000000
0.000000 0.000000
0.000000 0.000000
0.000000 0.000000
0.000000 0.000000
0.000000 0.000000
0.000000 0.000000
0.000000 0.000000
0.000000 0.000000
0.000000 0.000000
0.000000 0.000000
0.000000 0.000000
0.000000 0.000000
0.000000 0.000000
0.000000 0.000000
0.000000 0.000000
0.000000 0.000000
0.000000 0.000000
0.000000 0.000000
0.000000 0.000000
0.000000 0.000000
0.000000 0.000000
0.000000 0.000000
0.000000 0.000000
0.000000 0.000000
0.000000 0.000000
0.000000 0.000000
0.000000 0.000000
0.000000 0.000000
0.000000 0.000000
0.000000 0.000000
0.000000 0.000000
0.000000 0.000000
0.000000 0.000000
0.000000 0.000000
0.000000 0.000000
0.000000 0.000000
0.000000 0.000000
0.000000 0.000000
0.000000 0.000000
0.000000 0.000000
0.000000 0.000000
0.000000 0.000000
0.000000 0.000000
0.000000 0.000000
0.000000 0.000000
0.000000 0.000000
0.000000 0.000000
0.000000 0.000000
0.000000 0.000000
0.000000 0.000000
0.000000 0.000000
0.000000 0.000000
0.000000 0.000000
0.000000 0.000000
0.000000 0.000000
0.000000 0.000000
0.000000 0.000000
0.000000 0.000000
0.000000 0.000000
0.000000 0.000000
0.000000 0.000000
0.000000 0.000000
0.000000 0.000000
0.000000 0.000000
0.000000 0.000000
0.000000 0.000000
0.000000 0.000000
0.000000 0.000000
0.000000 0.000000
0.000000 0.000000
0.000000 0.000000
0.000000 0.000000
0.000000 0.000000
0.000000 0.000000
0.000000 0.000000
0.000000 0.000000
0.000000 0.000000
0.000000 0.000000
0.000000 0.000000
0.000000 0.000000
0.000000 0.000000
0.000000 0.000000
0.000000 0.000000
0.000000 0.000000
0.000000 0.000000
0.000000 0.000000
0.000000 0.000000
0.000000 0.000000
0.000000 0.000000
0.000000 0.000000
0.000000 0.000000
0.000000 0.000000
0.000000 0.000000
0.000000 0.000000
0.000000 0.000000
0.000000 0.000000
0.000000 0.000000
0.000000 0.000000
0.000000 0.000000
0.000000 0.000000
0.000000 0.000000
18.155566 0.000000
36.128664 0.000000
71.527456 0.000000
80.240303 0.000000
156.740012 0.000000
173.253366 0.000000
197.567227 0.000000
245.191375 0.000000
363.795575 0.000000
483.129647 0.000000
559.355654 0.000000
679.784534 0.000000
790.291691 0.000000
858.055750 0.000000
892.245752 0.000000
854.383779 0.000000
686.946799 0.000000
372.554807 0.000000
150.103598 0.000000
0.000000 0.000000
0.000000 0.000000
0.000000 0.000000
0.000000 0.000000
0.000000 0.000000
0.000000 0.000000
0.000000 0.000000
0.000000 0.000000
0.000000 0.000000
0.000000 0.000000
0.000000 0.000000
0.000000 0.000000
0.000000 0.000000
0.127559 0.000000
0.253836 0.000000
0.378831 0.000000
0.502544 0.000000
18.511427 0.000000
36.096785 0.000000
53.616302 0.000000
104.747106 0.000000
121.535956 0.000000
170.501653 0.000000
233.360427 0.000000
292.903364 0.000000
427.316896 0.000000
471.840939 0.000000
530.919021 0.000000
597.491904 0.000000
726.817868 0.000000
802.332391 0.000000
872.121663 0.000000
890.994455 0.000000
796.850704 0.000000
525.451040 0.000000
562.465062 0.000000
624.996236 0.000000
656.768746 0.000000
650.727645 0.000000
596.215895 0.000000
259.010796 0.000000
147.761073 0.000000
54.105707 0.000000
78.724195 0.000000
96.324722 0.000000
118.057954 0.000000
149.355830 0.000000
167.909989 0.000000
190.952042 0.000000
220.446252 0.000000
254.389909 0.000000
298.302798 0.000000
336.488639 0.000000
356.901411 0.000000
334.668435 0.000000
248.782709 0.000000
109.273472 0.000000
110.326737 0.000000
98.053428 0.000000
46.831488 0.000000
0.000000 0.000000
0.000000 0.000000
0.000000 0.000000
0.000000 0.000000
0.000000 0.000000
0.000000 0.000000
0.000000 0.000000
0.000000 0.000000
0.000000 0.000000
0.000000 0.000000
0.000000 0.000000
0.000000 0.000000
0.000000 0.000000
0.000000 0.000000
0.000000 0.000000
0.000000 0.000000
0.000000 0.000000
0.000000 0.000000
0.000000 0.000000
0.000000 0.000000
0.000000 0.000000
0.000000 0.000000
0.000000 0.000000
0.000000 0.000000
0.000000 0.000000
0.000000 0.000000
0.000000 0.000000
0.000000 0.000000
0.000000 0.000000
0.000000 0.000000
0.000000 0.000000
0.000000 0.000000
0.000000 0.000000
0.000000 0.000000
0.000000 0.000000
0.000000 0.000000
0.000000 0.000000
0.000000 0.000000
0.000000 0.000000
0.000000 0.000000
0.000000 0.000000
0.000000 0.000000
0.000000 0.000000
0.000000 0.000000
0.000000 0.000000
0.000000 0.000000
0.000000 0.000000
0.000000 0.000000
0.000000 0.000000
0.000000 0.000000
0.000000 0.000000
0.000000 0.000000
0.000000 0.000000
0.000000 0.000000
0.000000 0.000000
0.000000 0.000000
0.000000 0.000000
0.000000 0.000000
0.000000 0.000000
0.000000 0.000000
0.000000 0.000000
0.000000 0.000000
0.000000 0.000000
0.000000 0.000000
0.000000 0.000000
0.000000 0.000000
0.719186 0.000000
1.431144 0.000000
2.484625 0.000000
3.865173 0.000000
4.878900 0.000000
6.862986 0.000000
9.396400 0.000000
12.112321 0.000000
20.144703 0.000000
27.139038 0.000000
35.869071 0.000000
40.277292 0.000000
43.307620 0.000000
53.742838 0.000000
67.652393 0.000000
74.009904 0.000000
83.357927 0.000000
37.600901 0.000000
33.936577 0.000000
36.828669 0.000000
42.675641 0.000000
56.190262 0.000000
64.034924 0.000000
76.354245 0.000000
96.209823 0.000000
113.461263 0.000000
131.936820 0.000000
146.447002 0.000000
155.986215 0.000000
155.464296 0.000000
132.306539 0.000000
66.580125 0.000000
0.000000 0.000000
0.000000 0.000000
0.000000 0.000000
0.000000 0.000000
0.000000 0.000000
0.000000 0.000000
0.000000 0.000000
0.000000 0.000000
0.000000 0.000000
0.000000 0.000000
0.000000 0.000000
0.000000 0.000000
0.000000 0.000000
0.000000 0.000000
0.000000 0.000000
0.000000 0.000000
0.000000 0.000000
0.000000 0.000000
0.000000 0.000000
0.000000 0.000000
0.000000 0.000000
0.000000 0.000000
0.000000 0.000000
0.000000 0.000000
0.000000 0.000000
0.000000 0.000000
0.000000 0.000000
0.000000 0.000000
0.000000 0.000000
0.000000 0.000000
0.000000 0.000000
0.000000 0.000000
0.000000 0.000000
0.000000 0.000000
0.000000 0.000000
0.000000 0.000000
0.000000 0.000000
0.000000 0.000000
0.000000 0.000000
0.000000 0.000000
0.000000 0.000000
0.000000 0.000000
0.000000 0.000000
0.000000 0.000000
0.000000 0.000000
0.000000 0.000000
0.000000 0.000000
0.000000 0.000000
0.000000 0.000000
0.000000 0.000000
0.000000 0.000000
0.000000 0.000000
0.000000 0.000000
3.858610 0.000000
7.678440 0.000000
11.459490 0.000000
15.201760 0.000000
24.382925 0.000000
33.312020 0.000000
35.047425 0.000000
47.059530 0.000000
60.147780 0.000000
67.855305 0.000000
81.879192 0.000000
97.638469 0.000000
114.464178 0.000000
132.414482 0.000000
152.463738 0.000000
167.701781 0.000000
178.717322 0.000000
170.582717 0.000000
135.175322 0.000000
119.936825 0.000000
111.693549 0.000000
83.442522 0.000000
48.288585 0.000000
58.150121 0.000000
64.046820 0.000000
67.197945 0.000000
63.655380 0.000000
23.509053 0.000000
11.851409 0.000000
14.681777 0.000000
16.603344 0.000000
18.953171 0.000000
22.256649 0.000000
25.049469 0.000000
27.743844 0.000000
27.588461 0.000000
22.482266 0.000000
17.463185 0.000000
19.517882 0.000000
20.910954 0.000000
21.078938 0.000000
23.123073 0.000000
25.185137 0.000000
25.262849 0.000000
23.314278 0.000000
15.912897 0.000000
15.447900 0.000000
17.095676 0.000000
21.127275 0.000000
23.598939 0.000000
27.188304 0.000000
29.987100 0.000000
29.696316 0.000000
25.916124 0.000000
15.020811 0.000000
0.000000 0.000000
0.000000 0.000000
0.000000 0.000000
0.000000 0.000000
0.000000 0.000000
0.000000 0.000000
0.000000 0.000000
0.000000 0.000000
0.000000 0.000000
0.000000 0.000000
0.000000 0.000000
0.000000 0.000000
0.000000 0.000000
0.000000 0.000000
0.000000 0.000000
0.000000 0.000000
0.000000 0.000000
0.000000 0.000000
0.000000 0.000000
0.000000 0.000000
0.000000 0.000000
0.000000 0.000000
0.000000 0.000000
0.000000 0.000000
0.000000 0.000000
0.000000 0.000000
0.000000 0.000000
0.000000 0.000000
0.000000 0.000000
0.000000 0.000000
0.000000 0.000000
0.000000 0.000000
0.000000 0.000000
0.000000 0.000000
0.000000 0.000000
0.000000 0.000000
0.000000 0.000000
0.000000 0.000000
0.000000 0.000000
0.000000 0.000000
0.000000 0.000000
0.000000 0.000000
0.000000 0.000000
0.000000 0.000000
0.000000 0.000000
0.000000 0.000000
0.000000 0.000000
0.000000 0.000000
0.000000 0.000000
0.000000 0.000000
0.000000 0.000000
0.000000 0.000000
0.000000 0.000000
0.000000 0.000000
0.000000 0.000000
0.000000 0.000000
0.000000 0.000000
0.000000 0.000000
0.000000 0.000000
0.000000 0.000000
0.000000 0.000000
0.000000 0.000000
0.000000 0.000000
0.000000 0.000000
0.000000 0.000000
0.000000 0.000000
0.000000 0.000000
0.000000 0.000000
0.000000 0.000000
0.000000 0.000000
0.000000 0.000000
0.000000 0.000000
0.000000 0.000000
0.000000 0.000000
0.000000 0.000000
0.000000 0.000000
0.000000 0.000000
0.000000 0.000000
0.000000 0.000000
0.000000 0.000000
0.000000 0.000000
0.000000 0.000000
0.000000 0.000000
0.000000 0.000000
0.000000 0.000000
0.000000 0.000000
0.000000 0.000000
0.000000 0.000000
2.600333 0.000000
5.174532 0.000000
7.722597 0.000000
12.740325 0.000000
17.653517 0.000000
24.827300 0.000000
31.765877 0.000000
38.469248 0.000000
40.651437 0.000000
44.937413 0.000000
55.195008 0.000000
66.641700 0.000000
77.147568 0.000000
91.142325 0.000000
99.296133 0.000000
109.762800 0.000000
123.143408 0.000000
130.656933 0.000000
124.907453 0.000000
99.296133 0.000000
22.462173 0.000000
0.000000 0.000000
0.000000 0.000000
0.000000 0.000000
0.000000 0.000000
0.000000 0.000000
0.000000 0.000000
0.000000 0.000000
0.000000 0.000000
0.000000 0.000000
0.000000 0.000000
0.000000 0.000000
0.000000 0.000000
0.000000 0.000000
0.000000 0.000000
0.060098 0.000000
0.119592 0.000000
0.178482 0.000000
0.294450 0.000000
0.519138 0.000000
0.786408 0.000000
0.889088 0.000000
1.206037 0.000000
1.476025 0.000000
1.664020 0.000000
1.743748 0.000000
1.985801 0.000000
2.350164 0.000000
2.666056 0.000000
2.907505 0.000000
2.994568 0.000000
2.716305 0.000000
1.788630 0.000000
0.591009 0.000000
0.073125 0.000000
0.101064 0.000000
0.148794 0.000000
0.191445 0.000000
0.247934 0.000000
0.307399 0.000000
0.357452 0.000000
0.454797 0.000000
0.528376 0.000000
0.601551 0.000000
0.683467 0.000000
0.720842 0.000000
0.679673 0.000000
0.441219 0.000000
8.711416 0.000000
20.936176 0.000000
28.824909 0.000000
36.874892 0.000000
44.841021 0.000000
60.521717 0.000000
68.236284 0.000000
83.413856 0.000000
109.010544 0.000000
147.059516 0.000000
174.553307 0.000000
190.066347 0.000000
210.966990 0.000000
250.787232 0.000000
283.354131 0.000000
340.836003 0.000000
378.968474 0.000000
399.617211 0.000000
391.534884 0.000000
321.179480 0.000000
167.069439 0.000000
56.819006 0.000000
36.867159 0.000000
49.695879 0.000000
61.141236 0.000000
71.224031 0.000000
81.173131 0.000000
92.600016 0.000000
102.703516 0.000000
99.748629 0.000000
81.361566 0.000000
39.297234 0.000000
4.074100 0.000000
3.797690 0.000000
5.467940 0.000000
7.560010 0.000000
10.143330 0.000000
12.145010 0.000000
14.561960 0.000000
16.405130 0.000000
