290584.139004 0.000000
285263.577857 0.000000
280146.972861 0.000000
268076.203605 0.000000
259935.453102 0.000000
262387.563306 0.000000
241705.791510 0.000000
224046.810660 0.000000
211560.504942 0.000000
157447.830851 0.000000
120731.472691 0.000000
94137.261479 0.000000
85526.693484 0.000000
76647.948523 0.000000
37536.191691 0.000000
31037.411255 0.000000
37410.029480 0.000000
42938.286633 0.000000
48197.683486 0.000000
57088.728428 0.000000
53457.806726 0.000000
56546.800607 0.000000
43655.733351 0.000000
10650.692971 0.000000
313.736616 0.000000
380.934096 0.000000
456.141881 0.000000
491.298168 0.000000
520.001740 0.000000
516.219160 0.000000
453.916941 0.000000
305.504100 0.000000
277.245589 0.000000
274.352988 0.000000
231.853897 0.000000
113.479449 0.000000
81.883280 0.000000
95.845690 0.000000
105.969835 0.000000
124.215595 0.000000
128.665795 0.000000
118.652967 0.000000
78.768448 0.000000
75.069178 0.000000
48.298485 0.000000
14.936069 0.000000
5.882661 0.000000
7.676664 0.000000
11.014344 0.000000
15.395049 0.000000
17.898309 0.000000
22.696224 0.000000
24.803140 0.000000
25.887876 0.000000
23.353295 0.000000
14.868229 0.000000
8.119755 0.000000
10.237045 0.000000
11.817190 0.000000
12.516000 0.000000
12.250035 0.000000
9.965865 0.000000
4.010335 0.000000
0.500640 0.000000
0.735315 0.000000
0.959560 0.000000
1.275048 0.000000
1.660960 0.000000
2.080755 0.000000
2.732640 0.000000
2.954275 0.000000
3.215040 0.000000
3.089904 0.000000
2.276415 0.000000
0.688512 0.000000
0.063896 0.000000
0.125184 0.000000
0.183864 0.000000
0.239936 0.000000
0.344256 0.000000
0.438144 0.000000
0.521600 0.000000
0.684600 0.000000
0.775228 0.000000
0.811740 0.000000
0.642220 0.000000
0.154524 0.000000
0.000000 0.000000
0.000000 0.000000
0.000000 0.000000
0.000000 0.000000
0.000000 0.000000
0.000000 0.000000
0.000000 0.000000
0.000000 0.000000
0.000000 0.000000
0.000000 0.000000
0.000000 0.000000
0.000000 0.000000
0.000000 0.000000
0.000000 0.000000
0.000000 0.000000
0.000000 0.000000
0.000000 0.000000
0.000000 0.000000
0.000000 0.000000
0.000000 0.000000
1284.225039 0.000000
2516.032729 0.000000
4822.396064 0.000000
5896.951708 0.000000
6919.090004 0.000000
8806.114551 0.000000
11715.357052 0.000000
14766.071591 0.000000
16489.945531 0.000000
20700.883094 0.000000
20717.431995 0.000000
18933.632472 0.000000
14842.642257 0.000000
24781.373751 0.000000
34664.861485 0.000000
42306.726789 0.000000
42624.786414 0.000000
45708.608886 0.000000
47595.715340 0.000000
26137.990733 0.000000
23846.963498 0.000000
27537.562506 0.000000
27986.244967 0.000000
24391.458081 0.000000
10088.378802 0.000000
0.000000 0.000000
0.000000 0.000000
0.000000 0.000000
0.000000 0.000000
0.000000 0.000000
0.000000 0.000000
0.000000 0.000000
0.000000 0.000000
0.000000 0.000000
0.000000 0.000000
0.000000 0.000000
0.000000 0.000000
0.000000 0.000000
0.000000 0.000000
0.000000 0.000000
0.000000 0.000000
0.000000 0.000000
0.000000 0.000000
0.000000 0.000000
0.000000 0.000000
0.000000 0.000000
0.000000 0.000000
0.000000 0.000000
0.000000 0.000000
0.000000 0.000000
0.000000 0.000000
0.000000 0.000000
0.000000 0.000000
0.000000 0.000000
0.000000 0.000000
0.000000 0.000000
0.000000 0.000000
0.000000 0.000000
0.000000 0.000000
34.750947 0.000000
68.083488 0.000000
99.997623 0.000000
130.493352 0.000000
173.400114 0.000000
282.971967 0.000000
292.546194 0.000000
345.027202 0.000000
372.508812 0.000000
412.224204 0.000000
376.409542 0.000000
265.242032 0.000000
279.780642 0.000000
247.866429 0.000000
173.045320 0.000000
64.892025 0.000000
0.000000 0.000000
0.000000 0.000000
0.000000 0.000000
0.000000 0.000000
48.406071 0.000000
94.836384 0.000000
139.290939 0.000000
181.769736 0.000000
222.272775 0.000000
260.800056 0.000000
348.227331 0.000000
379.839460 0.000000
466.031886 0.000000
498.137946 0.000000
553.706131 0.000000
578.650110 0.000000
511.350881 0.000000
355.327817 0.000000
241.721875 0.000000
23.709120 0.000000
0.000000 0.000000
0.000000 0.000000
0.000000 0.000000
0.000000 0.000000
0.000000 0.000000
0.000000 0.000000
0.000000 0.000000
0.000000 0.000000
0.000000 0.000000
0.000000 0.000000
0.000000 0.000000
0.000000 0.000000
0.000000 0.000000
0.000000 0.000000
0.000000 0.000000
0.000000 0.000000
0.000000 0.000000
0.000000 0.000000
0.000000 0.000000
0.000000 0.000000
0.000000 0.000000
0.000000 0.000000
8.149631 0.000000
15.966624 0.000000
23.450979 0.000000
37.421775 0.000000
43.908216 0.000000
55.883184 0.000000
61.371711 0.000000
79.999439 0.000000
97.961891 0.000000
105.335730 0.000000
93.881548 0.000000
45.663876 0.000000
0.000000 0.000000
0.000000 0.000000
0.000000 0.000000
0.000000 0.000000
0.000000 0.000000
0.000000 0.000000
0.000000 0.000000
0.000000 0.000000
0.000000 0.000000
0.000000 0.000000
0.000000 0.000000
0.000000 0.000000
0.000000 0.000000
0.000000 0.000000
0.000000 0.000000
0.000000 0.000000
0.000000 0.000000
0.000000 0.000000
0.000000 0.000000
0.000000 0.000000
0.000000 0.000000
0.000000 0.000000
0.000000 0.000000
0.000000 0.000000
0.000000 0.000000
0.000000 0.000000
0.000000 0.000000
0.000000 0.000000
0.000000 0.000000
0.000000 0.000000
0.000000 0.000000
0.000000 0.000000
0.000000 0.000000
0.000000 0.000000
0.000000 0.000000
0.000000 0.000000
0.000000 0.000000
0.000000 0.000000
0.000000 0.000000
0.000000 0.000000
0.000000 0.000000
0.000000 0.000000
1.372147 0.000000
2.688288 0.000000
3.948423 0.000000
3.948423 0.000000
6.300675 0.000000
10.767138 0.000000
13.119393 0.000000
15.205611 0.000000
16.101711 0.000000
20.770585 0.000000
19.507046 0.000000
9.993056 0.000000
13.141832 0.000000
17.462904 0.000000
22.748208 0.000000
28.497747 0.000000
32.497439 0.000000
40.175400 0.000000
43.335887 0.000000
67.116306 0.000000
45.508074 0.000000
28.572962 0.000000
0.000000 0.000000
0.000000 0.000000
0.000000 0.000000
0.000000 0.000000
0.000000 0.000000
0.000000 0.000000
0.000000 0.000000
0.000000 0.000000
0.000000 0.000000
0.000000 0.000000
0.000000 0.000000
0.000000 0.000000
0.000000 0.000000
0.000000 0.000000
0.000000 0.000000
0.000000 0.000000
0.000000 0.000000
0.000000 0.000000
0.000000 0.000000
0.000000 0.000000
2470.885934 0.000000
4840.919381 0.000000
7110.100340 0.000000
9278.428813 0.000000
11345.904799 0.000000
14245.413796 0.000000
16892.791576 0.000000
18556.857614 0.000000
24734.072448 0.000000
28364.761982 0.000000
30280.959242 0.000000
29675.844340 0.000000
21868.957108 0.000000
13885.791459 0.000000
5541.570683 0.000000
1221.387561 0.000000
2025.699368 0.000000
2221.771102 0.000000
2380.631900 0.000000
3045.979534 0.000000
3083.529687 0.000000
3026.851963 0.000000
1405.788521 0.000000
1450.639807 0.000000
1058.902454 0.000000
249.975752 0.000000
168.133861 0.000000
180.547491 0.000000
206.007468 0.000000
188.431027 0.000000
131.482238 0.000000
107.315934 0.000000
107.961377 0.000000
78.776736 0.000000
33.705672 0.000000
41.248200 0.000000
46.276552 0.000000
49.105000 0.000000
41.994596 0.000000
26.929182 0.000000
7.188972 0.000000
7.955010 0.000000
12.276250 0.000000
14.387765 0.000000
32.556474 0.000000
48.311677 0.000000
58.182437 0.000000
66.216463 0.000000
106.749321 0.000000
121.973707 0.000000
153.686870 0.000000
168.476174 0.000000
188.601841 0.000000
186.772242 0.000000
150.180138 0.000000
80.197750 0.000000
0.000000 0.000000
0.000000 0.000000
0.000000 0.000000
0.000000 0.000000
0.000000 0.000000
0.000000 0.000000
0.000000 0.000000
0.000000 0.000000
0.000000 0.000000
0.000000 0.000000
0.000000 0.000000
0.000000 0.000000
0.000000 0.000000
0.000000 0.000000
0.000000 0.000000
0.000000 0.000000
0.000000 0.000000
0.000000 0.000000
0.000000 0.000000
0.000000 0.000000
0.000000 0.000000
0.000000 0.000000
0.000000 0.000000
0.000000 0.000000
0.000000 0.000000
0.000000 0.000000
0.000000 0.000000
0.000000 0.000000
0.000000 0.000000
0.000000 0.000000
0.000000 0.000000
136.134593 0.000000
136.134593 0.000000
266.712672 0.000000
391.734237 0.000000
511.199288 0.000000
625.107825 0.000000
933.494352 0.000000
1111.302800 0.000000
1191.872253 0.000000
1429.413216 0.000000
1612.778169 0.000000
1700.293272 0.000000
1622.502128 0.000000
1068.239976 0.000000
742.489441 0.000000
816.807840 0.000000
865.427365 0.000000
836.950236 0.000000
739.711221 0.000000
331.307364 0.000000
0.000000 0.000000
0.000000 0.000000
0.000000 0.000000
0.000000 0.000000
0.000000 0.000000
0.000000 0.000000
0.000000 0.000000
0.000000 0.000000
0.000000 0.000000
0.000000 0.000000
0.000000 0.000000
0.000000 0.000000
0.000000 0.000000
0.000000 0.000000
0.000000 0.000000
0.000000 0.000000
0.000000 0.000000
0.000000 0.000000
0.000000 0.000000
0.000000 0.000000
0.000000 0.000000
0.000000 0.000000
0.000000 0.000000
0.000000 0.000000
0.000000 0.000000
0.000000 0.000000
0.000000 0.000000
0.000000 0.000000
0.000000 0.000000
0.000000 0.000000
0.000000 0.000000
0.000000 0.000000
0.000000 0.000000
0.000000 0.000000
0.000000 0.000000
0.000000 0.000000
0.000000 0.000000
0.000000 0.000000
0.000000 0.000000
0.000000 0.000000
0.000000 0.000000
0.000000 0.000000
0.000000 0.000000
282.964560 0.000000
282.964560 0.000000
282.964560 0.000000
684.312256 0.000000
938.402881 0.000000
1180.943932 0.000000
1827.720074 0.000000
2382.099619 0.000000
2670.838969 0.000000
3089.511020 0.000000
3421.561265 0.000000
3467.759552 0.000000
2038.499768 0.000000
970.164178 0.000000
0.000000 0.000000
0.000000 0.000000
0.000000 0.000000
0.000000 0.000000
0.000000 0.000000
0.000000 0.000000
0.000000 0.000000
0.000000 0.000000
0.000000 0.000000
0.000000 0.000000
178.110327 0.000000
348.950845 0.000000
512.521553 0.000000
817.853542 0.000000
1098.535517 0.000000
1616.090766 0.000000
1916.035050 0.000000
2207.975013 0.000000
2190.194324 0.000000
1872.844586 0.000000
1567.849045 0.000000
1733.024367 0.000000
1797.340071 0.000000
1557.422316 0.000000
1122.504824 0.000000
705.302958 0.000000
430.549693 0.000000
0.000000 0.000000
0.000000 0.000000
0.000000 0.000000
0.000000 0.000000
0.000000 0.000000
0.000000 0.000000
0.000000 0.000000
0.000000 0.000000
0.000000 0.000000
0.000000 0.000000
0.000000 0.000000
0.000000 0.000000
0.000000 0.000000
0.000000 0.000000
0.000000 0.000000
0.000000 0.000000
0.000000 0.000000
0.000000 0.000000
0.000000 0.000000
0.000000 0.000000
0.000000 0.000000
0.000000 0.000000
0.000000 0.000000
0.000000 0.000000
0.000000 0.000000
0.000000 0.000000
0.000000 0.000000
0.000000 0.000000
0.000000 0.000000
0.000000 0.000000
0.000000 0.000000
0.000000 0.000000
0.000000 0.000000
0.000000 0.000000
0.000000 0.000000
0.000000 0.000000
0.000000 0.000000
0.000000 0.000000
0.000000 0.000000
0.000000 0.000000
0.000000 0.000000
0.000000 0.000000
0.000000 0.000000
0.000000 0.000000
0.000000 0.000000
0.000000 0.000000
0.000000 0.000000
0.000000 0.000000
0.000000 0.000000
0.000000 0.000000
0.000000 0.000000
0.000000 0.000000
0.000000 0.000000
0.000000 0.000000
0.000000 0.000000
0.000000 0.000000
0.000000 0.000000
0.000000 0.000000
0.000000 0.000000
0.000000 0.000000
0.000000 0.000000
0.000000 0.000000
0.000000 0.000000
0.000000 0.000000
0.000000 0.000000
0.000000 0.000000
8.711367 0.000000
17.067168 0.000000
25.067403 0.000000
32.712072 0.000000
53.512683 0.000000
65.601927 0.000000
73.691068 0.000000
91.469364 0.000000
99.558496 0.000000
109.336551 0.000000
109.603212 0.000000
99.025099 0.000000
79.468923 0.000000
26.756191 0.000000
0.000000 0.000000
0.000000 0.000000
0.000000 0.000000
0.000000 0.000000
0.000000 0.000000
0.000000 0.000000
0.000000 0.000000
0.000000 0.000000
0.000000 0.000000
0.000000 0.000000
0.000000 0.000000
0.000000 0.000000
0.000000 0.000000
0.000000 0.000000
0.000000 0.000000
0.000000 0.000000
0.000000 0.000000
0.000000 0.000000
0.000000 0.000000
0.000000 0.000000
0.000000 0.000000
0.000000 0.000000
0.000000 0.000000
0.000000 0.000000
0.000000 0.000000
0.000000 0.000000
0.000000 0.000000
0.000000 0.000000
0.000000 0.000000
0.000000 0.000000
0.000000 0.000000
0.000000 0.000000
0.000000 0.000000
0.000000 0.000000
0.000000 0.000000
0.000000 0.000000
0.000000 0.000000
0.000000 0.000000
0.000000 0.000000
0.000000 0.000000
0.000000 0.000000
0.000000 0.000000
0.000000 0.000000
0.000000 0.000000
0.000000 0.000000
0.000000 0.000000
0.000000 0.000000
0.000000 0.000000
0.000000 0.000000
0.000000 0.000000
0.000000 0.000000
0.000000 0.000000
0.000000 0.000000
0.000000 0.000000
0.000000 0.000000
0.000000 0.000000
0.000000 0.000000
0.000000 0.000000
0.000000 0.000000
0.000000 0.000000
0.000000 0.000000
0.000000 0.000000
0.000000 0.000000
0.000000 0.000000
0.000000 0.000000
0.000000 0.000000
0.000000 0.000000
0.000000 0.000000
0.000000 0.000000
0.000000 0.000000
0.000000 0.000000
0.000000 0.000000
0.000000 0.000000
0.000000 0.000000
0.000000 0.000000
0.000000 0.000000
0.000000 0.000000
0.000000 0.000000
0.000000 0.000000
0.000000 0.000000
0.000000 0.000000
0.000000 0.000000
0.000000 0.000000
0.000000 0.000000
0.000000 0.000000
0.000000 0.000000
0.000000 0.000000
0.000000 0.000000
0.000000 0.000000
0.000000 0.000000
0.000000 0.000000
0.000000 0.000000
10.809890 0.000000
26.142285 0.000000
49.416640 0.000000
58.020430 0.000000
77.323805 0.000000
99.715720 0.000000
121.776720 0.000000
132.035085 0.000000
121.887025 0.000000
86.479120 0.000000
55.593720 0.000000
24.818625 0.000000
0.000000 0.000000
0.000000 0.000000
0.000000 0.000000
0.000000 0.000000
0.000000 0.000000
0.000000 0.000000
0.000000 0.000000
0.000000 0.000000
0.000000 0.000000
0.000000 0.000000
0.000000 0.000000
0.000000 0.000000
0.000000 0.000000
0.000000 0.000000
0.000000 0.000000
0.000000 0.000000
0.000000 0.000000
0.000000 0.000000
0.000000 0.000000
0.000000 0.000000
0.000000 0.000000
0.000000 0.000000
0.000000 0.000000
0.000000 0.000000
0.000000 0.000000
0.000000 0.000000
0.000000 0.000000
0.000000 0.000000
0.000000 0.000000
0.000000 0.000000
0.000000 0.000000
0.000000 0.000000
0.000000 0.000000
0.000000 0.000000
0.000000 0.000000
0.000000 0.000000
0.000000 0.000000
0.000000 0.000000
0.000000 0.000000
0.000000 0.000000
0.000000 0.000000
0.000000 0.000000
0.000000 0.000000
0.000000 0.000000
0.000000 0.000000
0.000000 0.000000
0.000000 0.000000
0.000000 0.000000
0.000000 0.000000
0.000000 0.000000
0.000000 0.000000
0.000000 0.000000
0.000000 0.000000
0.000000 0.000000
0.000000 0.000000
0.000000 0.000000
0.000000 0.000000
0.000000 0.000000
0.000000 0.000000
0.000000 0.000000
0.000000 0.000000
0.000000 0.000000
0.000000 0.000000
0.000000 0.000000
0.000000 0.000000
0.000000 0.000000
0.000000 0.000000
0.000000 0.000000
0.000000 0.000000
0.000000 0.000000
0.000000 0.000000
0.000000 0.000000
0.000000 0.000000
0.000000 0.000000
0.000000 0.000000
0.000000 0.000000
0.000000 0.000000
0.000000 0.000000
0.000000 0.000000
0.000000 0.000000
0.000000 0.000000
0.000000 0.000000
0.000000 0.000000
0.000000 0.000000
0.000000 0.000000
0.000000 0.000000
0.000000 0.000000
0.000000 0.000000
0.000000 0.000000
0.000000 0.000000
0.000000 0.000000
0.000000 0.000000
0.000000 0.000000
0.000000 0.000000
0.000000 0.000000
0.000000 0.000000
0.000000 0.000000
0.000000 0.000000
0.000000 0.000000
0.000000 0.000000
0.000000 0.000000
0.000000 0.000000
0.000000 0.000000
0.000000 0.000000
0.000000 0.000000
0.000000 0.000000
0.000000 0.000000
0.000000 0.000000
0.000000 0.000000
0.000000 0.000000
0.000000 0.000000
0.000000 0.000000
0.000000 0.000000
0.000000 0.000000
0.000000 0.000000
0.000000 0.000000
0.000000 0.000000
0.000000 0.000000
0.000000 0.000000
0.000000 0.000000
0.000000 0.000000
0.000000 0.000000
0.000000 0.000000
0.000000 0.000000
0.000000 0.000000
0.000000 0.000000
0.000000 0.000000
0.000000 0.000000
0.000000 0.000000
0.000000 0.000000
0.000000 0.000000
0.000000 0.000000
0.000000 0.000000
0.000000 0.000000
0.000000 0.000000
0.000000 0.000000
0.000000 0.000000
0.000000 0.000000
0.000000 0.000000
0.000000 0.000000
0.000000 0.000000
0.000000 0.000000
0.000000 0.000000
0.000000 0.000000
8.018948 0.000000
15.710592 0.000000
26.593450 0.000000
33.466834 0.000000
33.466834 0.000000
46.231690 0.000000
70.043056 0.000000
82.316956 0.000000
93.158901 0.000000
100.073198 0.000000
89.047158 0.000000
73.132006 0.000000
26.061581 0.000000
0.000000 0.000000
0.000000 0.000000
0.000000 0.000000
0.000000 0.000000
0.000000 0.000000
0.000000 0.000000
0.000000 0.000000
0.000000 0.000000
0.000000 0.000000
0.000000 0.000000
0.000000 0.000000
0.000000 0.000000
0.000000 0.000000
0.000000 0.000000
0.000000 0.000000
0.000000 0.000000
0.000000 0.000000
0.000000 0.000000
0.000000 0.000000
0.000000 0.000000
0.000000 0.000000
0.000000 0.000000
0.000000 0.000000
0.000000 0.000000
0.000000 0.000000
0.000000 0.000000
0.000000 0.000000
0.000000 0.000000
0.000000 0.000000
0.000000 0.000000
0.000000 0.000000
0.000000 0.000000
0.000000 0.000000
0.000000 0.000000
0.000000 0.000000
0.000000 0.000000
0.000000 0.000000
0.000000 0.000000
0.000000 0.000000
0.000000 0.000000
0.000000 0.000000
0.000000 0.000000
0.000000 0.000000
0.000000 0.000000
0.000000 0.000000
0.000000 0.000000
0.000000 0.000000
0.000000 0.000000
0.000000 0.000000
0.000000 0.000000
0.000000 0.000000
0.000000 0.000000
0.000000 0.000000
0.000000 0.000000
0.000000 0.000000
0.000000 0.000000
0.000000 0.000000
0.000000 0.000000
0.000000 0.000000
0.000000 0.000000
0.000000 0.000000
0.000000 0.000000
0.000000 0.000000
0.000000 0.000000
0.000000 0.000000
0.000000 0.000000
0.000000 0.000000
0.000000 0.000000
0.000000 0.000000
0.000000 0.000000
0.000000 0.000000
0.000000 0.000000
0.000000 0.000000
0.000000 0.000000
0.000000 0.000000
0.000000 0.000000
0.000000 0.000000
0.000000 0.000000
0.000000 0.000000
0.000000 0.000000
0.000000 0.000000
0.000000 0.000000
0.000000 0.000000
0.000000 0.000000
0.000000 0.000000
0.000000 0.000000
0.000000 0.000000
0.000000 0.000000
0.000000 0.000000
0.000000 0.000000
0.000000 0.000000
0.000000 0.000000
0.000000 0.000000
0.000000 0.000000
0.000000 0.000000
0.000000 0.000000
0.000000 0.000000
0.000000 0.000000
0.000000 0.000000
0.000000 0.000000
0.000000 0.000000
0.000000 0.000000
0.000000 0.000000
0.000000 0.000000
0.000000 0.000000
0.000000 0.000000
0.000000 0.000000
0.000000 0.000000
0.000000 0.000000
0.000000 0.000000
0.000000 0.000000
0.000000 0.000000
0.000000 0.000000
0.000000 0.000000
0.000000 0.000000
0.000000 0.000000
0.000000 0.000000
0.000000 0.000000
0.000000 0.000000
0.000000 0.000000
0.000000 0.000000
0.000000 0.000000
0.000000 0.000000
0.000000 0.000000
0.000000 0.000000
0.000000 0.000000
0.000000 0.000000
0.000000 0.000000
0.000000 0.000000
0.000000 0.000000
0.000000 0.000000
0.000000 0.000000
0.000000 0.000000
0.000000 0.000000
0.000000 0.000000
0.000000 0.000000
0.000000 0.000000
0.000000 0.000000
0.000000 0.000000
0.000000 0.000000
0.000000 0.000000
0.000000 0.000000
0.000000 0.000000
0.000000 0.000000
0.000000 0.000000
0.000000 0.000000
0.000000 0.000000
0.000000 0.000000
