7533804.078937 0.000000
7228691.743177 0.000000
7148063.618302 0.000000
7116133.541632 0.000000
6877233.893717 0.000000
6834037.118496 0.000000
6864841.150517 0.000000
6808014.852326 0.000000
6872414.243279 0.000000
6916873.679376 0.000000
6707988.588490 0.000000
6532496.543899 0.000000
6295239.908119 0.000000
6193951.933974 0.000000
6148488.856696 0.000000
6040997.410450 0.000000
5679154.510330 0.000000
5545422.471355 0.000000
4865289.399278 0.000000
3658580.895194 0.000000
2123512.636405 0.000000
2171337.854604 0.000000
2505899.667805 0.000000
2968107.381933 0.000000
3378914.056975 0.000000
3536963.879996 0.000000
3432565.926446 0.000000
3210735.001307 0.000000
2870288.455919 0.000000
2672636.436988 0.000000
2507368.726317 0.000000
2264969.599371 0.000000
2001857.607080 0.000000
1818144.478652 0.000000
1842013.935995 0.000000
1717271.670550 0.000000
1634361.878131 0.000000
1455251.784444 0.000000
1339159.331995 0.000000
1089299.199619 0.000000
911930.454733 0.000000
656483.523305 0.000000
509407.323960 0.000000
314298.419884 0.000000
163048.285518 0.000000
202293.585646 0.000000
235056.683772 0.000000
299973.804917 0.000000
339277.594603 0.000000
392760.730428 0.000000
419304.497760 0.000000
408494.721841 0.000000
353171.628110 0.000000
331409.023467 0.000000
359038.623812 0.000000
363085.744395 0.000000
335406.557485 0.000000
239993.843729 0.000000
265382.273089 0.000000
298247.584446 0.000000
310283.194584 0.000000
307406.282385 0.000000
305310.358403 0.000000
299831.213388 0.000000
282085.439381 0.000000
311142.667497 0.000000
319008.550414 0.000000
314420.146720 0.000000
309768.772997 0.000000
323131.854539 0.000000
304596.396696 0.000000
339556.666011 0.000000
362130.064442 0.000000
389791.759655 0.000000
449475.801458 0.000000
517215.526875 0.000000
554138.649887 0.000000
554804.836648 0.000000
499413.658760 0.000000
347118.866625 0.000000
339127.894628 0.000000
346798.669694 0.000000
308018.321232 0.000000
197636.993857 0.000000
129114.572193 0.000000
117890.355226 0.000000
120003.807375 0.000000
125388.245673 0.000000
127622.511457 0.000000
118930.092094 0.000000
69352.596361 0.000000
57229.940745 0.000000
55790.676319 0.000000
63545.926979 0.000000
71198.700378 0.000000
77450.300300 0.000000
77014.565279 0.000000
77787.885459 0.000000
75734.953555 0.000000
59265.622426 0.000000
46352.473393 0.000000
34880.265616 0.000000
22198.391290 0.000000
14482.403701 0.000000
2695.299040 0.000000
3916.589798 0.000000
4981.815047 0.000000
6891.423242 0.000000
8909.045549 0.000000
11490.992342 0.000000
14933.367161 0.000000
17534.025969 0.000000
19530.959401 0.000000
22588.022425 0.000000
24276.183888 0.000000
24406.476230 0.000000
20419.737187 0.000000
17601.106505 0.000000
19598.228016 0.000000
21382.026503 0.000000
21371.117322 0.000000
20495.245629 0.000000
12332.668649 0.000000
7759.218286 0.000000
2513.947226 0.000000
1442.072391 0.000000
1857.646811 0.000000
2270.961661 0.000000
2969.641904 0.000000
3693.926817 0.000000
4342.051516 0.000000
5209.412048 0.000000
5815.721502 0.000000
6240.686613 0.000000
6463.224926 0.000000
5965.730468 0.000000
3933.270478 0.000000
3317.564093 0.000000
3453.383482 0.000000
3089.715711 0.000000
2247.931994 0.000000
2235.072047 0.000000
2034.633726 0.000000
1598.194008 0.000000
988.570203 0.000000
44.815915 0.000000
52.783671 0.000000
87.260455 0.000000
129.537171 0.000000
170.887862 0.000000
186.986364 0.000000
258.041084 0.000000
299.302502 0.000000
358.176483 0.000000
414.628552 0.000000
498.576283 0.000000
579.817174 0.000000
711.473368 0.000000
802.865082 0.000000
918.423245 0.000000
952.562769 0.000000
881.848601 0.000000
647.808005 0.000000
515.010414 0.000000
199.765482 0.000000
19.740523 0.000000
0.000000 0.000000
0.000000 0.000000
0.000000 0.000000
0.000000 0.000000
0.000000 0.000000
0.000000 0.000000
0.000000 0.000000
0.000000 0.000000
0.000000 0.000000
0.000000 0.000000
0.000000 0.000000
0.000000 0.000000
0.000000 0.000000
0.000000 0.000000
0.000000 0.000000
0.000000 0.000000
0.000000 0.000000
0.000000 0.000000
0.000000 0.000000
0.000000 0.000000
0.000000 0.000000
0.000000 0.000000
0.000000 0.000000
0.000000 0.000000
0.000000 0.000000
0.000000 0.000000
0.000000 0.000000
0.000000 0.000000
0.000000 0.000000
0.000000 0.000000
0.000000 0.000000
0.000000 0.000000
1.063230 0.000000
2.117920 0.000000
3.164070 0.000000
4.201680 0.000000
7.263270 0.000000
12.675495 0.000000
16.909200 0.000000
21.401240 0.000000
24.417995 0.000000
27.722975 0.000000
33.583550 0.000000
40.586350 0.000000
48.090875 0.000000
53.824372 0.000000
60.410867 0.000000
65.239203 0.000000
60.990647 0.000000
40.192950 0.000000
16.160393 0.000000
0.000000 0.000000
0.000000 0.000000
0.000000 0.000000
0.000000 0.000000
0.000000 0.000000
0.000000 0.000000
0.000000 0.000000
0.000000 0.000000
0.000000 0.000000
0.000000 0.000000
0.000000 0.000000
0.000000 0.000000
0.000000 0.000000
0.000000 0.000000
0.000000 0.000000
0.000000 0.000000
0.000000 0.000000
0.000000 0.000000
0.000000 0.000000
0.000000 0.000000
0.000000 0.000000
0.000000 0.000000
0.000000 0.000000
0.000000 0.000000
0.000000 0.000000
0.000000 0.000000
0.000000 0.000000
0.000000 0.000000
0.000000 0.000000
0.000000 0.000000
0.000000 0.000000
0.000000 0.000000
0.000000 0.000000
0.000000 0.000000
0.000000 0.000000
0.000000 0.000000
0.000000 0.000000
0.000000 0.000000
0.000000 0.000000
0.000000 0.000000
0.000000 0.000000
0.000000 0.000000
0.000000 0.000000
0.000000 0.000000
0.000000 0.000000
0.000000 0.000000
0.000000 0.000000
0.000000 0.000000
0.000000 0.000000
0.000000 0.000000
0.000000 0.000000
0.000000 0.000000
0.000000 0.000000
0.000000 0.000000
0.000000 0.000000
0.000000 0.000000
0.000000 0.000000
0.000000 0.000000
0.000000 0.000000
0.000000 0.000000
0.000000 0.000000
0.000000 0.000000
0.000000 0.000000
0.000000 0.000000
0.000000 0.000000
0.000000 0.000000
0.000000 0.000000
0.000000 0.000000
0.000000 0.000000
0.000000 0.000000
0.000000 0.000000
0.000000 0.000000
0.000000 0.000000
0.000000 0.000000
0.000000 0.000000
0.000000 0.000000
0.000000 0.000000
0.000000 0.000000
0.000000 0.000000
0.000000 0.000000
0.000000 0.000000
0.000000 0.000000
0.000000 0.000000
0.000000 0.000000
0.000000 0.000000
0.000000 0.000000
0.000000 0.000000
0.000000 0.000000
0.000000 0.000000
0.000000 0.000000
0.000000 0.000000
0.000000 0.000000
0.000000 0.000000
0.000000 0.000000
0.000000 0.000000
0.000000 0.000000
0.000000 0.000000
0.000000 0.000000
0.000000 0.000000
0.000000 0.000000
0.000000 0.000000
0.000000 0.000000
0.000000 0.000000
0.000000 0.000000
0.000000 0.000000
0.000000 0.000000
0.000000 0.000000
0.000000 0.000000
0.000000 0.000000
0.000000 0.000000
0.000000 0.000000
0.000000 0.000000
0.000000 0.000000
0.000000 0.000000
0.000000 0.000000
0.000000 0.000000
0.000000 0.000000
0.000000 0.000000
0.000000 0.000000
0.000000 0.000000
0.000000 0.000000
0.000000 0.000000
0.000000 0.000000
0.000000 0.000000
0.000000 0.000000
0.000000 0.000000
0.000000 0.000000
0.000000 0.000000
0.000000 0.000000
0.000000 0.000000
0.000000 0.000000
0.000000 0.000000
0.000000 0.000000
0.000000 0.000000
0.000000 0.000000
0.000000 0.000000
0.000000 0.000000
0.000000 0.000000
0.000000 0.000000
0.000000 0.000000
0.000000 0.000000
0.000000 0.000000
0.000000 0.000000
0.000000 0.000000
0.000000 0.000000
0.000000 0.000000
0.000000 0.000000
0.000000 0.000000
0.000000 0.000000
0.000000 0.000000
0.000000 0.000000
0.000000 0.000000
0.000000 0.000000
0.000000 0.000000
0.000000 0.000000
0.000000 0.000000
0.000000 0.000000
0.000000 0.000000
0.000000 0.000000
0.000000 0.000000
0.000000 0.000000
0.000000 0.000000
0.000000 0.000000
0.000000 0.000000
0.000000 0.000000
0.000000 0.000000
0.000000 0.000000
0.000000 0.000000
0.000000 0.000000
0.000000 0.000000
0.000000 0.000000
0.000000 0.000000
0.000000 0.000000
0.000000 0.000000
0.000000 0.000000
0.000000 0.000000
0.000000 0.000000
0.000000 0.000000
0.000000 0.000000
6602.341563 0.000000
13151.652270 0.000000
19647.932121 0.000000
26091.181117 0.000000
32481.399256 0.000000
51333.868539 0.000000
75728.062266 0.000000
105027.610166 0.000000
127512.693079 0.000000
143819.681277 0.000000
184971.625478 0.000000
215901.872158 0.000000
246659.768526 0.000000
307061.913333 0.000000
350812.369387 0.000000
389737.017726 0.000000
409822.454558 0.000000
387158.393030 0.000000
297701.968959 0.000000
165926.922323 0.000000
191136.465943 0.000000
213111.127226 0.000000
222517.475276 0.000000
208315.148611 0.000000
145566.386785 0.000000
17367.604775 0.000000
6416.733698 0.000000
7954.628552 0.000000
10211.754403 0.000000
14896.699035 0.000000
18977.125490 0.000000
23744.965721 0.000000
28129.237436 0.000000
33853.328454 0.000000
39554.595736 0.000000
45176.690656 0.000000
49509.336380 0.000000
50444.966123 0.000000
47004.537311 0.000000
33959.410220 0.000000
25611.280570 0.000000
31362.336650 0.000000
37540.273911 0.000000
43426.705537 0.000000
48206.289524 0.000000
47588.241175 0.000000
35054.229980 0.000000
30722.510666 0.000000
25735.858002 0.000000
25283.696534 0.000000
19551.594027 0.000000
5891.517542 0.000000
5060.524542 0.000000
5624.695578 0.000000
6770.942722 0.000000
6531.404619 0.000000
1510.791975 0.000000
1.991850 0.000000
0.000000 0.000000
0.000000 0.000000
0.000000 0.000000
0.000000 0.000000
0.000000 0.000000
0.000000 0.000000
0.000000 0.000000
0.000000 0.000000
0.000000 0.000000
0.000000 0.000000
0.000000 0.000000
0.000000 0.000000
0.000000 0.000000
0.000000 0.000000
0.000000 0.000000
0.000000 0.000000
0.000000 0.000000
0.000000 0.000000
0.000000 0.000000
0.000000 0.000000
0.000000 0.000000
0.000000 0.000000
0.000000 0.000000
0.000000 0.000000
0.000000 0.000000
0.000000 0.000000
0.000000 0.000000
0.000000 0.000000
0.000000 0.000000
0.000000 0.000000
0.000000 0.000000
0.000000 0.000000
0.000000 0.000000
0.000000 0.000000
0.000000 0.000000
0.000000 0.000000
0.000000 0.000000
0.000000 0.000000
0.000000 0.000000
0.000000 0.000000
0.000000 0.000000
0.000000 0.000000
0.000000 0.000000
0.000000 0.000000
0.000000 0.000000
0.000000 0.000000
0.000000 0.000000
0.000000 0.000000
0.000000 0.000000
0.000000 0.000000
0.000000 0.000000
0.000000 0.000000
0.000000 0.000000
0.000000 0.000000
0.000000 0.000000
0.000000 0.000000
0.000000 0.000000
0.000000 0.000000
0.000000 0.000000
0.000000 0.000000
0.000000 0.000000
0.000000 0.000000
0.000000 0.000000
0.000000 0.000000
0.000000 0.000000
0.000000 0.000000
0.000000 0.000000
0.000000 0.000000
0.000000 0.000000
0.000000 0.000000
0.000000 0.000000
0.000000 0.000000
0.000000 0.000000
0.000000 0.000000
0.000000 0.000000
0.000000 0.000000
0.000000 0.000000
0.000000 0.000000
0.000000 0.000000
0.000000 0.000000
0.000000 0.000000
0.000000 0.000000
0.000000 0.000000
0.000000 0.000000
0.000000 0.000000
0.000000 0.000000
0.000000 0.000000
0.000000 0.000000
0.000000 0.000000
0.000000 0.000000
0.000000 0.000000
0.000000 0.000000
0.000000 0.000000
0.000000 0.000000
0.000000 0.000000
0.000000 0.000000
0.000000 0.000000
0.000000 0.000000
0.000000 0.000000
0.000000 0.000000
0.000000 0.000000
0.000000 0.000000
0.000000 0.000000
0.000000 0.000000
0.000000 0.000000
0.000000 0.000000
0.000000 0.000000
0.000000 0.000000
0.000000 0.000000
0.000000 0.000000
0.000000 0.000000
0.000000 0.000000
0.000000 0.000000
0.000000 0.000000
0.000000 0.000000
0.000000 0.000000
0.000000 0.000000
0.000000 0.000000
0.000000 0.000000
0.000000 0.000000
0.000000 0.000000
0.000000 0.000000
0.000000 0.000000
0.000000 0.000000
0.000000 0.000000
0.000000 0.000000
0.000000 0.000000
0.000000 0.000000
0.000000 0.000000
9406.206974 0.000000
18736.862084 0.000000
27991.965331 0.000000
27991.965331 0.000000
50789.739895 0.000000
55266.187625 0.000000
68619.979291 0.000000
86072.459381 0.000000
103147.180167 0.000000
128230.398481 0.000000
174269.814838 0.000000
196576.501930 0.000000
241539.304189 0.000000
296843.267647 0.000000
348728.509329 0.000000
400165.161785 0.000000
448046.154812 0.000000
479329.348514 0.000000
474043.079873 0.000000
395469.145130 0.000000
291613.663660 0.000000
154062.046111 0.000000
89904.354955 0.000000
21222.994705 0.000000
26542.319488 0.000000
32865.067713 0.000000
39969.305207 0.000000
48386.256916 0.000000
54737.336589 0.000000
63317.196539 0.000000
70501.707470 0.000000
71747.131782 0.000000
65086.759713 0.000000
44030.212309 0.000000
30597.320741 0.000000
34351.893781 0.000000
36337.195701 0.000000
34749.426003 0.000000
25697.073668 0.000000
18297.713190 0.000000
20429.987018 0.000000
21981.160707 0.000000
21660.802956 0.000000
18327.815332 0.000000
10023.751557 0.000000
4979.340039 0.000000
1168.693619 0.000000
1480.050078 0.000000
1776.650306 0.000000
2272.459769 0.000000
2869.718409 0.000000
3435.103451 0.000000
4069.178592 0.000000
4485.746791 0.000000
4555.617063 0.000000
4143.474658 0.000000
2391.096562 0.000000
319.914140 0.000000
0.000000 0.000000
0.000000 0.000000
0.000000 0.000000
0.000000 0.000000
0.000000 0.000000
0.000000 0.000000
0.000000 0.000000
0.000000 0.000000
0.000000 0.000000
0.000000 0.000000
0.000000 0.000000
0.000000 0.000000
0.000000 0.000000
0.000000 0.000000
0.000000 0.000000
0.000000 0.000000
0.000000 0.000000
0.000000 0.000000
0.000000 0.000000
0.000000 0.000000
0.000000 0.000000
0.000000 0.000000
0.000000 0.000000
0.000000 0.000000
0.000000 0.000000
0.000000 0.000000
0.000000 0.000000
0.000000 0.000000
0.000000 0.000000
0.000000 0.000000
0.000000 0.000000
0.000000 0.000000
0.000000 0.000000
0.000000 0.000000
0.000000 0.000000
0.000000 0.000000
0.000000 0.000000
0.000000 0.000000
0.000000 0.000000
0.000000 0.000000
0.000000 0.000000
0.000000 0.000000
0.000000 0.000000
0.000000 0.000000
0.000000 0.000000
0.000000 0.000000
0.000000 0.000000
0.000000 0.000000
0.228582 0.000000
0.455328 0.000000
0.680238 0.000000
1.124550 0.000000
1.561518 0.000000
1.777248 0.000000
2.203200 0.000000
3.235950 0.000000
3.734883 0.000000
4.221882 0.000000
4.791960 0.000000
5.658686 0.000000
6.773605 0.000000
8.226962 0.000000
9.529785 0.000000
11.406963 0.000000
12.496242 0.000000
13.661223 0.000000
14.063407 0.000000
12.226750 0.000000
7.675753 0.000000
3.223961 0.000000
0.225336 0.000000
0.000000 0.000000
0.000000 0.000000
0.000000 0.000000
0.000000 0.000000
0.000000 0.000000
0.983052 0.000000
1.958208 0.000000
2.925468 0.000000
3.884832 0.000000
4.836300 0.000000
5.779872 0.000000
7.643328 0.000000
9.927246 0.000000
15.412005 0.000000
20.767467 0.000000
24.469704 0.000000
32.125863 0.000000
38.989461 0.000000
47.925759 0.000000
53.429271 0.000000
57.745912 0.000000
58.929294 0.000000
52.949924 0.000000
38.812451 0.000000
23.184201 0.000000
11.752805 0.000000
0.000000 0.000000
0.000000 0.000000
0.000000 0.000000
0.000000 0.000000
0.000000 0.000000
0.000000 0.000000
0.000000 0.000000
0.000000 0.000000
0.000000 0.000000
0.000000 0.000000
0.000000 0.000000
0.000000 0.000000
0.000000 0.000000
0.000000 0.000000
0.000000 0.000000
0.000000 0.000000
0.000000 0.000000
0.000000 0.000000
0.000000 0.000000
0.000000 0.000000
0.000000 0.000000
0.000000 0.000000
0.000000 0.000000
0.000000 0.000000
0.000000 0.000000
0.000000 0.000000
0.000000 0.000000
0.000000 0.000000
0.000000 0.000000
0.000000 0.000000
0.000000 0.000000
0.000000 0.000000
0.000000 0.000000
0.000000 0.000000
0.000000 0.000000
0.000000 0.000000
0.000000 0.000000
0.000000 0.000000
0.000000 0.000000
0.000000 0.000000
0.000000 0.000000
0.000000 0.000000
0.000000 0.000000
0.000000 0.000000
0.000000 0.000000
0.000000 0.000000
0.000000 0.000000
0.000000 0.000000
0.000000 0.000000
0.000000 0.000000
0.000000 0.000000
0.000000 0.000000
0.000000 0.000000
0.000000 0.000000
0.000000 0.000000
0.000000 0.000000
0.000000 0.000000
0.000000 0.000000
0.000000 0.000000
0.000000 0.000000
0.000000 0.000000
0.000000 0.000000
0.000000 0.000000
0.000000 0.000000
0.000000 0.000000
0.000000 0.000000
0.000000 0.000000
0.000000 0.000000
0.000000 0.000000
0.000000 0.000000
0.000000 0.000000
0.000000 0.000000
0.000000 0.000000
0.000000 0.000000
0.000000 0.000000
0.000000 0.000000
0.000000 0.000000
0.000000 0.000000
0.000000 0.000000
0.000000 0.000000
0.000000 0.000000
0.000000 0.000000
0.000000 0.000000
0.000000 0.000000
0.000000 0.000000
0.000000 0.000000
0.000000 0.000000
0.000000 0.000000
0.000000 0.000000
0.000000 0.000000
0.000000 0.000000
0.000000 0.000000
0.000000 0.000000
0.000000 0.000000
0.000000 0.000000
0.000000 0.000000
0.000000 0.000000
0.000000 0.000000
0.000000 0.000000
0.000000 0.000000
0.000000 0.000000
0.000000 0.000000
0.000000 0.000000
0.000000 0.000000
0.000000 0.000000
0.000000 0.000000
0.000000 0.000000
0.000000 0.000000
0.000000 0.000000
0.000000 0.000000
0.000000 0.000000
0.000000 0.000000
0.000000 0.000000
0.000000 0.000000
0.000000 0.000000
0.000000 0.000000
0.000000 0.000000
0.000000 0.000000
0.000000 0.000000
0.000000 0.000000
0.000000 0.000000
0.000000 0.000000
0.000000 0.000000
0.000000 0.000000
0.000000 0.000000
0.000000 0.000000
0.000000 0.000000
0.000000 0.000000
0.000000 0.000000
0.000000 0.000000
0.000000 0.000000
0.000000 0.000000
0.000000 0.000000
0.000000 0.000000
0.000000 0.000000
0.000000 0.000000
0.000000 0.000000
0.000000 0.000000
0.000000 0.000000
0.000000 0.000000
0.000000 0.000000
0.000000 0.000000
0.000000 0.000000
0.000000 0.000000
0.000000 0.000000
0.000000 0.000000
0.000000 0.000000
0.000000 0.000000
0.000000 0.000000
0.000000 0.000000
0.000000 0.000000
0.000000 0.000000
0.000000 0.000000
0.000000 0.000000
0.000000 0.000000
0.000000 0.000000
0.000000 0.000000
0.000000 0.000000
0.000000 0.000000
0.000000 0.000000
0.000000 0.000000
0.000000 0.000000
0.000000 0.000000
0.000000 0.000000
0.000000 0.000000
0.000000 0.000000
0.000000 0.000000
0.000000 0.000000
0.000000 0.000000
0.000000 0.000000
0.000000 0.000000
0.000000 0.000000
0.000000 0.000000
0.000000 0.000000
0.000000 0.000000
0.000000 0.000000
0.000000 0.000000
0.000000 0.000000
0.000000 0.000000
0.000000 0.000000
0.000000 0.000000
0.000000 0.000000
0.000000 0.000000
0.000000 0.000000
0.000000 0.000000
0.000000 0.000000
0.000000 0.000000
0.000000 0.000000
0.000000 0.000000
0.000000 0.000000
0.000000 0.000000
0.000000 0.000000
0.000000 0.000000
0.000000 0.000000
0.000000 0.000000
0.000000 0.000000
0.000000 0.000000
0.000000 0.000000
0.000000 0.000000
0.000000 0.000000
0.000000 0.000000
0.000000 0.000000
0.000000 0.000000
0.000000 0.000000
0.000000 0.000000
0.000000 0.000000
0.000000 0.000000
0.000000 0.000000
0.000000 0.000000
0.000000 0.000000
0.000000 0.000000
0.000000 0.000000
0.000000 0.000000
0.000000 0.000000
0.000000 0.000000
0.000000 0.000000
0.000000 0.000000
0.000000 0.000000
0.000000 0.000000
0.000000 0.000000
0.000000 0.000000
0.000000 0.000000
0.000000 0.000000
0.000000 0.000000
0.000000 0.000000
0.000000 0.000000
0.000000 0.000000
0.000000 0.000000
0.000000 0.000000
0.000000 0.000000
0.000000 0.000000
0.000000 0.000000
0.000000 0.000000
0.000000 0.000000
0.000000 0.000000
0.000000 0.000000
0.000000 0.000000
0.000000 0.000000
0.000000 0.000000
0.000000 0.000000
0.000000 0.000000
0.000000 0.000000
0.000000 0.000000
0.000000 0.000000
0.000000 0.000000
0.000000 0.000000
0.000000 0.000000
0.000000 0.000000
0.000000 0.000000
0.000000 0.000000
0.000000 0.000000
0.000000 0.000000
0.000000 0.000000
0.000000 0.000000
0.000000 0.000000
0.000000 0.000000
0.000000 0.000000
0.000000 0.000000
0.000000 0.000000
0.000000 0.000000
0.000000 0.000000
0.000000 0.000000
