30925501.599996 0.000000
30306952.168224 0.000000
29142631.579724 0.000000
28605067.864401 0.000000
27328141.372305 0.000000
26182926.063453 0.000000
25439049.081105 0.000000
24395526.422720 0.000000
24231537.595779 0.000000
23623841.516127 0.000000
22722057.422799 0.000000
22039258.568681 0.000000
21851772.048035 0.000000
21021501.315497 0.000000
20081235.679766 0.000000
19598919.793524 0.000000
18078044.866314 0.000000
17312946.198220 0.000000
16156312.797252 0.000000
15207587.343140 0.000000
14002149.845250 0.000000
14360679.765217 0.000000
13963230.285782 0.000000
11976271.628239 0.000000
10551597.261665 0.000000
8593311.277406 0.000000
7646657.581277 0.000000
6988190.131989 0.000000
6645625.921259 0.000000
5381975.620693 0.000000
3803713.493610 0.000000
1839097.304451 0.000000
1093199.244661 0.000000
1340346.043133 0.000000
1621885.746610 0.000000
2097677.080468 0.000000
2694251.317052 0.000000
3365338.972864 0.000000
4365132.252311 0.000000
5059049.736609 0.000000
5928059.729329 0.000000
6573857.533960 0.000000
6770710.192432 0.000000
6113271.712899 0.000000
4933988.348940 0.000000
4591331.259011 0.000000
4228496.499093 0.000000
3537720.648894 0.000000
2988606.399615 0.000000
2198151.501526 0.000000
1675747.439851 0.000000
2062542.630859 0.000000
2448651.735152 0.000000
2777869.331966 0.000000
2734110.372724 0.000000
2729219.956622 0.000000
2557043.007146 0.000000
2541985.553160 0.000000
2359556.684886 0.000000
2231038.543657 0.000000
2035384.042639 0.000000
1962692.949962 0.000000
1839342.873747 0.000000
1635536.163912 0.000000
1892514.883266 0.000000
2095203.769951 0.000000
1851965.408610 0.000000
1791456.288564 0.000000
1805884.685939 0.000000
1733922.499435 0.000000
1715263.843458 0.000000
1670075.111310 0.000000
1648521.773357 0.000000
1573248.929921 0.000000
1537333.796966 0.000000
1403217.353843 0.000000
1181129.267662 0.000000
983328.665849 0.000000
894231.373263 0.000000
976135.052697 0.000000
1004857.635775 0.000000
841069.876678 0.000000
475076.045533 0.000000
556184.949663 0.000000
622175.837325 0.000000
573937.536420 0.000000
650263.675544 0.000000
728192.246870 0.000000
778204.065880 0.000000
767284.051354 0.000000
772834.915904 0.000000
863809.459138 0.000000
929331.126006 0.000000
953801.951427 0.000000
909107.831142 0.000000
788856.777233 0.000000
629692.124891 0.000000
718099.912507 0.000000
826154.697283 0.000000
889192.737644 0.000000
870093.376149 0.000000
755691.502531 0.000000
688176.791956 0.000000
691540.120553 0.000000
628051.783051 0.000000
648815.877412 0.000000
586255.081041 0.000000
313754.971778 0.000000
158939.331287 0.000000
144338.864074 0.000000
169509.495975 0.000000
199407.514962 0.000000
223551.847046 0.000000
244145.924221 0.000000
254522.400552 0.000000
231891.136358 0.000000
205170.553434 0.000000
167951.690807 0.000000
141499.204779 0.000000
89546.029983 0.000000
84814.520854 0.000000
102750.833395 0.000000
126599.130533 0.000000
151341.841179 0.000000
181605.588346 0.000000
209772.499762 0.000000
231582.905537 0.000000
232042.518919 0.000000
218161.730256 0.000000
178161.917385 0.000000
154190.596451 0.000000
93626.736846 0.000000
110172.857934 0.000000
133820.843039 0.000000
155033.728978 0.000000
174168.241180 0.000000
190149.609220 0.000000
195365.362392 0.000000
185751.379626 0.000000
147834.742487 0.000000
74867.576419 0.000000
87294.295160 0.000000
101135.664393 0.000000
120803.407446 0.000000
139944.050283 0.000000
154809.704129 0.000000
165660.512101 0.000000
159919.095990 0.000000
131640.269623 0.000000
111216.951315 0.000000
69632.470275 0.000000
30483.112736 0.000000
6703.766012 0.000000
7910.610560 0.000000
10066.333093 0.000000
12001.746139 0.000000
15195.481766 0.000000
18894.786375 0.000000
23324.390238 0.000000
27234.013676 0.000000
30854.945317 0.000000
34009.887775 0.000000
39197.303097 0.000000
23436.614577 0.000000
23618.562170 0.000000
17385.060609 0.000000
13196.847103 0.000000
14955.240414 0.000000
16967.418136 0.000000
18869.890268 0.000000
18675.133583 0.000000
16406.485196 0.000000
10338.927943 0.000000
9383.251937 0.000000
7802.041733 0.000000
3049.333251 0.000000
369.848955 0.000000
536.930512 0.000000
1015.315182 0.000000
1177.297899 0.000000
1214.686558 0.000000
1708.780095 0.000000
2059.971693 0.000000
2895.164840 0.000000
3140.002281 0.000000
4046.629726 0.000000
4993.605484 0.000000
6581.147138 0.000000
7573.557648 0.000000
9671.888493 0.000000
11469.193168 0.000000
13231.775484 0.000000
15343.571945 0.000000
17250.751192 0.000000
19397.206908 0.000000
20342.727404 0.000000
19280.764517 0.000000
20103.143109 0.000000
19540.249417 0.000000
15613.337230 0.000000
6665.227231 0.000000
13.031631 0.000000
15.862671 0.000000
17.269344 0.000000
24.214239 0.000000
26.948424 0.000000
31.677366 0.000000
35.008479 0.000000
39.610601 0.000000
51.727156 0.000000
59.688546 0.000000
74.911526 0.000000
92.181721 0.000000
110.272800 0.000000
132.865463 0.000000
153.349927 0.000000
169.401901 0.000000
178.855076 0.000000
170.354252 0.000000
126.153671 0.000000
81.635736 0.000000
88.429796 0.000000
91.886244 0.000000
83.126619 0.000000
52.480432 0.000000
1.979472 0.000000
2.416840 0.000000
3.952872 0.000000
4.368528 0.000000
5.785604 0.000000
7.333412 0.000000
8.729420 0.000000
10.231688 0.000000
12.786528 0.000000
27.393078 0.000000
42.124609 0.000000
55.880214 0.000000
69.401724 0.000000
104.985958 0.000000
114.620379 0.000000
176.758604 0.000000
198.273360 0.000000
221.088194 0.000000
275.640116 0.000000
338.365682 0.000000
426.166093 0.000000
546.589957 0.000000
695.554040 0.000000
895.719493 0.000000
1074.518069 0.000000
1252.436335 0.000000
1397.919013 0.000000
1506.250246 0.000000
1503.157681 0.000000
1299.767459 0.000000
723.078862 0.000000
0.000000 0.000000
0.000000 0.000000
0.000000 0.000000
0.000000 0.000000
0.000000 0.000000
0.000000 0.000000
0.000000 0.000000
0.000000 0.000000
0.000000 0.000000
0.000000 0.000000
0.000000 0.000000
0.000000 0.000000
0.000000 0.000000
0.000000 0.000000
0.000000 0.000000
0.000000 0.000000
0.000000 0.000000
0.000000 0.000000
0.000000 0.000000
0.000000 0.000000
0.000000 0.000000
0.000000 0.000000
0.000000 0.000000
0.000000 0.000000
0.000000 0.000000
0.000000 0.000000
0.000000 0.000000
0.000000 0.000000
0.000000 0.000000
0.000000 0.000000
0.000000 0.000000
0.000000 0.000000
0.000000 0.000000
0.000000 0.000000
0.000000 0.000000
227.693700 0.000000
454.474800 0.000000
680.343300 0.000000
905.299200 0.000000
1352.473200 0.000000
2454.437700 0.000000
3530.725362 0.000000
4795.662186 0.000000
5210.006994 0.000000
6025.017816 0.000000
7811.651988 0.000000
10076.359770 0.000000
12890.441250 0.000000
15163.340724 0.000000
18509.114736 0.000000
22043.520954 0.000000
25937.506179 0.000000
28098.914796 0.000000
28338.567066 0.000000
23897.204172 0.000000
12812.699205 0.000000
0.000000 0.000000
0.000000 0.000000
0.000000 0.000000
0.000000 0.000000
0.000000 0.000000
0.000000 0.000000
0.000000 0.000000
0.000000 0.000000
0.000000 0.000000
0.000000 0.000000
0.000000 0.000000
233.604355 0.000000
466.272420 0.000000
698.004195 0.000000
1387.581780 0.000000
1970.134132 0.000000
2868.204797 0.000000
3311.622390 0.000000
3969.726604 0.000000
5807.209718 0.000000
7256.240292 0.000000
8582.474116 0.000000
10063.820918 0.000000
12469.936715 0.000000
16181.353335 0.000000
20770.822951 0.000000
24465.708857 0.000000
27700.241821 0.000000
29785.587896 0.000000
30268.920823 0.000000
27774.937522 0.000000
18917.707966 0.000000
1438.429944 0.000000
1756.253907 0.000000
2195.484668 0.000000
3114.726892 0.000000
4296.585784 0.000000
5741.398701 0.000000
7719.036968 0.000000
9732.209127 0.000000
12568.808833 0.000000
14627.143129 0.000000
16016.099468 0.000000
18667.977860 0.000000
21721.411009 0.000000
25496.612935 0.000000
29426.467278 0.000000
31216.650643 0.000000
30840.255120 0.000000
35216.494264 0.000000
38757.804786 0.000000
43006.288394 0.000000
46692.616311 0.000000
47196.132265 0.000000
55785.229736 0.000000
63565.343064 0.000000
67882.859934 0.000000
68664.913220 0.000000
64209.205261 0.000000
46729.125068 0.000000
8699.832975 0.000000
7266.148423 0.000000
8099.588723 0.000000
8247.561966 0.000000
8431.352127 0.000000
7841.569841 0.000000
7859.669603 0.000000
7817.958595 0.000000
9477.218349 0.000000
11224.680712 0.000000
13232.879944 0.000000
14940.803206 0.000000
16561.906345 0.000000
17267.527223 0.000000
16112.874877 0.000000
11547.629452 0.000000
1750.503833 0.000000
0.000000 0.000000
0.000000 0.000000
0.000000 0.000000
0.000000 0.000000
0.000000 0.000000
0.000000 0.000000
0.000000 0.000000
0.000000 0.000000
0.000000 0.000000
0.000000 0.000000
0.000000 0.000000
0.000000 0.000000
0.000000 0.000000
0.000000 0.000000
0.000000 0.000000
0.000000 0.000000
0.000000 0.000000
0.000000 0.000000
0.000000 0.000000
0.000000 0.000000
0.000000 0.000000
0.000000 0.000000
0.000000 0.000000
376.786417 0.000000
752.062668 0.000000
1125.828753 0.000000
1835.822459 0.000000
2906.663016 0.000000
3964.584339 0.000000
5752.372414 0.000000
8129.731923 0.000000
11099.655182 0.000000
13023.904092 0.000000
15256.428544 0.000000
18046.225259 0.000000
21485.381944 0.000000
26332.547786 0.000000
30179.347547 0.000000
35608.272829 0.000000
41149.178096 0.000000
45389.813819 0.000000
48388.992409 0.000000
47034.521326 0.000000
38090.841474 0.000000
18554.997258 0.000000
9433.428400 0.000000
8618.555285 0.000000
9908.781415 0.000000
11860.326138 0.000000
13819.069491 0.000000
15843.627171 0.000000
17862.848150 0.000000
20042.919297 0.000000
21638.772539 0.000000
21795.903866 0.000000
19480.891676 0.000000
12489.769796 0.000000
3976.398395 0.000000
4965.884313 0.000000
6260.633025 0.000000
8201.831259 0.000000
10263.002355 0.000000
12558.923493 0.000000
15174.892027 0.000000
13872.722363 0.000000
13727.947036 0.000000
16543.469180 0.000000
20584.157203 0.000000
24135.350987 0.000000
26615.161377 0.000000
30145.078768 0.000000
34468.507119 0.000000
38007.492884 0.000000
38076.690004 0.000000
39235.581854 0.000000
39028.102521 0.000000
33124.949261 0.000000
26976.723987 0.000000
28486.857502 0.000000
28557.021979 0.000000
24136.563249 0.000000
16741.996316 0.000000
9348.270963 0.000000
6913.651358 0.000000
5670.885862 0.000000
4266.413137 0.000000
4603.543462 0.000000
4534.302886 0.000000
4151.187986 0.000000
4104.179607 0.000000
3609.640770 0.000000
3245.713250 0.000000
3798.683672 0.000000
4259.040688 0.000000
4649.997955 0.000000
4290.087053 0.000000
2999.028776 0.000000
2371.014560 0.000000
2457.731704 0.000000
2634.278707 0.000000
2767.891981 0.000000
2435.288490 0.000000
1868.591142 0.000000
1197.680648 0.000000
968.330707 0.000000
1095.118253 0.000000
1265.915798 0.000000
1393.583164 0.000000
1542.802464 0.000000
1636.004218 0.000000
1680.555426 0.000000
1582.330940 0.000000
1162.719422 0.000000
702.214498 0.000000
833.786425 0.000000
922.031343 0.000000
983.666581 0.000000
1010.054530 0.000000
845.479262 0.000000
183.662345 0.000000
19.970714 0.000000
29.895918 0.000000
39.781021 0.000000
59.430920 0.000000
78.920412 0.000000
98.249496 0.000000
126.942359 0.000000
192.488809 0.000000
229.061683 0.000000
264.992927 0.000000
343.492270 0.000000
418.743363 0.000000
459.145962 0.000000
536.943523 0.000000
625.007153 0.000000
752.631243 0.000000
944.879441 0.000000
1076.012443 0.000000
1201.029914 0.000000
1253.102147 0.000000
1168.467224 0.000000
789.925950 0.000000
107.853886 0.000000
0.000000 0.000000
46.688935 0.000000
46.688935 0.000000
93.190740 0.000000
139.505415 0.000000
185.632960 0.000000
231.573375 0.000000
413.463735 0.000000
547.916640 0.000000
680.685375 0.000000
768.262215 0.000000
983.929540 0.000000
1401.229440 0.000000
1602.862015 0.000000
2067.692935 0.000000
2326.400160 0.000000
2982.384375 0.000000
3703.199979 0.000000
4282.969278 0.000000
4831.859151 0.000000
5416.791829 0.000000
5797.621111 0.000000
5791.620401 0.000000
5125.318593 0.000000
3406.228809 0.000000
0.000000 0.000000
0.000000 0.000000
0.000000 0.000000
0.000000 0.000000
0.000000 0.000000
0.000000 0.000000
0.000000 0.000000
0.000000 0.000000
0.000000 0.000000
0.000000 0.000000
0.000000 0.000000
0.000000 0.000000
28.162063 0.000000
56.211252 0.000000
84.147567 0.000000
111.971008 0.000000
139.681575 0.000000
222.136032 0.000000
303.574623 0.000000
400.825320 0.000000
496.596833 0.000000
651.423149 0.000000
789.810569 0.000000
952.299336 0.000000
1255.573150 0.000000
1607.741145 0.000000
1801.252446 0.000000
2234.274128 0.000000
2623.105206 0.000000
2992.329074 0.000000
3320.963878 0.000000
3400.988763 0.000000
3086.658641 0.000000
2103.100519 0.000000
1716.677516 0.000000
878.137808 0.000000
198.879584 0.000000
297.352805 0.000000
374.725901 0.000000
436.692406 0.000000
542.145425 0.000000
653.634516 0.000000
755.427546 0.000000
836.749450 0.000000
863.664485 0.000000
817.525727 0.000000
553.341944 0.000000
354.998565 0.000000
401.545569 0.000000
428.534103 0.000000
432.544649 0.000000
362.595317 0.000000
201.514541 0.000000
165.812472 0.000000
194.552442 0.000000
211.045842 0.000000
220.475304 0.000000
212.018688 0.000000
164.909304 0.000000
62.257734 0.000000
0.000000 0.000000
0.000000 0.000000
0.000000 0.000000
0.000000 0.000000
0.000000 0.000000
0.000000 0.000000
0.000000 0.000000
0.000000 0.000000
0.000000 0.000000
0.000000 0.000000
0.000000 0.000000
0.000000 0.000000
0.000000 0.000000
0.000000 0.000000
23.825753 0.000000
47.556012 0.000000
71.190777 0.000000
71.190777 0.000000
118.173825 0.000000
151.402758 0.000000
184.464259 0.000000
264.963997 0.000000
410.356390 0.000000
601.454505 0.000000
785.035403 0.000000
979.010695 0.000000
1413.457551 0.000000
1704.079287 0.000000
2068.445285 0.000000
2542.893637 0.000000
2912.328669 0.000000
3378.572581 0.000000
4146.116944 0.000000
4884.379660 0.000000
5318.774410 0.000000
5777.129366 0.000000
6003.636512 0.000000
6593.752002 0.000000
6676.339547 0.000000
7043.138851 0.000000
7751.622432 0.000000
8079.419601 0.000000
8638.751997 0.000000
8959.012745 0.000000
8226.416053 0.000000
6663.008623 0.000000
7654.574498 0.000000
8493.637444 0.000000
8923.806611 0.000000
8435.465315 0.000000
5760.724503 0.000000
1039.038848 0.000000
922.029047 0.000000
838.141324 0.000000
969.897831 0.000000
1141.424738 0.000000
1261.932305 0.000000
1279.892823 0.000000
1255.066080 0.000000
1334.125754 0.000000
1458.774152 0.000000
1740.541616 0.000000
2089.162092 0.000000
2226.612625 0.000000
2541.790521 0.000000
2966.871770 0.000000
3885.462469 0.000000
4377.632929 0.000000
4986.600628 0.000000
5822.902455 0.000000
6669.531231 0.000000
7587.369235 0.000000
8511.522085 0.000000
9002.709382 0.000000
9234.618718 0.000000
8266.885034 0.000000
5543.829936 0.000000
0.000000 0.000000
0.000000 0.000000
0.000000 0.000000
0.000000 0.000000
0.000000 0.000000
0.000000 0.000000
0.000000 0.000000
0.000000 0.000000
0.000000 0.000000
0.000000 0.000000
0.000000 0.000000
0.000000 0.000000
0.000000 0.000000
0.000000 0.000000
0.000000 0.000000
0.000000 0.000000
0.000000 0.000000
0.000000 0.000000
0.000000 0.000000
0.000000 0.000000
0.000000 0.000000
21.977457 0.000000
21.977457 0.000000
43.866828 0.000000
65.668113 0.000000
109.006425 0.000000
151.992393 0.000000
173.353248 0.000000
194.626017 0.000000
257.915808 0.000000
371.877303 0.000000
442.984952 0.000000
562.429556 0.000000
745.010007 0.000000
837.764967 0.000000
1109.382904 0.000000
1346.301857 0.000000
1670.925122 0.000000
1980.713551 0.000000
2334.780913 0.000000
2616.008533 0.000000
2722.866910 0.000000
2575.014936 0.000000
1911.942697 0.000000
877.041956 0.000000
0.000000 0.000000
0.000000 0.000000
0.000000 0.000000
0.000000 0.000000
0.000000 0.000000
0.000000 0.000000
0.000000 0.000000
0.000000 0.000000
0.000000 0.000000
0.000000 0.000000
0.000000 0.000000
0.000000 0.000000
0.000000 0.000000
0.000000 0.000000
0.000000 0.000000
0.000000 0.000000
0.000000 0.000000
0.000000 0.000000
0.000000 0.000000
0.000000 0.000000
0.000000 0.000000
10.946064 0.000000
27.277416 0.000000
32.684640 0.000000
54.203856 0.000000
72.865908 0.000000
106.927032 0.000000
114.621084 0.000000
165.918420 0.000000
208.216512 0.000000
251.156232 0.000000
308.310480 0.000000
387.779124 0.000000
456.477192 0.000000
559.346064 0.000000
682.215084 0.000000
828.972408 0.000000
954.183096 0.000000
1079.360880 0.000000
1143.786912 0.000000
1090.131456 0.000000
826.436058 0.000000
661.704924 0.000000
536.543592 0.000000
232.472479 0.000000
3.008916 0.000000
5.993664 0.000000
8.954244 0.000000
10.425471 0.000000
13.349799 0.000000
16.249959 0.000000
19.125951 0.000000
20.554884 0.000000
26.210196 0.000000
29.001600 0.000000
37.230804 0.000000
51.752751 0.000000
61.854975 0.000000
78.603399 0.000000
93.095136 0.000000
105.565824 0.000000
124.416864 0.000000
155.470800 0.000000
186.247594 0.000000
213.095029 0.000000
233.415920 0.000000
243.822994 0.000000
207.484254 0.000000
121.351338 0.000000
117.237400 0.000000
151.475506 0.000000
202.019181 0.000000
257.001129 0.000000
331.793805 0.000000
429.782738 0.000000
506.184240 0.000000
617.942239 0.000000
724.670024 0.000000
863.033888 0.000000
1012.343789 0.000000
1179.332262 0.000000
1326.672117 0.000000
1423.552620 0.000000
1375.696545 0.000000
1125.835075 0.000000
674.309876 0.000000
449.592126 0.000000
51.899832 0.000000
60.172938 0.000000
79.058112 0.000000
99.923328 0.000000
115.069752 0.000000
136.981818 0.000000
162.447192 0.000000
198.955338 0.000000
226.424682 0.000000
249.832248 0.000000
296.132928 0.000000
342.864312 0.000000
365.236992 0.000000
373.013592 0.000000
341.996922 0.000000
248.103450 0.000000
8.919162 0.000000
0.000000 0.000000
0.000000 0.000000
0.000000 0.000000
0.000000 0.000000
0.000000 0.000000
0.000000 0.000000
0.000000 0.000000
0.000000 0.000000
0.000000 0.000000
0.000000 0.000000
0.000000 0.000000
0.000000 0.000000
0.000000 0.000000
0.000000 0.000000
0.000000 0.000000
0.000000 0.000000
0.000000 0.000000
0.000000 0.000000
0.000000 0.000000
0.000000 0.000000
0.000000 0.000000
0.000000 0.000000
0.000000 0.000000
0.000000 0.000000
0.000000 0.000000
0.000000 0.000000
0.000000 0.000000
0.000000 0.000000
0.000000 0.000000
0.000000 0.000000
0.000000 0.000000
0.000000 0.000000
0.000000 0.000000
0.000000 0.000000
0.000000 0.000000
0.000000 0.000000
0.000000 0.000000
0.000000 0.000000
0.000000 0.000000
0.000000 0.000000
0.000000 0.000000
0.000000 0.000000
0.000000 0.000000
0.000000 0.000000
0.000000 0.000000
0.000000 0.000000
0.000000 0.000000
0.000000 0.000000
0.000000 0.000000
0.000000 0.000000
0.000000 0.000000
0.000000 0.000000
0.000000 0.000000
0.000000 0.000000
0.000000 0.000000
0.000000 0.000000
0.000000 0.000000
0.000000 0.000000
0.000000 0.000000
0.000000 0.000000
0.000000 0.000000
0.000000 0.000000
0.000000 0.000000
0.000000 0.000000
0.000000 0.000000
0.000000 0.000000
0.000000 0.000000
0.000000 0.000000
0.000000 0.000000
0.000000 0.000000
0.000000 0.000000
0.000000 0.000000
0.000000 0.000000
0.000000 0.000000
0.000000 0.000000
0.000000 0.000000
0.000000 0.000000
0.000000 0.000000
0.000000 0.000000
0.000000 0.000000
0.000000 0.000000
0.000000 0.000000
0.000000 0.000000
0.000000 0.000000
0.000000 0.000000
0.000000 0.000000
0.000000 0.000000
0.000000 0.000000
0.000000 0.000000
0.000000 0.000000
0.000000 0.000000
0.000000 0.000000
0.000000 0.000000
0.000000 0.000000
0.000000 0.000000
0.000000 0.000000
0.000000 0.000000
0.000000 0.000000
0.000000 0.000000
0.000000 0.000000
0.000000 0.000000
0.000000 0.000000
0.000000 0.000000
0.000000 0.000000
0.000000 0.000000
0.000000 0.000000
0.000000 0.000000
0.000000 0.000000
0.000000 0.000000
0.000000 0.000000
0.000000 0.000000
0.000000 0.000000
0.000000 0.000000
0.000000 0.000000
0.000000 0.000000
0.000000 0.000000
0.000000 0.000000
0.000000 0.000000
0.000000 0.000000
0.000000 0.000000
0.000000 0.000000
0.000000 0.000000
0.000000 0.000000
0.000000 0.000000
0.000000 0.000000
0.000000 0.000000
0.000000 0.000000
0.000000 0.000000
0.000000 0.000000
0.000000 0.000000
0.000000 0.000000
0.000000 0.000000
0.000000 0.000000
0.000000 0.000000
0.000000 0.000000
0.000000 0.000000
0.000000 0.000000
0.000000 0.000000
0.000000 0.000000
0.000000 0.000000
0.000000 0.000000
0.000000 0.000000
0.000000 0.000000
0.000000 0.000000
0.000000 0.000000
0.000000 0.000000
0.000000 0.000000
0.000000 0.000000
0.000000 0.000000
0.000000 0.000000
0.000000 0.000000
0.000000 0.000000
0.000000 0.000000
0.000000 0.000000
0.000000 0.000000
0.000000 0.000000
0.000000 0.000000
