291588.537623 0.000000
271694.535400 0.000000
249812.563063 0.000000
186680.232255 0.000000
170253.787615 0.000000
150288.388424 0.000000
126371.157700 0.000000
118224.167113 0.000000
120354.245094 0.000000
129719.936419 0.000000
141032.420252 0.000000
126920.553460 0.000000
110056.796840 0.000000
98908.993887 0.000000
103486.495126 0.000000
89213.995291 0.000000
61021.564321 0.000000
44017.483527 0.000000
31879.266835 0.000000
36194.522781 0.000000
45371.152978 0.000000
54774.083160 0.000000
56815.718654 0.000000
55470.435169 0.000000
52660.997792 0.000000
49858.308235 0.000000
36880.598501 0.000000
23808.446769 0.000000
28840.113365 0.000000
31737.920701 0.000000
36999.725013 0.000000
34428.756410 0.000000
34616.530519 0.000000
31499.693835 0.000000
23163.300052 0.000000
17073.112570 0.000000
23538.516593 0.000000
29166.704188 0.000000
34051.370104 0.000000
37922.114444 0.000000
42955.704305 0.000000
43049.750522 0.000000
44888.007593 0.000000
45710.720481 0.000000
44914.839133 0.000000
34175.871828 0.000000
37746.466942 0.000000
32407.894937 0.000000
25364.484197 0.000000
14340.438635 0.000000
14803.380201 0.000000
17507.627799 0.000000
18555.674042 0.000000
15256.127659 0.000000
3474.869508 0.000000
1428.469902 0.000000
1734.448152 0.000000
2021.287372 0.000000
2957.765041 0.000000
4126.298593 0.000000
7428.208557 0.000000
9323.004386 0.000000
9727.099550 0.000000
9936.166141 0.000000
8097.844061 0.000000
3308.552431 0.000000
3102.465225 0.000000
3120.252333 0.000000
2866.226822 0.000000
2537.676457 0.000000
3800.663438 0.000000
7587.959221 0.000000
8910.228935 0.000000
13682.968057 0.000000
16309.509303 0.000000
20295.574471 0.000000
21384.247661 0.000000
21008.053108 0.000000
20919.169665 0.000000
19544.056011 0.000000
16795.762362 0.000000
17449.100120 0.000000
19294.550291 0.000000
19994.547766 0.000000
16966.459961 0.000000
7972.837599 0.000000
374.122909 0.000000
732.975495 0.000000
732.975495 0.000000
732.975495 0.000000
1076.557758 0.000000
1404.869698 0.000000
2892.450647 0.000000
3969.027591 0.000000
5061.770864 0.000000
6334.347720 0.000000
8092.608977 0.000000
9601.885683 0.000000
10015.030933 0.000000
9932.997793 0.000000
8739.057721 0.000000
6407.531030 0.000000
1072.637393 0.000000
842.080368 0.000000
1085.506285 0.000000
1464.460458 0.000000
1759.230594 0.000000
2147.726828 0.000000
2489.612654 0.000000
2668.950544 0.000000
2526.127963 0.000000
1578.840224 0.000000
631.345456 0.000000
905.843480 0.000000
1100.103655 0.000000
1281.978437 0.000000
3441.193864 0.000000
5440.734398 0.000000
9262.204470 0.000000
12532.512854 0.000000
15383.427137 0.000000
16641.469143 0.000000
20536.640901 0.000000
21846.375593 0.000000
23784.992927 0.000000
24872.428990 0.000000
24767.638457 0.000000
18311.352966 0.000000
15195.505372 0.000000
13759.915836 0.000000
5159.555285 0.000000
587.928828 0.000000
789.766766 0.000000
981.331565 0.000000
1296.354979 0.000000
1596.225180 0.000000
1740.819659 0.000000
2139.373526 0.000000
2402.799158 0.000000
2674.083317 0.000000
2482.991148 0.000000
1662.101264 0.000000
0.000000 0.000000
31.584371 0.000000
61.879584 0.000000
90.885639 0.000000
118.602536 0.000000
170.168856 0.000000
194.018279 0.000000
256.336439 0.000000
273.630531 0.000000
335.076036 0.000000
376.287407 0.000000
399.036091 0.000000
307.183158 0.000000
55.559458 0.000000
26.032633 0.000000
2279.537209 0.000000
4436.451365 0.000000
7483.459922 0.000000
10289.420771 0.000000
13633.336756 0.000000
19519.543933 0.000000
22825.953222 0.000000
25019.379877 0.000000
20584.213724 0.000000
14760.871019 0.000000
11147.925858 0.000000
2366.497452 0.000000
9.547723 0.000000
7.567070 0.000000
14.825280 0.000000
28.415120 0.000000
40.769520 0.000000
56.830240 0.000000
118.493658 0.000000
173.441432 0.000000
258.229506 0.000000
326.100699 0.000000
370.553336 0.000000
441.383145 0.000000
472.897219 0.000000
517.717160 0.000000
513.501086 0.000000
493.856103 0.000000
399.464608 0.000000
259.988537 0.000000
156.897313 0.000000
179.071650 0.000000
245.584140 0.000000
376.650052 0.000000
506.961153 0.000000
620.823433 0.000000
721.507283 0.000000
818.815798 0.000000
951.895062 0.000000
1044.354450 0.000000
1163.110249 0.000000
1236.144903 0.000000
1266.538984 0.000000
1217.351789 0.000000
1199.642102 0.000000
942.773448 0.000000
673.704391 0.000000
389.540593 0.000000
187.697070 0.000000
240.857160 0.000000
275.869991 0.000000
298.684184 0.000000
312.728184 0.000000
354.341973 0.000000
250.148257 0.000000
296.748387 0.000000
253.776510 0.000000
268.548927 0.000000
482.474214 0.000000
621.087820 0.000000
596.922955 0.000000
772.526372 0.000000
1099.177054 0.000000
1250.224319 0.000000
1654.253811 0.000000
1882.679887 0.000000
2078.364427 0.000000
2324.144386 0.000000
2531.137817 0.000000
2652.368180 0.000000
2186.835322 0.000000
1079.546712 0.000000
1336.726316 0.000000
2013.504111 0.000000
2373.135673 0.000000
2872.848271 0.000000
3342.495541 0.000000
2851.035912 0.000000
3246.566640 0.000000
3751.333100 0.000000
4152.426376 0.000000
4191.338920 0.000000
3994.062526 0.000000
2881.776689 0.000000
166.569376 0.000000
45.830400 0.000000
67.313400 0.000000
87.841600 0.000000
126.033600 0.000000
143.697400 0.000000
222.707100 0.000000
252.067200 0.000000
275.877525 0.000000
280.890225 0.000000
250.097925 0.000000
173.892950 0.000000
141.071700 0.000000
137.908925 0.000000
110.130215 0.000000
73.609112 0.000000
70.655216 0.000000
43.413624 0.000000
16.858206 0.000000
0.000000 0.000000
0.000000 0.000000
0.000000 0.000000
0.000000 0.000000
0.000000 0.000000
0.000000 0.000000
0.000000 0.000000
0.000000 0.000000
66.672879 0.000000
130.624416 0.000000
191.854611 0.000000
250.363464 0.000000
306.150975 0.000000
489.306787 0.000000
623.082853 0.000000
772.031683 0.000000
880.194453 0.000000
942.434856 0.000000
960.629159 0.000000
751.585213 0.000000
369.663012 0.000000
364.207623 0.000000
360.893906 0.000000
313.899374 0.000000
353.995637 0.000000
624.219015 0.000000
881.107654 0.000000
1329.988394 0.000000
2027.468406 0.000000
2777.151663 0.000000
3225.100950 0.000000
3408.213446 0.000000
3114.924361 0.000000
1500.565388 0.000000
0.000000 0.000000
0.000000 0.000000
0.000000 0.000000
0.000000 0.000000
2.077649 0.000000
4.070496 0.000000
7.801784 0.000000
7.801784 0.000000
9.540225 0.000000
71.647785 0.000000
131.219936 0.000000
187.027037 0.000000
240.828720 0.000000
290.165724 0.000000
436.561946 0.000000
548.922611 0.000000
673.562213 0.000000
729.236683 0.000000
600.448263 0.000000
341.891880 0.000000
77.793156 0.000000
98.634489 0.000000
129.690694 0.000000
144.340902 0.000000
168.346386 0.000000
178.124457 0.000000
180.685151 0.000000
150.872356 0.000000
117.933602 0.000000
39.567119 0.000000
1.152556 0.000000
0.963888 0.000000
0.131694 0.000000
0.000000 0.000000
0.000000 0.000000
0.000000 0.000000
0.000000 0.000000
0.000000 0.000000
0.000000 0.000000
0.000000 0.000000
0.000000 0.000000
0.000000 0.000000
12.788314 0.000000
25.054656 0.000000
101.095656 0.000000
178.592405 0.000000
237.222995 0.000000
293.200389 0.000000
397.195589 0.000000
454.003934 0.000000
549.406294 0.000000
729.476547 0.000000
766.550388 0.000000
860.046137 0.000000
842.056435 0.000000
590.159614 0.000000
282.573561 0.000000
314.273712 0.000000
337.049396 0.000000
404.285825 0.000000
449.585433 0.000000
437.606036 0.000000
320.645212 0.000000
234.869322 0.000000
268.338988 0.000000
291.778894 0.000000
288.717538 0.000000
250.213767 0.000000
203.997993 0.000000
230.851087 0.000000
228.897350 0.000000
180.344699 0.000000
141.217818 0.000000
117.639745 0.000000
76.087214 0.000000
0.000000 0.000000
0.000000 0.000000
0.000000 0.000000
0.000000 0.000000
0.000000 0.000000
0.000000 0.000000
0.000000 0.000000
0.000000 0.000000
0.000000 0.000000
0.000000 0.000000
0.000000 0.000000
0.000000 0.000000
0.000000 0.000000
0.000000 0.000000
0.000000 0.000000
0.000000 0.000000
0.000000 0.000000
0.000000 0.000000
0.000000 0.000000
0.000000 0.000000
0.000000 0.000000
0.000000 0.000000
0.000000 0.000000
0.000000 0.000000
0.000000 0.000000
0.000000 0.000000
38.801287 0.000000
76.018848 0.000000
111.652683 0.000000
178.169175 0.000000
209.051832 0.000000
248.490281 0.000000
337.591779 0.000000
407.042111 0.000000
460.293389 0.000000
513.327850 0.000000
501.145700 0.000000
447.412905 0.000000
351.800741 0.000000
228.909019 0.000000
217.495440 0.000000
268.575555 0.000000
343.694525 0.000000
404.763556 0.000000
515.730263 0.000000
652.803198 0.000000
652.239664 0.000000
512.777703 0.000000
554.443862 0.000000
476.656558 0.000000
504.519042 0.000000
753.974831 0.000000
1103.905397 0.000000
1432.931385 0.000000
1873.728938 0.000000
2348.950844 0.000000
2549.194261 0.000000
2545.331716 0.000000
2009.764115 0.000000
967.881671 0.000000
1108.970938 0.000000
1307.859556 0.000000
1309.000739 0.000000
997.163991 0.000000
343.342724 0.000000
199.338264 0.000000
185.457811 0.000000
0.000000 0.000000
0.000000 0.000000
0.000000 0.000000
0.000000 0.000000
0.000000 0.000000
0.000000 0.000000
0.000000 0.000000
0.000000 0.000000
0.000000 0.000000
0.000000 0.000000
0.000000 0.000000
0.000000 0.000000
0.000000 0.000000
0.000000 0.000000
0.000000 0.000000
0.000000 0.000000
0.000000 0.000000
0.000000 0.000000
0.000000 0.000000
0.000000 0.000000
0.000000 0.000000
0.000000 0.000000
0.000000 0.000000
0.000000 0.000000
0.000000 0.000000
0.000000 0.000000
0.000000 0.000000
0.000000 0.000000
0.000000 0.000000
0.000000 0.000000
0.000000 0.000000
0.000000 0.000000
0.000000 0.000000
0.000000 0.000000
0.000000 0.000000
0.000000 0.000000
0.000000 0.000000
0.000000 0.000000
0.000000 0.000000
0.000000 0.000000
0.000000 0.000000
0.000000 0.000000
0.000000 0.000000
51.696911 0.000000
101.283744 0.000000
178.389023 0.000000
266.097266 0.000000
363.491945 0.000000
529.368398 0.000000
573.325363 0.000000
660.769961 0.000000
702.799631 0.000000
663.849867 0.000000
327.748156 0.000000
323.105391 0.000000
313.610040 0.000000
225.778104 0.000000
73.852616 0.000000
0.000000 0.000000
0.000000 0.000000
0.000000 0.000000
0.000000 0.000000
0.000000 0.000000
0.000000 0.000000
0.000000 0.000000
0.000000 0.000000
0.000000 0.000000
0.000000 0.000000
0.000000 0.000000
0.000000 0.000000
0.000000 0.000000
0.000000 0.000000
66.040338 0.000000
129.385152 0.000000
190.034442 0.000000
303.246450 0.000000
355.809168 0.000000
452.848032 0.000000
518.214489 0.000000
631.426497 0.000000
670.848546 0.000000
754.072853 0.000000
811.858140 0.000000
826.346571 0.000000
755.420593 0.000000
565.386165 0.000000
223.475791 0.000000
0.000000 0.000000
0.000000 0.000000
0.000000 0.000000
0.000000 0.000000
0.000000 0.000000
0.000000 0.000000
0.000000 0.000000
0.000000 0.000000
0.000000 0.000000
0.000000 0.000000
0.000000 0.000000
0.000000 0.000000
0.000000 0.000000
0.000000 0.000000
0.000000 0.000000
0.000000 0.000000
0.000000 0.000000
0.000000 0.000000
0.000000 0.000000
0.000000 0.000000
0.000000 0.000000
0.000000 0.000000
0.000000 0.000000
0.000000 0.000000
0.000000 0.000000
0.000000 0.000000
0.000000 0.000000
0.000000 0.000000
0.000000 0.000000
0.000000 0.000000
0.000000 0.000000
0.000000 0.000000
0.000000 0.000000
0.000000 0.000000
0.000000 0.000000
0.000000 0.000000
0.000000 0.000000
0.000000 0.000000
0.000000 0.000000
0.000000 0.000000
0.000000 0.000000
0.000000 0.000000
0.000000 0.000000
0.000000 0.000000
0.000000 0.000000
0.000000 0.000000
0.000000 0.000000
0.000000 0.000000
0.000000 0.000000
0.000000 0.000000
0.000000 0.000000
13.564425 0.000000
26.575200 0.000000
57.308637 0.000000
73.789684 0.000000
73.789684 0.000000
115.322307 0.000000
142.196539 0.000000
165.384624 0.000000
167.375322 0.000000
112.058027 0.000000
28.339730 0.000000
0.000000 0.000000
2.291436 0.000000
4.489344 0.000000
6.593724 0.000000
8.604576 0.000000
12.345696 0.000000
15.712704 0.000000
21.324384 0.000000
26.889300 0.000000
28.292220 0.000000
27.123120 0.000000
13.935672 0.000000
1.122336 0.000000
0.000000 0.000000
0.000000 0.000000
0.000000 0.000000
0.000000 0.000000
0.000000 0.000000
0.000000 0.000000
0.000000 0.000000
0.000000 0.000000
0.000000 0.000000
0.000000 0.000000
0.000000 0.000000
0.000000 0.000000
0.000000 0.000000
0.000000 0.000000
0.000000 0.000000
0.000000 0.000000
0.000000 0.000000
0.000000 0.000000
0.000000 0.000000
0.000000 0.000000
0.000000 0.000000
0.000000 0.000000
0.000000 0.000000
0.000000 0.000000
0.000000 0.000000
0.000000 0.000000
0.000000 0.000000
0.000000 0.000000
0.000000 0.000000
0.000000 0.000000
0.000000 0.000000
0.000000 0.000000
0.000000 0.000000
0.000000 0.000000
0.000000 0.000000
0.000000 0.000000
0.000000 0.000000
0.000000 0.000000
0.000000 0.000000
0.000000 0.000000
0.000000 0.000000
0.000000 0.000000
0.000000 0.000000
0.000000 0.000000
0.000000 0.000000
0.000000 0.000000
0.000000 0.000000
0.000000 0.000000
0.000000 0.000000
0.000000 0.000000
0.000000 0.000000
0.000000 0.000000
0.000000 0.000000
0.000000 0.000000
0.000000 0.000000
0.000000 0.000000
0.000000 0.000000
0.000000 0.000000
0.000000 0.000000
0.000000 0.000000
0.000000 0.000000
0.000000 0.000000
0.000000 0.000000
0.000000 0.000000
0.000000 0.000000
0.000000 0.000000
0.000000 0.000000
0.000000 0.000000
0.000000 0.000000
0.000000 0.000000
0.000000 0.000000
0.000000 0.000000
0.000000 0.000000
0.000000 0.000000
0.000000 0.000000
0.000000 0.000000
0.000000 0.000000
0.000000 0.000000
0.000000 0.000000
12.002648 0.000000
41.705098 0.000000
62.915742 0.000000
86.595240 0.000000
103.396748 0.000000
124.924730 0.000000
151.006620 0.000000
162.411347 0.000000
179.739504 0.000000
163.325089 0.000000
131.155517 0.000000
33.358702 0.000000
0.000000 0.000000
0.000000 0.000000
0.000000 0.000000
0.000000 0.000000
0.000000 0.000000
0.000000 0.000000
0.000000 0.000000
0.000000 0.000000
0.000000 0.000000
0.000000 0.000000
0.000000 0.000000
0.000000 0.000000
0.000000 0.000000
0.000000 0.000000
0.000000 0.000000
0.000000 0.000000
0.000000 0.000000
0.000000 0.000000
0.000000 0.000000
0.000000 0.000000
0.000000 0.000000
0.000000 0.000000
0.000000 0.000000
0.000000 0.000000
0.000000 0.000000
0.000000 0.000000
0.000000 0.000000
0.000000 0.000000
0.000000 0.000000
0.000000 0.000000
0.000000 0.000000
0.000000 0.000000
0.000000 0.000000
0.000000 0.000000
0.000000 0.000000
0.000000 0.000000
0.000000 0.000000
0.000000 0.000000
0.000000 0.000000
0.000000 0.000000
479.341434 0.000000
914.353036 0.000000
1751.475442 0.000000
2310.079267 0.000000
2851.230016 0.000000
3323.854751 0.000000
3870.261999 0.000000
4879.460176 0.000000
5549.788436 0.000000
4892.155680 0.000000
2893.881819 0.000000
3011.907292 0.000000
2556.767128 0.000000
223.825863 0.000000
0.000000 0.000000
0.000000 0.000000
0.000000 0.000000
0.000000 0.000000
0.000000 0.000000
0.000000 0.000000
0.000000 0.000000
0.000000 0.000000
0.000000 0.000000
0.000000 0.000000
0.000000 0.000000
14.071428 0.000000
27.568512 0.000000
46.665450 0.000000
75.526236 0.000000
75.526236 0.000000
105.679296 0.000000
129.801744 0.000000
155.072880 0.000000
172.087821 0.000000
175.749264 0.000000
161.893215 0.000000
74.233962 0.000000
32.163264 0.000000
0.000000 0.000000
0.748279 0.000000
8.927533 0.000000
16.772345 0.000000
38.383852 0.000000
62.093394 0.000000
75.201310 0.000000
91.431177 0.000000
116.373980 0.000000
137.736137 0.000000
144.286615 0.000000
159.162829 0.000000
158.695815 0.000000
137.953582 0.000000
85.546856 0.000000
86.286764 0.000000
124.774401 0.000000
142.095274 0.000000
160.442489 0.000000
184.845701 0.000000
181.001253 0.000000
128.176915 0.000000
160.352646 0.000000
180.351864 0.000000
198.043709 0.000000
166.125950 0.000000
148.435563 0.000000
92.551461 0.000000
0.000000 0.000000
0.000000 0.000000
20.040020 0.000000
39.262080 0.000000
83.636410 0.000000
91.611520 0.000000
135.781360 0.000000
164.614450 0.000000
183.427530 0.000000
214.714500 0.000000
225.756960 0.000000
202.240610 0.000000
172.896295 0.000000
128.930945 0.000000
110.220110 0.000000
10.020010 0.000000
0.000000 0.000000
0.000000 0.000000
0.000000 0.000000
0.000000 0.000000
0.000000 0.000000
0.000000 0.000000
0.000000 0.000000
0.000000 0.000000
0.000000 0.000000
3.413536 0.000000
6.687744 0.000000
9.822624 0.000000
12.818176 0.000000
15.674400 0.000000
20.968864 0.000000
27.795936 0.000000
30.686992 0.000000
36.294944 0.000000
40.579280 0.000000
42.425376 0.000000
40.021968 0.000000
27.482448 0.000000
9.840040 0.000000
0.000000 0.000000
0.000000 0.000000
0.000000 0.000000
0.000000 0.000000
0.000000 0.000000
0.000000 0.000000
0.000000 0.000000
0.000000 0.000000
0.000000 0.000000
0.000000 0.000000
0.000000 0.000000
0.000000 0.000000
0.000000 0.000000
0.000000 0.000000
0.000000 0.000000
0.000000 0.000000
0.000000 0.000000
0.000000 0.000000
0.000000 0.000000
0.000000 0.000000
0.000000 0.000000
0.000000 0.000000
0.000000 0.000000
0.000000 0.000000
0.000000 0.000000
28.937048 0.000000
56.692992 0.000000
83.267832 0.000000
120.767884 0.000000
165.649836 0.000000
215.551480 0.000000
263.976744 0.000000
274.606680 0.000000
295.276000 0.000000
319.024942 0.000000
326.706530 0.000000
312.954959 0.000000
248.575045 0.000000
189.641011 0.000000
96.629071 0.000000
0.000000 0.000000
0.000000 0.000000
0.000000 0.000000
0.000000 0.000000
0.000000 0.000000
0.000000 0.000000
0.000000 0.000000
0.000000 0.000000
32.502582 0.000000
63.678528 0.000000
93.527838 0.000000
162.181251 0.000000
244.101024 0.000000
266.819678 0.000000
293.020737 0.000000
373.613865 0.000000
383.563614 0.000000
352.055988 0.000000
191.035584 0.000000
198.995400 0.000000
206.955216 0.000000
180.422496 0.000000
93.693686 0.000000
15.919680 0.000000
23.382030 0.000000
37.311750 0.000000
43.779120 0.000000
58.455075 0.000000
70.975240 0.000000
103.615038 0.000000
154.795187 0.000000
216.078588 0.000000
242.948171 0.000000
277.361967 0.000000
314.179526 0.000000
385.954140 0.000000
410.267408 0.000000
370.469477 0.000000
259.708916 0.000000
16.225079 0.000000
0.000000 0.000000
0.000000 0.000000
0.000000 0.000000
0.000000 0.000000
0.000000 0.000000
0.000000 0.000000
0.000000 0.000000
0.000000 0.000000
0.000000 0.000000
0.000000 0.000000
0.000000 0.000000
0.000000 0.000000
0.000000 0.000000
0.000000 0.000000
0.000000 0.000000
0.000000 0.000000
0.000000 0.000000
0.000000 0.000000
0.000000 0.000000
0.000000 0.000000
0.000000 0.000000
0.000000 0.000000
0.000000 0.000000
0.000000 0.000000
0.000000 0.000000
0.000000 0.000000
0.000000 0.000000
0.000000 0.000000
0.000000 0.000000
0.000000 0.000000
0.000000 0.000000
10.624082 0.000000
20.814528 0.000000
20.814528 0.000000
30.571338 0.000000
483.293413 0.000000
922.805743 0.000000
1324.369266 0.000000
2090.258026 0.000000
2602.406777 0.000000
3224.419639 0.000000
3982.816248 0.000000
4754.516864 0.000000
5385.525966 0.000000
5398.647750 0.000000
4881.844809 0.000000
2481.002353 0.000000
1532.736766 0.000000
1815.501522 0.000000
2369.165106 0.000000
2897.076896 0.000000
3399.236892 0.000000
4738.330271 0.000000
6149.340181 0.000000
6645.476915 0.000000
7211.587033 0.000000
7555.248190 0.000000
7439.100324 0.000000
6872.465026 0.000000
5231.283293 0.000000
3856.330688 0.000000
3053.196498 0.000000
1928.164866 0.000000
1997.372787 0.000000
1600.820489 0.000000
467.007314 0.000000
557.789719 0.000000
586.835076 0.000000
670.247700 0.000000
744.257497 0.000000
943.920758 0.000000
1085.020305 0.000000
843.602863 0.000000
404.096579 0.000000
645.247058 0.000000
644.763838 0.000000
221.538499 0.000000
0.000000 0.000000
0.000000 0.000000
0.000000 0.000000
0.000000 0.000000
0.000000 0.000000
36.798412 0.000000
72.094848 0.000000
105.889308 0.000000
168.972300 0.000000
252.331968 0.000000
277.114572 0.000000
300.395200 0.000000
485.884472 0.000000
581.320866 0.000000
736.593322 0.000000
740.261247 0.000000
624.121119 0.000000
678.677580 0.000000
897.152910 0.000000
1159.065253 0.000000
1371.606484 0.000000
1470.153976 0.000000
1465.667516 0.000000
1659.588529 0.000000
1558.753186 0.000000
1656.877488 0.000000
1883.363358 0.000000
1869.660520 0.000000
1580.242808 0.000000
1160.096988 0.000000
1308.781016 0.000000
1371.103558 0.000000
1415.816891 0.000000
1267.345482 0.000000
869.918522 0.000000
927.068360 0.000000
948.325150 0.000000
873.032682 0.000000
905.786387 0.000000
848.443272 0.000000
603.701555 0.000000
468.245916 0.000000
469.076042 0.000000
315.738747 0.000000
129.905814 0.000000
11.178782 0.000000
0.000000 0.000000
0.000000 0.000000
0.000000 0.000000
0.000000 0.000000
0.000000 0.000000
0.000000 0.000000
0.000000 0.000000
0.000000 0.000000
0.000000 0.000000
0.000000 0.000000
0.000000 0.000000
0.000000 0.000000
0.000000 0.000000
0.000000 0.000000
0.000000 0.000000
0.000000 0.000000
0.000000 0.000000
0.000000 0.000000
0.000000 0.000000
0.000000 0.000000
0.000000 0.000000
0.000000 0.000000
0.000000 0.000000
0.000000 0.000000
0.000000 0.000000
0.000000 0.000000
0.000000 0.000000
0.000000 0.000000
0.000000 0.000000
0.000000 0.000000
0.000000 0.000000
0.000000 0.000000
0.000000 0.000000
0.000000 0.000000
0.000000 0.000000
0.000000 0.000000
0.000000 0.000000
0.000000 0.000000
0.000000 0.000000
0.000000 0.000000
0.000000 0.000000
0.000000 0.000000
0.000000 0.000000
0.000000 0.000000
0.000000 0.000000
0.000000 0.000000
0.000000 0.000000
0.000000 0.000000
0.000000 0.000000
0.000000 0.000000
0.000000 0.000000
0.000000 0.000000
0.000000 0.000000
0.000000 0.000000
0.000000 0.000000
0.000000 0.000000
0.000000 0.000000
0.000000 0.000000
0.000000 0.000000
0.000000 0.000000
0.000000 0.000000
0.000000 0.000000
0.000000 0.000000
0.000000 0.000000
0.000000 0.000000
0.000000 0.000000
0.000000 0.000000
0.000000 0.000000
20.958280 0.000000
20.958280 0.000000
41.061120 0.000000
60.308520 0.000000
96.237000 0.000000
136.228820 0.000000
163.602900 0.000000
206.054110 0.000000
235.887580 0.000000
257.006255 0.000000
247.382555 0.000000
202.365025 0.000000
144.943615 0.000000
157.240565 0.000000
142.911945 0.000000
79.128200 0.000000
14.649410 0.000000
0.000000 0.000000
0.000000 0.000000
0.000000 0.000000
0.000000 0.000000
0.000000 0.000000
0.000000 0.000000
0.000000 0.000000
0.000000 0.000000
0.000000 0.000000
0.000000 0.000000
0.000000 0.000000
0.000000 0.000000
0.000000 0.000000
0.000000 0.000000
0.000000 0.000000
0.000000 0.000000
0.000000 0.000000
0.000000 0.000000
0.000000 0.000000
0.000000 0.000000
0.000000 0.000000
0.000000 0.000000
0.000000 0.000000
0.000000 0.000000
5.561598 0.000000
5.561598 0.000000
10.896192 0.000000
18.444075 0.000000
23.211159 0.000000
34.050600 0.000000
45.287298 0.000000
49.997631 0.000000
57.715767 0.000000
64.156995 0.000000
67.675560 0.000000
68.356575 0.000000
62.653106 0.000000
52.693320 0.000000
29.851074 0.000000
10.215264 0.000000
0.000000 0.000000
0.000000 0.000000
0.000000 0.000000
0.000000 0.000000
0.000000 0.000000
3.330873 0.000000
6.525792 0.000000
9.584757 0.000000
15.294825 0.000000
25.083513 0.000000
31.847212 0.000000
34.838181 0.000000
40.276356 0.000000
42.145744 0.000000
39.188773 0.000000
29.824995 0.000000
4.792449 0.000000
0.000000 0.000000
0.000000 0.000000
0.000000 0.000000
0.000000 0.000000
0.000000 0.000000
0.000000 0.000000
0.000000 0.000000
0.000000 0.000000
0.000000 0.000000
0.000000 0.000000
0.000000 0.000000
0.000000 0.000000
0.000000 0.000000
0.000000 0.000000
0.000000 0.000000
0.000000 0.000000
0.000000 0.000000
0.000000 0.000000
0.000000 0.000000
0.000000 0.000000
0.000000 0.000000
0.000000 0.000000
0.000000 0.000000
0.000000 0.000000
0.000000 0.000000
0.000000 0.000000
0.000000 0.000000
0.000000 0.000000
0.000000 0.000000
0.000000 0.000000
0.000000 0.000000
0.000000 0.000000
0.000000 0.000000
0.000000 0.000000
0.000000 0.000000
0.000000 0.000000
0.000000 0.000000
0.000000 0.000000
0.000000 0.000000
0.000000 0.000000
0.000000 0.000000
0.000000 0.000000
0.000000 0.000000
0.000000 0.000000
0.000000 0.000000
0.000000 0.000000
0.000000 0.000000
0.000000 0.000000
0.000000 0.000000
0.000000 0.000000
0.000000 0.000000
0.000000 0.000000
0.000000 0.000000
0.000000 0.000000
0.000000 0.000000
0.000000 0.000000
0.000000 0.000000
0.000000 0.000000
0.000000 0.000000
45.999779 0.000000
90.122016 0.000000
132.366711 0.000000
175.265923 0.000000
213.701090 0.000000
250.258716 0.000000
333.178304 0.000000
415.575737 0.000000
484.775415 0.000000
572.132678 0.000000
574.618824 0.000000
481.088988 0.000000
326.912951 0.000000
304.451398 0.000000
266.909499 0.000000
67.747500 0.000000
0.000000 0.000000
0.000000 0.000000
0.000000 0.000000
0.000000 0.000000
0.000000 0.000000
0.000000 0.000000
0.000000 0.000000
0.000000 0.000000
0.000000 0.000000
0.000000 0.000000
0.000000 0.000000
0.000000 0.000000
0.000000 0.000000
0.000000 0.000000
0.000000 0.000000
0.000000 0.000000
0.000000 0.000000
0.000000 0.000000
0.000000 0.000000
0.000000 0.000000
0.000000 0.000000
10.354974 0.000000
20.287296 0.000000
38.883984 0.000000
59.699595 0.000000
70.794210 0.000000
77.133990 0.000000
88.756920 0.000000
104.500707 0.000000
121.406787 0.000000
117.708582 0.000000
89.760719 0.000000
65.511056 0.000000
59.858067 0.000000
29.215727 0.000000
13.947384 0.000000
15.902131 0.000000
19.494639 0.000000
22.664499 0.000000
27.736275 0.000000
31.117459 0.000000
32.992959 0.000000
24.922971 0.000000
11.186875 0.000000
0.000000 0.000000
0.000000 0.000000
0.000000 0.000000
0.000000 0.000000
0.000000 0.000000
0.000000 0.000000
0.000000 0.000000
0.000000 0.000000
0.000000 0.000000
0.000000 0.000000
0.000000 0.000000
0.000000 0.000000
0.000000 0.000000
0.000000 0.000000
0.000000 0.000000
0.000000 0.000000
0.000000 0.000000
0.000000 0.000000
0.000000 0.000000
0.000000 0.000000
0.000000 0.000000
0.000000 0.000000
0.000000 0.000000
0.000000 0.000000
0.000000 0.000000
0.000000 0.000000
0.000000 0.000000
0.000000 0.000000
0.000000 0.000000
0.000000 0.000000
0.000000 0.000000
0.000000 0.000000
0.000000 0.000000
0.000000 0.000000
0.000000 0.000000
0.000000 0.000000
0.000000 0.000000
0.000000 0.000000
0.000000 0.000000
0.000000 0.000000
0.000000 0.000000
0.000000 0.000000
0.000000 0.000000
0.000000 0.000000
0.000000 0.000000
0.000000 0.000000
0.000000 0.000000
0.000000 0.000000
0.000000 0.000000
0.000000 0.000000
0.000000 0.000000
0.000000 0.000000
0.000000 0.000000
0.000000 0.000000
0.000000 0.000000
0.000000 0.000000
0.000000 0.000000
0.000000 0.000000
0.000000 0.000000
0.000000 0.000000
0.000000 0.000000
0.000000 0.000000
0.000000 0.000000
0.000000 0.000000
0.000000 0.000000
0.000000 0.000000
0.000000 0.000000
0.000000 0.000000
3.894471 0.000000
7.629984 0.000000
11.206539 0.000000
14.624136 0.000000
17.882775 0.000000
20.982456 0.000000
23.923179 0.000000
31.791600 0.000000
43.157079 0.000000
49.495546 0.000000
48.104681 0.000000
35.586770 0.000000
1.947260 0.000000
0.000000 0.000000
0.000000 0.000000
0.000000 0.000000
0.000000 0.000000
220.579300 0.000000
432.155362 0.000000
639.866601 0.000000
1017.571688 0.000000
1441.652933 0.000000
1805.685495 0.000000
2296.156365 0.000000
2413.727902 0.000000
2733.407193 0.000000
2518.390000 0.000000
2132.241403 0.000000
1025.168075 0.000000
262.047438 0.000000
447.986442 0.000000
655.903618 0.000000
952.627355 0.000000
1266.983215 0.000000
1488.626273 0.000000
1665.621883 0.000000
1666.933212 0.000000
1806.316338 0.000000
1904.235160 0.000000
2045.099249 0.000000
2026.166431 0.000000
1968.812774 0.000000
1513.256219 0.000000
961.994698 0.000000
599.570310 0.000000
665.339091 0.000000
725.953455 0.000000
814.707399 0.000000
858.400858 0.000000
571.532901 0.000000
163.239262 0.000000
0.000000 0.000000
0.000000 0.000000
0.000000 0.000000
0.000000 0.000000
0.000000 0.000000
0.000000 0.000000
0.000000 0.000000
0.000000 0.000000
0.000000 0.000000
0.000000 0.000000
0.000000 0.000000
0.000000 0.000000
0.000000 0.000000
0.000000 0.000000
0.000000 0.000000
0.000000 0.000000
4.324103 0.000000
8.471712 0.000000
16.237448 0.000000
23.297208 0.000000
32.474928 0.000000
40.152411 0.000000
46.241448 0.000000
52.859963 0.000000
54.823449 0.000000
51.778905 0.000000
36.048783 0.000000
12.464766 0.000000
0.000000 0.000000
0.000000 0.000000
0.000000 0.000000
0.000000 0.000000
0.000000 0.000000
0.000000 0.000000
0.000000 0.000000
0.000000 0.000000
0.000000 0.000000
0.000000 0.000000
0.000000 0.000000
3.914365 0.000000
7.668960 0.000000
11.263785 0.000000
11.263785 0.000000
17.974125 0.000000
25.443390 0.000000
31.874145 0.000000
39.183627 0.000000
44.935350 0.000000
47.012350 0.000000
48.570088 0.000000
45.354645 0.000000
34.809717 0.000000
12.721527 0.000000
0.000000 0.000000
0.000000 0.000000
0.000000 0.000000
0.000000 0.000000
0.000000 0.000000
0.000000 0.000000
0.000000 0.000000
0.000000 0.000000
0.000000 0.000000
0.000000 0.000000
0.000000 0.000000
0.000000 0.000000
0.000000 0.000000
0.000000 0.000000
0.000000 0.000000
0.000000 0.000000
0.000000 0.000000
0.000000 0.000000
0.000000 0.000000
0.000000 0.000000
0.000000 0.000000
0.000000 0.000000
0.000000 0.000000
0.000000 0.000000
0.000000 0.000000
0.000000 0.000000
0.000000 0.000000
0.000000 0.000000
0.000000 0.000000
0.000000 0.000000
0.000000 0.000000
0.000000 0.000000
0.000000 0.000000
0.000000 0.000000
0.000000 0.000000
0.000000 0.000000
0.000000 0.000000
0.000000 0.000000
0.000000 0.000000
0.000000 0.000000
0.000000 0.000000
0.000000 0.000000
0.000000 0.000000
0.000000 0.000000
0.000000 0.000000
0.000000 0.000000
0.000000 0.000000
0.000000 0.000000
0.000000 0.000000
0.000000 0.000000
0.000000 0.000000
0.000000 0.000000
0.000000 0.000000
0.000000 0.000000
0.000000 0.000000
0.000000 0.000000
0.000000 0.000000
0.000000 0.000000
0.000000 0.000000
0.000000 0.000000
0.000000 0.000000
0.000000 0.000000
0.000000 0.000000
0.000000 0.000000
0.000000 0.000000
0.000000 0.000000
0.000000 0.000000
0.000000 0.000000
0.000000 0.000000
0.000000 0.000000
0.000000 0.000000
0.000000 0.000000
0.000000 0.000000
0.000000 0.000000
0.000000 0.000000
0.000000 0.000000
0.000000 0.000000
0.000000 0.000000
0.000000 0.000000
0.000000 0.000000
0.000000 0.000000
0.000000 0.000000
0.000000 0.000000
0.000000 0.000000
0.000000 0.000000
0.000000 0.000000
0.000000 0.000000
0.000000 0.000000
0.000000 0.000000
0.000000 0.000000
0.000000 0.000000
0.000000 0.000000
0.000000 0.000000
0.000000 0.000000
0.000000 0.000000
0.000000 0.000000
0.000000 0.000000
0.000000 0.000000
0.000000 0.000000
0.000000 0.000000
5.676748 0.000000
11.121792 0.000000
16.335132 0.000000
26.066700 0.000000
38.926272 0.000000
49.700508 0.000000
58.389408 0.000000
64.992972 0.000000
71.654462 0.000000
67.773420 0.000000
53.581550 0.000000
24.213068 0.000000
0.000000 0.000000
0.000000 0.000000
0.000000 0.000000
74.544778 0.000000
146.046912 0.000000
279.923248 0.000000
429.773465 0.000000
627.545325 0.000000
753.054390 0.000000
822.274541 0.000000
855.743625 0.000000
899.101302 0.000000
794.890745 0.000000
494.049344 0.000000
450.311360 0.000000
254.441175 0.000000
0.000000 0.000000
0.000000 0.000000
0.000000 0.000000
0.000000 0.000000
0.000000 0.000000
0.000000 0.000000
0.000000 0.000000
0.000000 0.000000
0.000000 0.000000
0.000000 0.000000
0.000000 0.000000
0.000000 0.000000
0.000000 0.000000
0.000000 0.000000
0.000000 0.000000
0.000000 0.000000
0.000000 0.000000
0.000000 0.000000
0.000000 0.000000
0.000000 0.000000
0.000000 0.000000
0.000000 0.000000
0.000000 0.000000
0.000000 0.000000
0.000000 0.000000
0.000000 0.000000
0.000000 0.000000
0.000000 0.000000
0.000000 0.000000
0.000000 0.000000
0.000000 0.000000
0.000000 0.000000
0.000000 0.000000
0.000000 0.000000
0.000000 0.000000
0.000000 0.000000
0.000000 0.000000
0.000000 0.000000
0.000000 0.000000
0.000000 0.000000
0.000000 0.000000
0.000000 0.000000
0.000000 0.000000
0.000000 0.000000
0.000000 0.000000
0.000000 0.000000
0.000000 0.000000
0.000000 0.000000
0.000000 0.000000
0.000000 0.000000
0.000000 0.000000
0.000000 0.000000
0.000000 0.000000
0.000000 0.000000
0.000000 0.000000
0.000000 0.000000
0.000000 0.000000
0.000000 0.000000
0.000000 0.000000
0.000000 0.000000
0.000000 0.000000
0.000000 0.000000
0.000000 0.000000
0.000000 0.000000
0.000000 0.000000
0.000000 0.000000
0.000000 0.000000
0.000000 0.000000
0.000000 0.000000
0.000000 0.000000
0.000000 0.000000
0.000000 0.000000
0.000000 0.000000
0.000000 0.000000
0.000000 0.000000
0.000000 0.000000
0.000000 0.000000
0.000000 0.000000
0.000000 0.000000
0.000000 0.000000
0.000000 0.000000
0.000000 0.000000
0.000000 0.000000
0.000000 0.000000
0.000000 0.000000
0.000000 0.000000
0.000000 0.000000
0.000000 0.000000
0.000000 0.000000
0.000000 0.000000
0.000000 0.000000
0.000000 0.000000
0.000000 0.000000
0.000000 0.000000
0.000000 0.000000
0.000000 0.000000
0.000000 0.000000
0.000000 0.000000
0.000000 0.000000
0.000000 0.000000
0.000000 0.000000
0.000000 0.000000
0.000000 0.000000
0.000000 0.000000
0.000000 0.000000
0.000000 0.000000
0.000000 0.000000
0.000000 0.000000
0.000000 0.000000
0.000000 0.000000
0.000000 0.000000
0.000000 0.000000
0.000000 0.000000
0.000000 0.000000
0.000000 0.000000
0.000000 0.000000
0.000000 0.000000
0.000000 0.000000
0.000000 0.000000
0.000000 0.000000
0.000000 0.000000
0.000000 0.000000
0.000000 0.000000
0.000000 0.000000
0.000000 0.000000
0.000000 0.000000
0.000000 0.000000
0.000000 0.000000
0.000000 0.000000
0.000000 0.000000
0.000000 0.000000
0.000000 0.000000
0.000000 0.000000
0.000000 0.000000
0.000000 0.000000
0.000000 0.000000
0.000000 0.000000
0.000000 0.000000
0.000000 0.000000
0.000000 0.000000
0.000000 0.000000
0.000000 0.000000
0.000000 0.000000
0.000000 0.000000
0.000000 0.000000
0.000000 0.000000
0.000000 0.000000
0.000000 0.000000
0.000000 0.000000
0.000000 0.000000
0.000000 0.000000
0.000000 0.000000
0.000000 0.000000
0.000000 0.000000
0.000000 0.000000
0.000000 0.000000
0.000000 0.000000
0.000000 0.000000
0.000000 0.000000
0.000000 0.000000
0.000000 0.000000
0.000000 0.000000
0.000000 0.000000
0.000000 0.000000
0.000000 0.000000
0.000000 0.000000
0.000000 0.000000
0.000000 0.000000
0.000000 0.000000
0.000000 0.000000
0.000000 0.000000
0.000000 0.000000
0.000000 0.000000
0.000000 0.000000
0.000000 0.000000
0.000000 0.000000
0.000000 0.000000
0.000000 0.000000
0.000000 0.000000
0.000000 0.000000
0.000000 0.000000
0.000000 0.000000
0.000000 0.000000
0.000000 0.000000
0.000000 0.000000
0.000000 0.000000
11.818359 0.000000
23.154336 0.000000
34.007931 0.000000
54.267975 0.000000
76.819316 0.000000
84.537396 0.000000
102.506119 0.000000
107.812299 0.000000
132.293196 0.000000
141.096711 0.000000
126.806238 0.000000
94.366186 0.000000
68.076393 0.000000
44.741067 0.000000
4.371605 0.000000
2.894304 0.000000
4.251009 0.000000
6.165491 0.000000
6.753416 0.000000
7.311191 0.000000
9.421650 0.000000
12.979239 0.000000
15.210275 0.000000
15.888621 0.000000
16.981450 0.000000
14.840753 0.000000
11.147364 0.000000
9.180066 0.000000
6.014526 0.000000
1.062717 0.000000
1.695825 0.000000
2.532432 0.000000
3.014800 0.000000
3.233373 0.000000
3.798648 0.000000
4.431744 0.000000
14.918283 0.000000
24.450062 0.000000
32.872685 0.000000
39.110856 0.000000
51.970695 0.000000
63.767736 0.000000
90.337631 0.000000
106.651524 0.000000
113.081439 0.000000
120.361539 0.000000
109.759352 0.000000
79.538231 0.000000
50.854359 0.000000
30.953461 0.000000
32.308520 0.000000
29.253045 0.000000
15.782355 0.000000
0.000000 0.000000
0.000000 0.000000
0.000000 0.000000
0.000000 0.000000
0.000000 0.000000
0.000000 0.000000
0.000000 0.000000
0.000000 0.000000
0.000000 0.000000
0.000000 0.000000
0.000000 0.000000
0.000000 0.000000
0.000000 0.000000
0.000000 0.000000
0.000000 0.000000
0.000000 0.000000
0.000000 0.000000
0.000000 0.000000
0.000000 0.000000
0.000000 0.000000
0.000000 0.000000
0.000000 0.000000
0.000000 0.000000
0.000000 0.000000
0.000000 0.000000
0.000000 0.000000
0.000000 0.000000
0.000000 0.000000
0.000000 0.000000
0.000000 0.000000
1.558984 0.000000
3.054336 0.000000
4.486056 0.000000
6.506372 0.000000
10.133396 0.000000
12.694584 0.000000
50.171241 0.000000
85.438359 0.000000
118.589804 0.000000
149.241503 0.000000
227.954113 0.000000
207.912942 0.000000
37.370682 0.000000
66.255456 0.000000
101.723730 0.000000
120.628140 0.000000
137.732130 0.000000
157.176666 0.000000
188.143890 0.000000
206.958279 0.000000
211.279287 0.000000
156.096414 0.000000
111.491007 0.000000
104.019256 0.000000
72.511896 0.000000
51.379440 0.000000
58.401084 0.000000
62.339474 0.000000
59.481315 0.000000
46.518339 0.000000
22.066472 0.000000
0.000000 0.000000
0.000000 0.000000
0.000000 0.000000
9.702833 0.000000
19.009632 0.000000
27.920397 0.000000
36.435128 0.000000
52.276488 0.000000
59.603117 0.000000
82.078032 0.000000
99.008456 0.000000
114.156749 0.000000
118.859680 0.000000
113.364760 0.000000
70.741832 0.000000
58.662864 0.000000
59.405424 0.000000
59.306381 0.000000
45.395469 0.000000
29.430128 0.000000
30.840992 0.000000
28.464800 0.000000
23.093616 0.000000
17.351152 0.000000
2.376192 0.000000
0.000000 0.000000
0.000000 0.000000
0.000000 0.000000
0.000000 0.000000
0.000000 0.000000
0.000000 0.000000
0.000000 0.000000
0.000000 0.000000
0.000000 0.000000
0.000000 0.000000
0.000000 0.000000
0.000000 0.000000
0.000000 0.000000
0.000000 0.000000
0.000000 0.000000
0.000000 0.000000
0.000000 0.000000
0.000000 0.000000
0.000000 0.000000
0.000000 0.000000
0.000000 0.000000
0.000000 0.000000
0.000000 0.000000
0.000000 0.000000
0.000000 0.000000
0.000000 0.000000
0.000000 0.000000
0.000000 0.000000
0.000000 0.000000
0.000000 0.000000
0.000000 0.000000
0.000000 0.000000
0.000000 0.000000
0.000000 0.000000
0.000000 0.000000
21.237090 0.000000
41.607360 0.000000
79.747440 0.000000
97.517250 0.000000
138.041085 0.000000
165.779325 0.000000
186.691346 0.000000
191.458857 0.000000
234.041390 0.000000
248.777342 0.000000
215.188097 0.000000
169.355022 0.000000
131.973345 0.000000
134.573805 0.000000
124.822080 0.000000
65.228205 0.000000
0.000000 0.000000
0.000000 0.000000
0.000000 0.000000
0.000000 0.000000
0.000000 0.000000
0.000000 0.000000
0.000000 0.000000
0.000000 0.000000
0.000000 0.000000
0.000000 0.000000
0.000000 0.000000
0.000000 0.000000
0.000000 0.000000
0.000000 0.000000
0.000000 0.000000
26.017285 0.000000
50.972640 0.000000
74.866065 0.000000
97.697560 0.000000
140.174760 0.000000
195.926085 0.000000
227.783985 0.000000
297.871365 0.000000
323.357685 0.000000
330.525711 0.000000
315.658687 0.000000
273.181482 0.000000
13.008618 0.000000
0.000000 0.000000
0.000000 0.000000
0.000000 0.000000
0.000000 0.000000
0.000000 0.000000
0.000000 0.000000
0.000000 0.000000
0.000000 0.000000
0.000000 0.000000
0.000000 0.000000
0.000000 0.000000
0.000000 0.000000
0.000000 0.000000
0.000000 0.000000
0.000000 0.000000
0.000000 0.000000
0.000000 0.000000
0.000000 0.000000
0.000000 0.000000
0.000000 0.000000
0.000000 0.000000
0.000000 0.000000
0.000000 0.000000
0.000000 0.000000
0.000000 0.000000
0.000000 0.000000
0.000000 0.000000
0.000000 0.000000
0.000000 0.000000
0.000000 0.000000
0.000000 0.000000
0.000000 0.000000
0.000000 0.000000
0.000000 0.000000
0.000000 0.000000
0.000000 0.000000
0.000000 0.000000
0.000000 0.000000
0.000000 0.000000
0.000000 0.000000
0.000000 0.000000
0.000000 0.000000
0.000000 0.000000
0.000000 0.000000
0.000000 0.000000
0.000000 0.000000
0.000000 0.000000
0.000000 0.000000
0.000000 0.000000
0.000000 0.000000
0.000000 0.000000
0.000000 0.000000
0.000000 0.000000
0.000000 0.000000
0.000000 0.000000
0.000000 0.000000
0.000000 0.000000
0.000000 0.000000
0.000000 0.000000
0.000000 0.000000
0.000000 0.000000
0.000000 0.000000
0.000000 0.000000
0.000000 0.000000
0.000000 0.000000
0.000000 0.000000
0.000000 0.000000
0.000000 0.000000
0.000000 0.000000
0.000000 0.000000
0.000000 0.000000
0.000000 0.000000
0.000000 0.000000
0.000000 0.000000
0.000000 0.000000
0.000000 0.000000
0.000000 0.000000
0.000000 0.000000
0.000000 0.000000
0.000000 0.000000
0.000000 0.000000
0.000000 0.000000
0.000000 0.000000
0.000000 0.000000
0.000000 0.000000
0.000000 0.000000
0.000000 0.000000
0.000000 0.000000
0.000000 0.000000
0.000000 0.000000
0.000000 0.000000
0.000000 0.000000
0.000000 0.000000
0.000000 0.000000
0.000000 0.000000
0.000000 0.000000
0.000000 0.000000
0.000000 0.000000
0.000000 0.000000
0.000000 0.000000
0.000000 0.000000
0.000000 0.000000
0.000000 0.000000
0.000000 0.000000
0.000000 0.000000
0.000000 0.000000
0.000000 0.000000
0.000000 0.000000
0.000000 0.000000
0.000000 0.000000
0.000000 0.000000
0.000000 0.000000
0.000000 0.000000
0.000000 0.000000
0.000000 0.000000
0.000000 0.000000
0.000000 0.000000
0.000000 0.000000
0.000000 0.000000
0.000000 0.000000
0.000000 0.000000
0.000000 0.000000
0.000000 0.000000
0.000000 0.000000
0.000000 0.000000
0.000000 0.000000
0.000000 0.000000
0.000000 0.000000
0.000000 0.000000
0.000000 0.000000
0.000000 0.000000
0.000000 0.000000
0.000000 0.000000
0.000000 0.000000
0.000000 0.000000
0.000000 0.000000
0.000000 0.000000
0.000000 0.000000
0.000000 0.000000
0.000000 0.000000
0.000000 0.000000
0.000000 0.000000
0.000000 0.000000
0.000000 0.000000
0.000000 0.000000
0.000000 0.000000
0.000000 0.000000
0.000000 0.000000
0.000000 0.000000
0.000000 0.000000
0.000000 0.000000
0.000000 0.000000
0.000000 0.000000
0.000000 0.000000
0.000000 0.000000
0.000000 0.000000
0.000000 0.000000
0.000000 0.000000
0.000000 0.000000
0.000000 0.000000
0.000000 0.000000
0.000000 0.000000
0.000000 0.000000
0.000000 0.000000
0.000000 0.000000
0.000000 0.000000
0.000000 0.000000
0.000000 0.000000
0.000000 0.000000
0.000000 0.000000
0.000000 0.000000
0.000000 0.000000
0.000000 0.000000
0.000000 0.000000
0.000000 0.000000
0.000000 0.000000
0.000000 0.000000
0.000000 0.000000
0.000000 0.000000
0.000000 0.000000
13.715198 0.000000
26.870592 0.000000
51.501968 0.000000
62.977950 0.000000
68.436039 0.000000
83.970600 0.000000
107.692307 0.000000
134.352976 0.000000
142.330179 0.000000
162.972935 0.000000
158.844355 0.000000
153.176320 0.000000
120.497712 0.000000
103.073775 0.000000
96.845904 0.000000
51.431766 0.000000
0.000000 0.000000
0.000000 0.000000
0.000000 0.000000
0.000000 0.000000
0.000000 0.000000
0.000000 0.000000
0.000000 0.000000
0.000000 0.000000
0.000000 0.000000
0.000000 0.000000
0.000000 0.000000
0.411061 0.000000
0.805344 0.000000
1.543576 0.000000
1.887525 0.000000
2.214696 0.000000
2.818704 0.000000
3.355600 0.000000
4.035109 0.000000
4.404225 0.000000
5.108901 0.000000
5.108901 0.000000
4.035109 0.000000
3.841517 0.000000
2.111136 0.000000
3.573516 0.000000
5.376780 0.000000
7.366951 0.000000
9.686995 0.000000
11.875104 0.000000
13.106616 0.000000
13.348555 0.000000
12.139080 0.000000
3.309796 0.000000
0.000000 0.000000
0.000000 0.000000
0.000000 0.000000
0.000000 0.000000
0.623819 0.000000
1.222176 0.000000
1.795071 0.000000
2.342504 0.000000
3.832031 0.000000
5.461599 0.000000
10.947985 0.000000
15.508011 0.000000
19.165031 0.000000
21.516299 0.000000
39.091988 0.000000
57.633039 0.000000
69.237414 0.000000
91.845185 0.000000
95.914418 0.000000
105.818479 0.000000
109.135600 0.000000
66.277959 0.000000
6.124760 0.000000
0.000000 0.000000
0.000000 0.000000
0.000000 0.000000
0.000000 0.000000
0.000000 0.000000
0.000000 0.000000
0.000000 0.000000
0.000000 0.000000
0.000000 0.000000
0.000000 0.000000
0.000000 0.000000
0.000000 0.000000
0.000000 0.000000
0.000000 0.000000
0.000000 0.000000
0.000000 0.000000
0.000000 0.000000
0.000000 0.000000
0.000000 0.000000
0.000000 0.000000
0.000000 0.000000
0.000000 0.000000
0.000000 0.000000
0.000000 0.000000
0.000000 0.000000
0.000000 0.000000
0.000000 0.000000
0.000000 0.000000
0.000000 0.000000
0.000000 0.000000
0.000000 0.000000
0.000000 0.000000
0.000000 0.000000
0.000000 0.000000
0.000000 0.000000
0.000000 0.000000
0.000000 0.000000
0.000000 0.000000
0.000000 0.000000
0.000000 0.000000
0.000000 0.000000
0.000000 0.000000
0.000000 0.000000
0.000000 0.000000
0.000000 0.000000
0.000000 0.000000
0.000000 0.000000
0.000000 0.000000
0.000000 0.000000
0.000000 0.000000
0.000000 0.000000
0.000000 0.000000
0.000000 0.000000
0.000000 0.000000
0.000000 0.000000
0.000000 0.000000
0.000000 0.000000
0.000000 0.000000
0.000000 0.000000
0.000000 0.000000
0.000000 0.000000
0.000000 0.000000
0.000000 0.000000
0.000000 0.000000
0.000000 0.000000
0.000000 0.000000
0.000000 0.000000
0.000000 0.000000
0.000000 0.000000
0.000000 0.000000
0.000000 0.000000
0.000000 0.000000
0.000000 0.000000
0.000000 0.000000
0.000000 0.000000
0.000000 0.000000
0.000000 0.000000
0.000000 0.000000
0.000000 0.000000
5.360649 0.000000
10.502496 0.000000
17.777641 0.000000
26.529684 0.000000
30.249284 0.000000
39.384264 0.000000
48.136336 0.000000
57.654229 0.000000
59.404725 0.000000
54.974076 0.000000
38.317959 0.000000
31.453089 0.000000
18.160800 0.000000
7.726676 0.000000
10.263502 0.000000
12.902877 0.000000
14.667006 0.000000
15.706342 0.000000
16.567885 0.000000
16.673839 0.000000
15.566098 0.000000
10.092407 0.000000
3.336760 0.000000
0.000000 0.000000
0.000000 0.000000
0.000000 0.000000
0.000000 0.000000
0.000000 0.000000
0.000000 0.000000
0.000000 0.000000
0.000000 0.000000
0.000000 0.000000
0.000000 0.000000
0.000000 0.000000
0.000000 0.000000
0.000000 0.000000
0.000000 0.000000
0.000000 0.000000
0.000000 0.000000
0.000000 0.000000
0.000000 0.000000
0.000000 0.000000
0.000000 0.000000
0.000000 0.000000
0.000000 0.000000
0.000000 0.000000
0.000000 0.000000
0.000000 0.000000
0.000000 0.000000
0.000000 0.000000
0.000000 0.000000
0.000000 0.000000
0.000000 0.000000
0.000000 0.000000
0.000000 0.000000
0.000000 0.000000
0.000000 0.000000
0.000000 0.000000
0.000000 0.000000
0.000000 0.000000
0.000000 0.000000
0.000000 0.000000
0.000000 0.000000
0.000000 0.000000
0.000000 0.000000
0.000000 0.000000
0.000000 0.000000
0.000000 0.000000
0.000000 0.000000
0.000000 0.000000
0.000000 0.000000
0.000000 0.000000
0.000000 0.000000
0.000000 0.000000
0.000000 0.000000
0.000000 0.000000
0.000000 0.000000
0.000000 0.000000
0.000000 0.000000
0.000000 0.000000
0.000000 0.000000
0.000000 0.000000
0.000000 0.000000
0.000000 0.000000
0.000000 0.000000
0.000000 0.000000
0.000000 0.000000
0.000000 0.000000
0.000000 0.000000
0.000000 0.000000
0.000000 0.000000
0.000000 0.000000
0.000000 0.000000
0.000000 0.000000
0.000000 0.000000
0.000000 0.000000
0.000000 0.000000
0.000000 0.000000
0.000000 0.000000
0.000000 0.000000
0.000000 0.000000
0.000000 0.000000
0.000000 0.000000
0.000000 0.000000
0.000000 0.000000
0.000000 0.000000
0.000000 0.000000
0.000000 0.000000
1.263416 0.000000
2.475264 0.000000
3.635544 0.000000
5.801400 0.000000
7.735200 0.000000
9.675446 0.000000
11.196702 0.000000
13.001582 0.000000
14.806462 0.000000
15.824930 0.000000
13.555938 0.000000
8.650532 0.000000
3.867600 0.000000
0.000000 0.000000
0.000000 0.000000
0.000000 0.000000
0.000000 0.000000
0.000000 0.000000
0.000000 0.000000
0.000000 0.000000
0.000000 0.000000
0.000000 0.000000
0.000000 0.000000
0.000000 0.000000
0.000000 0.000000
0.000000 0.000000
0.000000 0.000000
0.000000 0.000000
0.000000 0.000000
0.000000 0.000000
0.000000 0.000000
0.000000 0.000000
0.000000 0.000000
0.000000 0.000000
0.000000 0.000000
0.000000 0.000000
0.000000 0.000000
0.000000 0.000000
0.000000 0.000000
0.000000 0.000000
0.000000 0.000000
0.000000 0.000000
0.000000 0.000000
0.000000 0.000000
0.000000 0.000000
0.000000 0.000000
0.000000 0.000000
0.000000 0.000000
0.000000 0.000000
0.000000 0.000000
0.000000 0.000000
0.000000 0.000000
0.000000 0.000000
0.000000 0.000000
0.000000 0.000000
0.000000 0.000000
0.000000 0.000000
0.000000 0.000000
0.000000 0.000000
0.000000 0.000000
0.000000 0.000000
0.000000 0.000000
0.000000 0.000000
0.000000 0.000000
0.000000 0.000000
0.000000 0.000000
0.000000 0.000000
0.000000 0.000000
0.000000 0.000000
0.000000 0.000000
0.000000 0.000000
0.000000 0.000000
15.981644 0.000000
31.310976 0.000000
53.000350 0.000000
66.698902 0.000000
92.139070 0.000000
114.969990 0.000000
139.594768 0.000000
165.116475 0.000000
190.638182 0.000000
200.504401 0.000000
195.041288 0.000000
170.334971 0.000000
80.356696 0.000000
21.444795 0.000000
5.748570 0.000000
7.501680 0.000000
10.763280 0.000000
15.676065 0.000000
18.550350 0.000000
21.241170 0.000000
23.320440 0.000000
25.073550 0.000000
22.525425 0.000000
19.416696 0.000000
11.201533 0.000000
11.874269 0.000000
12.699853 0.000000
11.604136 0.000000
6.497625 0.000000
3.531528 0.000000
4.387656 0.000000
4.938024 0.000000
5.177536 0.000000
4.994080 0.000000
3.281824 0.000000
2.349256 0.000000
0.000000 0.000000
0.000000 0.000000
0.000000 0.000000
0.000000 0.000000
0.000000 0.000000
0.000000 0.000000
0.000000 0.000000
0.000000 0.000000
0.000000 0.000000
0.000000 0.000000
0.000000 0.000000
0.000000 0.000000
0.000000 0.000000
0.000000 0.000000
0.000000 0.000000
0.000000 0.000000
0.000000 0.000000
0.000000 0.000000
0.000000 0.000000
0.000000 0.000000
0.000000 0.000000
0.000000 0.000000
0.000000 0.000000
0.000000 0.000000
0.000000 0.000000
0.000000 0.000000
0.000000 0.000000
0.000000 0.000000
0.000000 0.000000
0.000000 0.000000
0.000000 0.000000
0.000000 0.000000
0.000000 0.000000
0.000000 0.000000
0.000000 0.000000
0.000000 0.000000
0.000000 0.000000
0.000000 0.000000
0.000000 0.000000
0.000000 0.000000
0.000000 0.000000
0.000000 0.000000
0.000000 0.000000
0.000000 0.000000
0.000000 0.000000
0.000000 0.000000
0.000000 0.000000
0.000000 0.000000
0.000000 0.000000
0.000000 0.000000
0.000000 0.000000
0.000000 0.000000
0.000000 0.000000
0.000000 0.000000
0.000000 0.000000
0.000000 0.000000
0.000000 0.000000
0.000000 0.000000
0.000000 0.000000
0.000000 0.000000
0.000000 0.000000
0.000000 0.000000
0.000000 0.000000
0.000000 0.000000
0.000000 0.000000
0.000000 0.000000
259.556474 0.000000
627.702903 0.000000
1083.251001 0.000000
1774.518754 0.000000
2333.359735 0.000000
2598.213280 0.000000
2950.468496 0.000000
3138.514513 0.000000
3233.861789 0.000000
2886.903645 0.000000
1461.991571 0.000000
595.920477 0.000000
0.000000 0.000000
0.000000 0.000000
0.000000 0.000000
0.000000 0.000000
0.000000 0.000000
0.000000 0.000000
0.000000 0.000000
6.498821 0.000000
12.732384 0.000000
24.403736 0.000000
35.014056 0.000000
48.940101 0.000000
53.051600 0.000000
66.845016 0.000000
126.687104 0.000000
169.818327 0.000000
185.827395 0.000000
183.808007 0.000000
224.765226 0.000000
263.724531 0.000000
300.685924 0.000000
393.865951 0.000000
423.621292 0.000000
519.444667 0.000000
565.880567 0.000000
638.687033 0.000000
643.187838 0.000000
551.553805 0.000000
296.731692 0.000000
107.012185 0.000000
139.647107 0.000000
170.764125 0.000000
228.444452 0.000000
279.294177 0.000000
322.554395 0.000000
358.225105 0.000000
416.284913 0.000000
442.089302 0.000000
440.571465 0.000000
350.446117 0.000000
244.003298 0.000000
218.957861 0.000000
94.299893 0.000000
0.000000 0.000000
0.000000 0.000000
0.000000 0.000000
0.000000 0.000000
0.000000 0.000000
0.000000 0.000000
0.000000 0.000000
0.000000 0.000000
0.000000 0.000000
0.000000 0.000000
0.000000 0.000000
0.000000 0.000000
0.000000 0.000000
0.000000 0.000000
0.000000 0.000000
0.000000 0.000000
0.000000 0.000000
0.000000 0.000000
0.000000 0.000000
0.000000 0.000000
0.000000 0.000000
0.000000 0.000000
0.000000 0.000000
0.000000 0.000000
0.000000 0.000000
0.000000 0.000000
0.000000 0.000000
0.000000 0.000000
0.000000 0.000000
0.000000 0.000000
0.000000 0.000000
0.000000 0.000000
0.000000 0.000000
0.000000 0.000000
0.000000 0.000000
0.000000 0.000000
0.000000 0.000000
0.000000 0.000000
0.000000 0.000000
0.000000 0.000000
0.000000 0.000000
0.000000 0.000000
0.000000 0.000000
0.000000 0.000000
0.000000 0.000000
0.000000 0.000000
0.000000 0.000000
0.000000 0.000000
0.000000 0.000000
0.000000 0.000000
0.000000 0.000000
0.000000 0.000000
0.000000 0.000000
0.000000 0.000000
7.561827 0.000000
14.815008 0.000000
21.759543 0.000000
39.999575 0.000000
63.018410 0.000000
88.634497 0.000000
110.321839 0.000000
120.856147 0.000000
143.713903 0.000000
168.935225 0.000000
166.262854 0.000000
162.523849 0.000000
175.801466 0.000000
177.542791 0.000000
163.176854 0.000000
132.993874 0.000000
57.100939 0.000000
0.000000 0.000000
0.000000 0.000000
0.000000 0.000000
0.000000 0.000000
0.000000 0.000000
0.000000 0.000000
0.000000 0.000000
0.000000 0.000000
0.000000 0.000000
0.000000 0.000000
1.014398 0.000000
1.987392 0.000000
2.918982 0.000000
5.465328 0.000000
7.297455 0.000000
8.539575 0.000000
11.246355 0.000000
11.970928 0.000000
12.597175 0.000000
12.258187 0.000000
8.273108 0.000000
3.734148 0.000000
0.000000 0.000000
0.000000 0.000000
0.000000 0.000000
0.000000 0.000000
0.000000 0.000000
0.000000 0.000000
0.000000 0.000000
0.000000 0.000000
0.000000 0.000000
0.000000 0.000000
0.000000 0.000000
0.000000 0.000000
0.000000 0.000000
0.000000 0.000000
16.893975 0.000000
33.098400 0.000000
48.613275 0.000000
63.438600 0.000000
91.020600 0.000000
115.844400 0.000000
137.910000 0.000000
165.836775 0.000000
196.004580 0.000000
212.036619 0.000000
212.726183 0.000000
167.733095 0.000000
60.344507 0.000000
68.617342 0.000000
78.143109 0.000000
93.089281 0.000000
103.850136 0.000000
105.398049 0.000000
102.165315 0.000000
79.646387 0.000000
54.414814 0.000000
51.981039 0.000000
34.837455 0.000000
14.480592 0.000000
15.902793 0.000000
17.863692 0.000000
21.139044 0.000000
24.435957 0.000000
26.052132 0.000000
23.811164 0.000000
13.144841 0.000000
13.123341 0.000000
13.381929 0.000000
11.313225 0.000000
4.826936 0.000000
0.000000 0.000000
0.000000 0.000000
0.000000 0.000000
0.000000 0.000000
0.000000 0.000000
0.000000 0.000000
0.000000 0.000000
0.000000 0.000000
0.000000 0.000000
0.000000 0.000000
0.000000 0.000000
0.000000 0.000000
0.000000 0.000000
0.000000 0.000000
0.000000 0.000000
0.000000 0.000000
0.000000 0.000000
0.000000 0.000000
0.000000 0.000000
0.000000 0.000000
0.000000 0.000000
0.000000 0.000000
0.000000 0.000000
0.000000 0.000000
0.000000 0.000000
0.000000 0.000000
0.000000 0.000000
0.000000 0.000000
0.000000 0.000000
0.000000 0.000000
0.000000 0.000000
0.000000 0.000000
0.000000 0.000000
0.000000 0.000000
0.000000 0.000000
0.000000 0.000000
0.000000 0.000000
0.000000 0.000000
0.000000 0.000000
0.000000 0.000000
0.000000 0.000000
0.000000 0.000000
0.000000 0.000000
0.000000 0.000000
0.000000 0.000000
0.000000 0.000000
0.000000 0.000000
0.000000 0.000000
0.000000 0.000000
0.000000 0.000000
0.000000 0.000000
0.000000 0.000000
0.000000 0.000000
0.000000 0.000000
0.000000 0.000000
0.000000 0.000000
0.000000 0.000000
0.000000 0.000000
0.000000 0.000000
0.000000 0.000000
0.000000 0.000000
0.000000 0.000000
0.000000 0.000000
0.000000 0.000000
0.000000 0.000000
0.000000 0.000000
0.000000 0.000000
0.000000 0.000000
0.000000 0.000000
0.000000 0.000000
0.000000 0.000000
0.000000 0.000000
0.000000 0.000000
0.000000 0.000000
0.000000 0.000000
0.000000 0.000000
0.000000 0.000000
0.000000 0.000000
0.000000 0.000000
0.000000 0.000000
0.000000 0.000000
8.605968 0.000000
16.860672 0.000000
24.764112 0.000000
32.316288 0.000000
46.366848 0.000000
59.012352 0.000000
80.088192 0.000000
88.518528 0.000000
105.379200 0.000000
108.189312 0.000000
77.717160 0.000000
8.430336 0.000000
14.270100 0.000000
17.958372 0.000000
26.344800 0.000000
32.316288 0.000000
36.224100 0.000000
39.648924 0.000000
47.497479 0.000000
52.371267 0.000000
53.249427 0.000000
51.624831 0.000000
35.247147 0.000000
26.169168 0.000000
7.135050 0.000000
2.107584 0.000000
4.039536 0.000000
5.795856 0.000000
6.608154 0.000000
8.781600 0.000000
9.418266 0.000000
12.316194 0.000000
13.271193 0.000000
13.682829 0.000000
13.611480 0.000000
12.266814 0.000000
8.792621 0.000000
3.951816 0.000000
4.637904 0.000000
5.779488 0.000000
5.996240 0.000000
5.590032 0.000000
4.382432 0.000000
1.838480 0.000000
2.432959 0.000000
4.766613 0.000000
7.000963 0.000000
9.136009 0.000000
13.108187 0.000000
19.091280 0.000000
24.453720 0.000000
27.805245 0.000000
30.982987 0.000000
29.418942 0.000000
23.162762 0.000000
7.770573 0.000000
0.000000 0.000000
0.000000 0.000000
0.000000 0.000000
0.000000 0.000000
0.000000 0.000000
0.000000 0.000000
0.000000 0.000000
0.000000 0.000000
0.000000 0.000000
0.000000 0.000000
0.000000 0.000000
0.000000 0.000000
0.000000 0.000000
0.000000 0.000000
0.000000 0.000000
0.000000 0.000000
0.000000 0.000000
0.000000 0.000000
0.000000 0.000000
0.000000 0.000000
0.000000 0.000000
0.000000 0.000000
0.000000 0.000000
0.000000 0.000000
0.000000 0.000000
0.000000 0.000000
0.000000 0.000000
0.000000 0.000000
0.000000 0.000000
0.000000 0.000000
0.000000 0.000000
0.000000 0.000000
0.000000 0.000000
0.000000 0.000000
0.000000 0.000000
0.000000 0.000000
0.000000 0.000000
0.000000 0.000000
0.000000 0.000000
0.000000 0.000000
0.000000 0.000000
0.000000 0.000000
0.000000 0.000000
0.000000 0.000000
0.000000 0.000000
0.000000 0.000000
0.000000 0.000000
0.000000 0.000000
0.000000 0.000000
0.000000 0.000000
