122355312.239347 0.000000
121236012.670683 0.000000
118819155.977428 0.000000
115338457.784604 0.000000
112139559.290220 0.000000
109013296.862907 0.000000
107554139.915199 0.000000
104883121.929794 0.000000
102694414.128303 0.000000
99856088.877749 0.000000
97968416.560990 0.000000
95556998.400849 0.000000
93938620.870682 0.000000
91767929.934317 0.000000
90475283.460046 0.000000
89504806.269791 0.000000
87423933.933250 0.000000
86760755.163331 0.000000
84007693.340916 0.000000
82586614.680136 0.000000
80530243.923842 0.000000
81222628.944357 0.000000
80044350.396094 0.000000
79077971.928268 0.000000
76960960.919843 0.000000
76324412.436174 0.000000
74938926.812033 0.000000
72139768.937555 0.000000
73026503.102161 0.000000
71405989.590485 0.000000
69645290.651031 0.000000
68998823.565419 0.000000
64633565.354444 0.000000
64551812.837974 0.000000
64012206.202354 0.000000
55395274.493243 0.000000
55690590.648520 0.000000
56152347.493654 0.000000
53619120.142036 0.000000
53468042.383100 0.000000
50332663.441734 0.000000
49589577.006398 0.000000
47226190.559552 0.000000
43085069.804409 0.000000
44982029.612330 0.000000
41532709.591263 0.000000
41689052.685973 0.000000
41781757.246824 0.000000
38393307.733870 0.000000
34392748.777919 0.000000
29962874.306208 0.000000
26053740.703156 0.000000
20280240.968416 0.000000
15499579.394290 0.000000
15830699.811451 0.000000
18421907.986398 0.000000
20621045.716483 0.000000
21945216.449464 0.000000
20181786.598064 0.000000
15387264.655223 0.000000
11788156.183067 0.000000
7328654.291204 0.000000
6283358.518035 0.000000
7560000.164557 0.000000
8999424.358202 0.000000
10659009.086671 0.000000
12241880.893567 0.000000
13185850.272900 0.000000
12725330.258452 0.000000
10533897.660852 0.000000
9263196.429608 0.000000
6200890.285515 0.000000
4809310.168053 0.000000
4948396.391396 0.000000
4475685.614637 0.000000
3088892.693277 0.000000
2237086.493357 0.000000
1048470.811448 0.000000
1283761.464605 0.000000
1580829.187206 0.000000
1876868.130774 0.000000
2145306.334567 0.000000
2499040.727563 0.000000
2847280.268138 0.000000
3166544.532907 0.000000
3116120.302795 0.000000
2978248.385931 0.000000
2846282.454175 0.000000
3084847.210212 0.000000
3179699.245211 0.000000
3234209.106891 0.000000
3397900.580785 0.000000
3597130.149621 0.000000
3686513.509176 0.000000
3540860.150198 0.000000
3348911.745633 0.000000
2602610.238855 0.000000
2095499.231143 0.000000
2042853.459887 0.000000
2237832.509650 0.000000
2343703.818002 0.000000
2165656.850460 0.000000
1616358.660990 0.000000
1424044.488484 0.000000
1392942.781385 0.000000
1168710.008150 0.000000
1049430.224930 0.000000
913352.535868 0.000000
764442.559379 0.000000
597473.343088 0.000000
348590.693822 0.000000
269693.317759 0.000000
321321.965188 0.000000
371102.545517 0.000000
427079.375454 0.000000
482687.879575 0.000000
530660.841369 0.000000
492359.736637 0.000000
469158.370433 0.000000
464881.297167 0.000000
397268.511841 0.000000
325825.101796 0.000000
263210.153649 0.000000
212462.365923 0.000000
175148.013902 0.000000
208268.748596 0.000000
253422.337475 0.000000
295349.243254 0.000000
331089.517323 0.000000
349998.992061 0.000000
358436.800467 0.000000
362134.613627 0.000000
306979.015972 0.000000
239012.769510 0.000000
183837.997465 0.000000
196321.969409 0.000000
205397.328385 0.000000
203907.026942 0.000000
163580.414496 0.000000
154602.999654 0.000000
150291.701860 0.000000
120648.000088 0.000000
89870.313987 0.000000
66059.297595 0.000000
80468.083947 0.000000
89568.613627 0.000000
95972.282238 0.000000
92606.623978 0.000000
82962.573111 0.000000
67731.929061 0.000000
58992.913105 0.000000
56291.010183 0.000000
41090.689812 0.000000
7032.986525 0.000000
8500.382310 0.000000
10701.137661 0.000000
12840.990833 0.000000
16364.497415 0.000000
20021.790451 0.000000
23299.343770 0.000000
26618.769354 0.000000
29812.332432 0.000000
31627.151865 0.000000
30496.744264 0.000000
24589.436182 0.000000
22288.235971 0.000000
24536.145506 0.000000
26150.453038 0.000000
25961.077829 0.000000
22439.401988 0.000000
24224.837678 0.000000
26232.286022 0.000000
25940.877792 0.000000
20739.035119 0.000000
12537.524411 0.000000
8535.809468 0.000000
9435.798618 0.000000
10948.264818 0.000000
12608.840281 0.000000
13919.938800 0.000000
14614.430915 0.000000
13958.303966 0.000000
10872.431784 0.000000
7217.727842 0.000000
4698.966482 0.000000
30.792008 0.000000
61.363168 0.000000
76.972170 0.000000
99.871577 0.000000
130.723665 0.000000
168.722160 0.000000
187.301532 0.000000
220.394884 0.000000
271.927708 0.000000
311.812456 0.000000
393.944464 0.000000
461.701314 0.000000
562.148646 0.000000
714.920929 0.000000
837.480690 0.000000
959.376239 0.000000
1195.860241 0.000000
1452.021798 0.000000
1657.932199 0.000000
1853.616209 0.000000
1959.792031 0.000000
1875.893448 0.000000
1493.524106 0.000000
1230.197072 0.000000
1139.906522 0.000000
1174.311834 0.000000
1079.515082 0.000000
749.459813 0.000000
437.242432 0.000000
67.316778 0.000000
44.424277 0.000000
55.938622 0.000000
64.988054 0.000000
85.246992 0.000000
104.856695 0.000000
130.909295 0.000000
152.814819 0.000000
172.968347 0.000000
199.761889 0.000000
219.931627 0.000000
239.430131 0.000000
241.207903 0.000000
213.123103 0.000000
120.278347 0.000000
48.287617 0.000000
0.000000 0.000000
0.000000 0.000000
0.000000 0.000000
0.000000 0.000000
0.000000 0.000000
0.000000 0.000000
0.000000 0.000000
0.000000 0.000000
0.000000 0.000000
0.000000 0.000000
0.000000 0.000000
0.000000 0.000000
0.000000 0.000000
0.000000 0.000000
0.000000 0.000000
0.000000 0.000000
0.000000 0.000000
0.000000 0.000000
0.000000 0.000000
0.000000 0.000000
0.000000 0.000000
0.000000 0.000000
0.000000 0.000000
0.000000 0.000000
0.000000 0.000000
0.000000 0.000000
0.000000 0.000000
0.000000 0.000000
0.000000 0.000000
0.000000 0.000000
0.000000 0.000000
0.000000 0.000000
0.000000 0.000000
0.000000 0.000000
0.000000 0.000000
0.000000 0.000000
0.000000 0.000000
0.000000 0.000000
0.000000 0.000000
0.000000 0.000000
0.000000 0.000000
0.000000 0.000000
0.000000 0.000000
0.000000 0.000000
0.000000 0.000000
0.000000 0.000000
0.000000 0.000000
0.000000 0.000000
0.000000 0.000000
0.000000 0.000000
0.000000 0.000000
0.000000 0.000000
0.000000 0.000000
0.000000 0.000000
0.000000 0.000000
0.000000 0.000000
0.000000 0.000000
0.000000 0.000000
0.000000 0.000000
0.000000 0.000000
0.000000 0.000000
0.000000 0.000000
0.000000 0.000000
0.000000 0.000000
0.000000 0.000000
0.000000 0.000000
0.000000 0.000000
0.000000 0.000000
0.000000 0.000000
0.000000 0.000000
0.000000 0.000000
0.000000 0.000000
0.000000 0.000000
0.000000 0.000000
0.000000 0.000000
0.000000 0.000000
0.000000 0.000000
0.000000 0.000000
0.000000 0.000000
0.000000 0.000000
14.880105 0.000000
29.730420 0.000000
44.550945 0.000000
59.341680 0.000000
74.102625 0.000000
88.833780 0.000000
132.848505 0.000000
147.460500 0.000000
212.841617 0.000000
299.052924 0.000000
405.245433 0.000000
534.009268 0.000000
690.390581 0.000000
936.457041 0.000000
1128.820996 0.000000
1342.885116 0.000000
1636.250748 0.000000
1939.299207 0.000000
2284.673895 0.000000
2642.894729 0.000000
3087.841021 0.000000
3339.561133 0.000000
3517.614590 0.000000
3433.983258 0.000000
2779.841385 0.000000
1689.770586 0.000000
1099.099498 0.000000
5.576690 0.000000
0.000000 0.000000
0.000000 0.000000
0.000000 0.000000
0.000000 0.000000
0.000000 0.000000
32.338629 0.000000
64.612516 0.000000
128.966064 0.000000
193.060644 0.000000
240.953046 0.000000
399.570951 0.000000
454.658058 0.000000
603.053615 0.000000
849.881574 0.000000
1054.878826 0.000000
1264.253578 0.000000
1618.977903 0.000000
2037.873898 0.000000
2510.888689 0.000000
3125.619168 0.000000
3869.242912 0.000000
4523.167668 0.000000
5347.962890 0.000000
6249.619017 0.000000
7007.331050 0.000000
7560.596100 0.000000
7506.945959 0.000000
6318.318041 0.000000
4112.113602 0.000000
2869.050687 0.000000
720.950321 0.000000
906.904866 0.000000
1168.790722 0.000000
1465.353232 0.000000
1740.098777 0.000000
2035.523359 0.000000
2330.590203 0.000000
2590.966383 0.000000
2671.968627 0.000000
2450.263064 0.000000
1785.003314 0.000000
1480.775895 0.000000
1140.388589 0.000000
1000.863279 0.000000
1234.821177 0.000000
1548.862084 0.000000
1849.655793 0.000000
2169.773480 0.000000
2487.360199 0.000000
2792.677494 0.000000
3011.016353 0.000000
2983.500716 0.000000
2583.440730 0.000000
2195.111792 0.000000
2231.735092 0.000000
1858.811322 0.000000
1451.837693 0.000000
1335.740408 0.000000
1168.955990 0.000000
916.798608 0.000000
687.885666 0.000000
374.913197 0.000000
346.372486 0.000000
258.310100 0.000000
174.487311 0.000000
195.454667 0.000000
236.760914 0.000000
291.699474 0.000000
352.977502 0.000000
407.932248 0.000000
473.535970 0.000000
521.228744 0.000000
544.447995 0.000000
511.642281 0.000000
474.325214 0.000000
459.395098 0.000000
360.099368 0.000000
275.664461 0.000000
299.458247 0.000000
328.952335 0.000000
350.068517 0.000000
336.868740 0.000000
277.206227 0.000000
225.153292 0.000000
147.714529 0.000000
166.090041 0.000000
181.543795 0.000000
179.841250 0.000000
152.413985 0.000000
116.385830 0.000000
99.307852 0.000000
76.723678 0.000000
53.404834 0.000000
56.073484 0.000000
61.767974 0.000000
64.167581 0.000000
62.170242 0.000000
55.120265 0.000000
40.836569 0.000000
34.182078 0.000000
32.746686 0.000000
32.294445 0.000000
26.961049 0.000000
20.931317 0.000000
20.427067 0.000000
20.228307 0.000000
21.385932 0.000000
21.413585 0.000000
22.402547 0.000000
20.949607 0.000000
16.688855 0.000000
14.621183 0.000000
10.688714 0.000000
9.202952 0.000000
7.475193 0.000000
8.006432 0.000000
7.543995 0.000000
5.995531 0.000000
4.739910 0.000000
4.066132 0.000000
3.954538 0.000000
3.119709 0.000000
2.947354 0.000000
2.197012 0.000000
1.270261 0.000000
0.574033 0.000000
0.242332 0.000000
0.280300 0.000000
0.318351 0.000000
0.361215 0.000000
0.405382 0.000000
0.431670 0.000000
0.418791 0.000000
0.351043 0.000000
0.225351 0.000000
0.151404 0.000000
0.002991 0.000000
0.000000 0.000000
0.000000 0.000000
0.000000 0.000000
0.000000 0.000000
0.000000 0.000000
0.000000 0.000000
0.000000 0.000000
0.000000 0.000000
0.000000 0.000000
0.000000 0.000000
0.000000 0.000000
0.000000 0.000000
0.000000 0.000000
0.000000 0.000000
0.000000 0.000000
0.000000 0.000000
0.000000 0.000000
0.000000 0.000000
0.000000 0.000000
0.000000 0.000000
0.000000 0.000000
0.000000 0.000000
0.000000 0.000000
0.000000 0.000000
0.000000 0.000000
0.000000 0.000000
0.000000 0.000000
0.000000 0.000000
0.000000 0.000000
0.000000 0.000000
0.000000 0.000000
0.000000 0.000000
0.000000 0.000000
0.000000 0.000000
0.000000 0.000000
0.000000 0.000000
0.000000 0.000000
0.000000 0.000000
0.000000 0.000000
0.000000 0.000000
0.000000 0.000000
0.000000 0.000000
0.000000 0.000000
0.000000 0.000000
0.000000 0.000000
0.000000 0.000000
0.000000 0.000000
0.000000 0.000000
0.000000 0.000000
0.000000 0.000000
0.000000 0.000000
0.000000 0.000000
0.000000 0.000000
0.000000 0.000000
0.000000 0.000000
0.000000 0.000000
0.000000 0.000000
0.000000 0.000000
0.000000 0.000000
0.000000 0.000000
0.000000 0.000000
0.000000 0.000000
0.000000 0.000000
0.000000 0.000000
0.000000 0.000000
0.000000 0.000000
0.000000 0.000000
0.000000 0.000000
0.000000 0.000000
0.000000 0.000000
0.000000 0.000000
0.000000 0.000000
0.000000 0.000000
0.000000 0.000000
0.000000 0.000000
0.000000 0.000000
0.000000 0.000000
0.000000 0.000000
0.000000 0.000000
0.000000 0.000000
0.000000 0.000000
0.000000 0.000000
0.000000 0.000000
0.000000 0.000000
0.000000 0.000000
0.000000 0.000000
0.000000 0.000000
0.000000 0.000000
0.000000 0.000000
0.000000 0.000000
0.000000 0.000000
0.000000 0.000000
0.000000 0.000000
0.000000 0.000000
0.000000 0.000000
0.000000 0.000000
0.000000 0.000000
0.000000 0.000000
0.000000 0.000000
0.000000 0.000000
0.000000 0.000000
0.000000 0.000000
0.000000 0.000000
0.000000 0.000000
0.000000 0.000000
0.000000 0.000000
0.000000 0.000000
0.000000 0.000000
0.000000 0.000000
0.000000 0.000000
0.000000 0.000000
0.000000 0.000000
0.000000 0.000000
0.000000 0.000000
0.000000 0.000000
0.000000 0.000000
0.000000 0.000000
0.000000 0.000000
0.000000 0.000000
0.000000 0.000000
0.000000 0.000000
0.000000 0.000000
0.000000 0.000000
0.000000 0.000000
0.000000 0.000000
0.000000 0.000000
0.000000 0.000000
0.000000 0.000000
0.000000 0.000000
0.000000 0.000000
0.000000 0.000000
0.000000 0.000000
0.000000 0.000000
0.000000 0.000000
0.000000 0.000000
0.000000 0.000000
0.000000 0.000000
0.000000 0.000000
0.000000 0.000000
0.000000 0.000000
0.000000 0.000000
0.000000 0.000000
0.000000 0.000000
0.000000 0.000000
0.000000 0.000000
0.000000 0.000000
0.000000 0.000000
0.000000 0.000000
0.000000 0.000000
0.000000 0.000000
0.000000 0.000000
0.000000 0.000000
0.000000 0.000000
0.000000 0.000000
0.000000 0.000000
0.000000 0.000000
0.000000 0.000000
0.000000 0.000000
0.000000 0.000000
0.000000 0.000000
0.000000 0.000000
0.000000 0.000000
0.000000 0.000000
0.000000 0.000000
0.000000 0.000000
0.000000 0.000000
0.000000 0.000000
0.000000 0.000000
0.000000 0.000000
0.000000 0.000000
0.000000 0.000000
0.000000 0.000000
0.000000 0.000000
0.000000 0.000000
0.000000 0.000000
0.000000 0.000000
0.000000 0.000000
0.000000 0.000000
0.000000 0.000000
0.000000 0.000000
0.000000 0.000000
0.000000 0.000000
0.000000 0.000000
0.000000 0.000000
0.000000 0.000000
0.000000 0.000000
0.000000 0.000000
0.000000 0.000000
0.000000 0.000000
0.000000 0.000000
0.000000 0.000000
0.000000 0.000000
0.000000 0.000000
0.000000 0.000000
0.000000 0.000000
0.000000 0.000000
0.000000 0.000000
0.000000 0.000000
0.000000 0.000000
0.000000 0.000000
0.000000 0.000000
0.000000 0.000000
0.000000 0.000000
0.000000 0.000000
0.000000 0.000000
0.000000 0.000000
0.000000 0.000000
0.000000 0.000000
0.000000 0.000000
0.000000 0.000000
0.000000 0.000000
0.000000 0.000000
0.000000 0.000000
0.000000 0.000000
0.000000 0.000000
0.000000 0.000000
0.000000 0.000000
0.000000 0.000000
0.000000 0.000000
0.000000 0.000000
0.000000 0.000000
0.000000 0.000000
0.000000 0.000000
0.000000 0.000000
0.000000 0.000000
0.000000 0.000000
0.000000 0.000000
0.000000 0.000000
0.000000 0.000000
0.000000 0.000000
0.000000 0.000000
0.000000 0.000000
0.000000 0.000000
0.000000 0.000000
0.000000 0.000000
0.000000 0.000000
0.000000 0.000000
0.000000 0.000000
0.000000 0.000000
0.000000 0.000000
0.000000 0.000000
0.000000 0.000000
0.000000 0.000000
0.000000 0.000000
0.000000 0.000000
0.000000 0.000000
0.000000 0.000000
0.000000 0.000000
0.000000 0.000000
0.000000 0.000000
0.000000 0.000000
0.000000 0.000000
0.000000 0.000000
0.000000 0.000000
0.000000 0.000000
0.000000 0.000000
0.000000 0.000000
0.000000 0.000000
0.000000 0.000000
0.000000 0.000000
0.000000 0.000000
0.000000 0.000000
0.000000 0.000000
0.000000 0.000000
0.000000 0.000000
0.000000 0.000000
0.000000 0.000000
0.000000 0.000000
0.000000 0.000000
0.000000 0.000000
0.000000 0.000000
0.000000 0.000000
0.000000 0.000000
0.000000 0.000000
0.000000 0.000000
0.000000 0.000000
0.000000 0.000000
0.000000 0.000000
0.000000 0.000000
0.000000 0.000000
0.000000 0.000000
0.000000 0.000000
0.000000 0.000000
0.000000 0.000000
0.000000 0.000000
0.000000 0.000000
0.000000 0.000000
0.000000 0.000000
0.000000 0.000000
0.000000 0.000000
0.000000 0.000000
0.000000 0.000000
0.000000 0.000000
0.000000 0.000000
0.000000 0.000000
0.000000 0.000000
0.000000 0.000000
0.000000 0.000000
0.000000 0.000000
0.000000 0.000000
0.000000 0.000000
0.000000 0.000000
0.000000 0.000000
0.000000 0.000000
0.000000 0.000000
0.000000 0.000000
0.000000 0.000000
0.000000 0.000000
0.000000 0.000000
0.000000 0.000000
0.000000 0.000000
0.000000 0.000000
0.000000 0.000000
0.000000 0.000000
0.000000 0.000000
0.000000 0.000000
0.000000 0.000000
0.000000 0.000000
0.000000 0.000000
0.000000 0.000000
0.000000 0.000000
0.000000 0.000000
0.000000 0.000000
0.000000 0.000000
0.000000 0.000000
0.000000 0.000000
0.000000 0.000000
0.000000 0.000000
0.000000 0.000000
0.000000 0.000000
0.000000 0.000000
0.000000 0.000000
0.000000 0.000000
0.000000 0.000000
0.000000 0.000000
0.000000 0.000000
0.000000 0.000000
0.000000 0.000000
0.000000 0.000000
0.000000 0.000000
0.000000 0.000000
0.000000 0.000000
0.000000 0.000000
0.000000 0.000000
0.000000 0.000000
0.000000 0.000000
0.000000 0.000000
0.000000 0.000000
0.000000 0.000000
0.000000 0.000000
0.000000 0.000000
0.000000 0.000000
0.000000 0.000000
0.000000 0.000000
0.000000 0.000000
0.000000 0.000000
0.000000 0.000000
0.000000 0.000000
0.000000 0.000000
0.000000 0.000000
0.000000 0.000000
0.000000 0.000000
0.000000 0.000000
0.000000 0.000000
0.000000 0.000000
0.000000 0.000000
0.000000 0.000000
0.000000 0.000000
0.000000 0.000000
0.000000 0.000000
0.000000 0.000000
0.000000 0.000000
0.000000 0.000000
0.000000 0.000000
0.000000 0.000000
0.000000 0.000000
0.000000 0.000000
0.000000 0.000000
0.000000 0.000000
0.000000 0.000000
0.000000 0.000000
0.000000 0.000000
0.000000 0.000000
0.000000 0.000000
0.000000 0.000000
0.000000 0.000000
0.000000 0.000000
0.000000 0.000000
0.000000 0.000000
0.000000 0.000000
0.000000 0.000000
0.000000 0.000000
0.000000 0.000000
0.000000 0.000000
0.000000 0.000000
0.000000 0.000000
0.000000 0.000000
0.000000 0.000000
0.000000 0.000000
0.000000 0.000000
0.000000 0.000000
0.000000 0.000000
0.000000 0.000000
0.000000 0.000000
0.000000 0.000000
0.000000 0.000000
0.000000 0.000000
0.000000 0.000000
0.000000 0.000000
0.000000 0.000000
0.000000 0.000000
0.000000 0.000000
0.000000 0.000000
0.000000 0.000000
0.000000 0.000000
