119947833.420429 0.000000
115211583.861572 0.000000
110470047.162507 0.000000
107316489.597172 0.000000
104103322.344956 0.000000
100181258.810432 0.000000
94427419.017752 0.000000
91552776.925553 0.000000
89930390.992715 0.000000
87013379.194725 0.000000
84345781.598849 0.000000
80971738.422177 0.000000
76778972.495378 0.000000
74118545.918079 0.000000
69188692.688560 0.000000
66928035.719126 0.000000
63815932.378238 0.000000
61383573.696104 0.000000
59101024.784402 0.000000
58243162.051457 0.000000
55090486.184470 0.000000
52291008.556336 0.000000
49103192.905165 0.000000
45619536.317390 0.000000
43092480.306585 0.000000
39571547.047894 0.000000
39823779.458748 0.000000
36975536.785914 0.000000
35219560.457795 0.000000
36273382.219245 0.000000
36489472.991660 0.000000
34277832.696672 0.000000
33626392.243201 0.000000
32283137.976764 0.000000
29630892.553517 0.000000
30984882.868601 0.000000
31137724.747421 0.000000
29747508.208722 0.000000
28448262.116116 0.000000
26371099.968449 0.000000
24864144.966347 0.000000
20432259.151431 0.000000
14764618.695460 0.000000
8172433.276714 0.000000
5832495.986216 0.000000
6724291.283367 0.000000
8093827.442704 0.000000
9264343.982169 0.000000
8728115.446742 0.000000
10481557.134536 0.000000
12469209.290308 0.000000
14601931.299411 0.000000
16885423.093706 0.000000
18222780.055765 0.000000
18426987.804309 0.000000
17290741.828365 0.000000
15855372.291277 0.000000
10715361.427999 0.000000
5779998.246242 0.000000
6469198.938074 0.000000
7343450.761512 0.000000
8848019.989538 0.000000
9946854.328797 0.000000
11793203.123149 0.000000
13365892.028883 0.000000
14202159.807258 0.000000
12906668.524190 0.000000
9303178.936406 0.000000
7821982.758192 0.000000
4520818.205024 0.000000
3499802.313872 0.000000
3725571.970297 0.000000
3147007.481871 0.000000
2766959.588846 0.000000
1012647.174597 0.000000
913538.443032 0.000000
949203.925596 0.000000
1068682.410576 0.000000
1111203.548177 0.000000
1159777.414848 0.000000
1229103.748121 0.000000
1307103.535425 0.000000
1325134.703621 0.000000
1294694.022596 0.000000
1223041.513892 0.000000
1196761.639905 0.000000
1208900.417646 0.000000
1230895.790258 0.000000
1178337.263826 0.000000
1174793.271432 0.000000
1117044.063798 0.000000
1081460.594896 0.000000
1098532.219363 0.000000
994756.614004 0.000000
845163.637209 0.000000
802876.619922 0.000000
953885.585508 0.000000
1093649.859811 0.000000
1245452.169298 0.000000
1344850.639679 0.000000
1266493.626606 0.000000
1184545.978343 0.000000
1182028.598040 0.000000
1109232.782630 0.000000
1144842.219333 0.000000
1067657.212973 0.000000
1002981.665978 0.000000
968365.786529 0.000000
950631.222460 0.000000
995471.758855 0.000000
917542.600958 0.000000
863638.565320 0.000000
821029.954290 0.000000
801706.744606 0.000000
754180.350523 0.000000
742492.476934 0.000000
707137.386287 0.000000
747841.140540 0.000000
801404.456988 0.000000
842479.757524 0.000000
784641.224902 0.000000
774827.233868 0.000000
756252.576900 0.000000
810039.651136 0.000000
824234.735759 0.000000
853770.214700 0.000000
771860.283530 0.000000
783559.343555 0.000000
791894.439349 0.000000
778114.224297 0.000000
844949.338556 0.000000
883213.925648 0.000000
854951.470862 0.000000
874905.582607 0.000000
879322.479887 0.000000
893754.539015 0.000000
860097.938119 0.000000
872387.673678 0.000000
830335.399397 0.000000
741790.915285 0.000000
639110.784054 0.000000
582356.176916 0.000000
551171.756153 0.000000
429641.281370 0.000000
354674.378580 0.000000
284103.781505 0.000000
332059.703094 0.000000
385652.339546 0.000000
434157.923376 0.000000
438048.102244 0.000000
416578.330602 0.000000
413518.230826 0.000000
421852.877764 0.000000
417337.934896 0.000000
443069.796464 0.000000
473672.760095 0.000000
511721.398865 0.000000
521768.039918 0.000000
533847.167468 0.000000
507090.170280 0.000000
500483.666296 0.000000
530087.508380 0.000000
506885.218606 0.000000
487430.675767 0.000000
416912.245164 0.000000
341244.638056 0.000000
360918.327619 0.000000
363779.869847 0.000000
358186.764554 0.000000
388973.283840 0.000000
371000.101174 0.000000
399706.568992 0.000000
451889.101357 0.000000
493965.223612 0.000000
520073.682323 0.000000
548285.269336 0.000000
531695.964652 0.000000
469354.398950 0.000000
439963.887343 0.000000
376774.540739 0.000000
340754.391954 0.000000
377259.305706 0.000000
407222.580539 0.000000
398050.396216 0.000000
376678.105059 0.000000
375582.556280 0.000000
397543.777873 0.000000
394459.142963 0.000000
400099.062938 0.000000
395109.225434 0.000000
389770.682309 0.000000
389179.114179 0.000000
361332.613816 0.000000
308844.199164 0.000000
243769.511759 0.000000
202001.326845 0.000000
174874.076120 0.000000
104646.706191 0.000000
56910.781656 0.000000
68588.121251 0.000000
87274.979707 0.000000
110481.110845 0.000000
139420.735481 0.000000
165642.655926 0.000000
199710.054903 0.000000
237099.728927 0.000000
274713.086923 0.000000
310529.141027 0.000000
325801.728761 0.000000
318497.365641 0.000000
299832.725517 0.000000
261806.161926 0.000000
181292.807706 0.000000
158131.831224 0.000000
201277.466185 0.000000
244068.487404 0.000000
291975.272967 0.000000
337293.855638 0.000000
371408.434171 0.000000
392341.408847 0.000000
357316.737636 0.000000
307583.054446 0.000000
337149.212681 0.000000
354590.072688 0.000000
360638.855427 0.000000
373513.648635 0.000000
352851.425082 0.000000
360611.178175 0.000000
325810.093096 0.000000
349900.647658 0.000000
351088.365063 0.000000
328888.385422 0.000000
271358.976553 0.000000
246045.385204 0.000000
210783.795176 0.000000
191811.256509 0.000000
190648.663313 0.000000
227683.680813 0.000000
253841.109097 0.000000
266185.980502 0.000000
283023.002736 0.000000
299808.215600 0.000000
287691.341745 0.000000
283077.902845 0.000000
246786.503538 0.000000
232505.177298 0.000000
182803.959482 0.000000
146026.986749 0.000000
138350.998543 0.000000
153779.440237 0.000000
166874.929594 0.000000
166640.983473 0.000000
150091.962073 0.000000
141262.137676 0.000000
140679.306904 0.000000
154321.486680 0.000000
153952.648427 0.000000
137112.870558 0.000000
137697.033504 0.000000
135397.848027 0.000000
120823.894234 0.000000
113192.683375 0.000000
109443.217157 0.000000
99379.299043 0.000000
93300.735171 0.000000
74964.053987 0.000000
49255.453601 0.000000
28852.967526 0.000000
14933.892305 0.000000
18768.170376 0.000000
23055.587732 0.000000
30931.577205 0.000000
38279.384035 0.000000
48410.924403 0.000000
57821.881606 0.000000
70121.859199 0.000000
84718.384798 0.000000
97239.297057 0.000000
109048.694610 0.000000
120187.663501 0.000000
125152.928169 0.000000
116899.076375 0.000000
102585.805601 0.000000
97123.276292 0.000000
84202.186054 0.000000
74808.058917 0.000000
84213.957745 0.000000
92334.544390 0.000000
80911.563406 0.000000
71601.630447 0.000000
66020.968153 0.000000
60686.114341 0.000000
57438.416360 0.000000
50785.692104 0.000000
59295.831630 0.000000
67323.195908 0.000000
74378.273482 0.000000
77587.313543 0.000000
79397.652593 0.000000
85321.233894 0.000000
88544.264511 0.000000
92388.998862 0.000000
92972.762892 0.000000
86688.146188 0.000000
87888.052222 0.000000
90705.705847 0.000000
92081.240114 0.000000
89099.071887 0.000000
70086.443083 0.000000
65163.833522 0.000000
62740.271509 0.000000
45933.276795 0.000000
42562.540364 0.000000
44641.393939 0.000000
48231.276718 0.000000
53267.256222 0.000000
54681.867303 0.000000
52298.967305 0.000000
51673.619882 0.000000
53129.922861 0.000000
57528.277481 0.000000
64903.581745 0.000000
70412.825195 0.000000
72717.399495 0.000000
76306.939974 0.000000
86086.892547 0.000000
93533.194575 0.000000
95035.783109 0.000000
79770.964568 0.000000
67237.374144 0.000000
61503.250506 0.000000
47061.004504 0.000000
36182.241212 0.000000
32384.349547 0.000000
35260.909206 0.000000
36348.610963 0.000000
36599.695121 0.000000
36302.906347 0.000000
35059.403219 0.000000
36703.761264 0.000000
36695.669233 0.000000
34937.127725 0.000000
27312.643765 0.000000
23461.639792 0.000000
26747.649994 0.000000
26623.232334 0.000000
28026.421172 0.000000
30404.429864 0.000000
28520.420908 0.000000
28601.505045 0.000000
28168.822854 0.000000
27689.459387 0.000000
32542.281118 0.000000
37371.479226 0.000000
41741.565704 0.000000
44281.560124 0.000000
39992.265167 0.000000
36634.149421 0.000000
37772.789544 0.000000
40658.447031 0.000000
40176.617245 0.000000
33016.005657 0.000000
20000.832130 0.000000
11376.978811 0.000000
13238.864938 0.000000
15478.288106 0.000000
18232.937472 0.000000
20912.308051 0.000000
23347.933167 0.000000
24909.252222 0.000000
23035.600934 0.000000
17829.921819 0.000000
20968.364077 0.000000
24067.838274 0.000000
27674.899835 0.000000
30577.235390 0.000000
33369.175460 0.000000
38224.721509 0.000000
41865.059941 0.000000
42661.499606 0.000000
38865.701204 0.000000
38705.360131 0.000000
37162.304536 0.000000
32335.231650 0.000000
38653.350189 0.000000
44481.330919 0.000000
48912.031344 0.000000
51788.384860 0.000000
49716.775346 0.000000
51766.144197 0.000000
51374.533028 0.000000
44451.341334 0.000000
35703.990066 0.000000
23298.656264 0.000000
24171.030791 0.000000
27534.839949 0.000000
30042.540907 0.000000
29597.245998 0.000000
24492.883879 0.000000
19005.677697 0.000000
16015.327084 0.000000
9999.205236 0.000000
4509.597653 0.000000
1599.607326 0.000000
1998.431139 0.000000
2468.952842 0.000000
2943.851079 0.000000
3523.585699 0.000000
4284.179193 0.000000
5547.396318 0.000000
6967.976206 0.000000
8832.864333 0.000000
10788.376050 0.000000
13110.281636 0.000000
15218.806292 0.000000
17136.389879 0.000000
19111.909808 0.000000
22358.427245 0.000000
25302.027816 0.000000
27814.998985 0.000000
30732.462698 0.000000
32826.665421 0.000000
33006.484650 0.000000
29039.325175 0.000000
28156.773555 0.000000
31501.649602 0.000000
31734.650145 0.000000
33363.179993 0.000000
33139.817514 0.000000
37809.861835 0.000000
42237.399013 0.000000
44216.527274 0.000000
42570.245331 0.000000
32904.557051 0.000000
27010.091657 0.000000
24090.005721 0.000000
16330.951314 0.000000
15073.943743 0.000000
18197.147282 0.000000
20929.439677 0.000000
23060.741712 0.000000
23407.217768 0.000000
21028.745480 0.000000
14761.923758 0.000000
13517.120816 0.000000
15632.482003 0.000000
17847.647646 0.000000
19267.244241 0.000000
19164.327056 0.000000
18085.478003 0.000000
18182.510211 0.000000
20762.612925 0.000000
23934.290288 0.000000
26637.168007 0.000000
27110.700409 0.000000
27666.613985 0.000000
30135.749914 0.000000
35275.363788 0.000000
40370.245819 0.000000
43896.057586 0.000000
46045.343216 0.000000
49347.096282 0.000000
51894.323670 0.000000
48637.319241 0.000000
35999.097362 0.000000
33235.257310 0.000000
32256.027800 0.000000
26152.582160 0.000000
15432.942223 0.000000
15265.978433 0.000000
17198.831142 0.000000
14340.598667 0.000000
12273.212774 0.000000
11035.499950 0.000000
9902.657547 0.000000
9099.760566 0.000000
6526.485063 0.000000
2343.448120 0.000000
3011.600355 0.000000
3658.644219 0.000000
4512.258457 0.000000
5664.882929 0.000000
6680.130394 0.000000
7582.845785 0.000000
8850.565580 0.000000
10574.859771 0.000000
12524.052691 0.000000
14617.479365 0.000000
16450.002314 0.000000
17576.014717 0.000000
17209.328889 0.000000
16111.361550 0.000000
15274.908151 0.000000
11494.611535 0.000000
11601.192871 0.000000
12423.224726 0.000000
13364.735646 0.000000
16419.494466 0.000000
19613.700519 0.000000
22989.428735 0.000000
25646.992158 0.000000
26976.186699 0.000000
25291.019860 0.000000
21273.176352 0.000000
14521.828988 0.000000
13167.763512 0.000000
12841.843932 0.000000
11478.488966 0.000000
10487.087336 0.000000
7579.016064 0.000000
5364.982296 0.000000
3926.681950 0.000000
686.495750 0.000000
282.804639 0.000000
507.705023 0.000000
669.251642 0.000000
913.584953 0.000000
1284.621226 0.000000
1751.520451 0.000000
2191.924589 0.000000
2861.530790 0.000000
3400.516349 0.000000
4273.967547 0.000000
5025.519251 0.000000
6387.078621 0.000000
7847.599331 0.000000
9701.598549 0.000000
11697.826894 0.000000
13381.082660 0.000000
15795.989958 0.000000
17921.656930 0.000000
19902.203567 0.000000
21410.505696 0.000000
20455.005927 0.000000
20787.525529 0.000000
18898.195477 0.000000
12146.902012 0.000000
8414.827436 0.000000
3536.400298 0.000000
4496.378630 0.000000
5650.911526 0.000000
6499.501307 0.000000
7654.049294 0.000000
9249.140250 0.000000
10867.998355 0.000000
12837.871070 0.000000
14232.621210 0.000000
14594.685482 0.000000
13275.971193 0.000000
10899.130452 0.000000
7609.784489 0.000000
2678.971266 0.000000
641.097797 0.000000
912.548749 0.000000
1241.170230 0.000000
1652.814720 0.000000
2211.140820 0.000000
2840.133559 0.000000
3635.820342 0.000000
4439.378601 0.000000
5484.058189 0.000000
6487.620750 0.000000
7647.212657 0.000000
8680.125278 0.000000
9573.339042 0.000000
9833.453579 0.000000
9584.144035 0.000000
5446.599781 0.000000
6091.428289 0.000000
6657.209587 0.000000
6638.013091 0.000000
5265.935916 0.000000
4685.500863 0.000000
5751.473663 0.000000
7642.696960 0.000000
9391.345454 0.000000
11249.853666 0.000000
13936.616624 0.000000
16637.677168 0.000000
19749.734128 0.000000
23075.599568 0.000000
26178.592596 0.000000
28295.539682 0.000000
28666.535076 0.000000
24851.271785 0.000000
17311.577404 0.000000
14424.513241 0.000000
15545.950611 0.000000
16247.825285 0.000000
10123.597575 0.000000
10210.269080 0.000000
11910.176520 0.000000
13430.411197 0.000000
14469.747385 0.000000
14518.175164 0.000000
12460.590720 0.000000
9053.970748 0.000000
7963.016583 0.000000
7036.997462 0.000000
5796.575306 0.000000
3716.451461 0.000000
3744.872644 0.000000
1744.866163 0.000000
1991.349196 0.000000
2434.208600 0.000000
2915.227874 0.000000
3383.726221 0.000000
3881.817253 0.000000
4302.544308 0.000000
4518.498698 0.000000
4414.935346 0.000000
3548.532569 0.000000
2293.458909 0.000000
1610.551854 0.000000
1167.265413 0.000000
1479.696322 0.000000
1837.793236 0.000000
2318.985236 0.000000
2917.630846 0.000000
3890.667892 0.000000
4629.130254 0.000000
5943.475556 0.000000
7245.288573 0.000000
8631.075250 0.000000
10261.140073 0.000000
11729.770892 0.000000
13187.908836 0.000000
13843.490199 0.000000
13600.445255 0.000000
11406.870346 0.000000
9172.627873 0.000000
9718.475599 0.000000
9436.069454 0.000000
8932.540869 0.000000
8999.220174 0.000000
9163.824972 0.000000
8444.754251 0.000000
8202.064194 0.000000
8633.671515 0.000000
8160.634089 0.000000
6120.002951 0.000000
5156.001879 0.000000
4399.971363 0.000000
4972.361142 0.000000
5907.050741 0.000000
6996.078950 0.000000
7875.042854 0.000000
8612.516855 0.000000
8710.986962 0.000000
8735.713962 0.000000
8335.160737 0.000000
8192.158459 0.000000
8796.249638 0.000000
9071.839566 0.000000
8958.350164 0.000000
8744.676352 0.000000
8679.764767 0.000000
8708.847120 0.000000
8868.984835 0.000000
9021.077082 0.000000
9510.583681 0.000000
11249.091589 0.000000
13473.877561 0.000000
15500.253963 0.000000
17311.293170 0.000000
18653.846800 0.000000
18233.893560 0.000000
14607.222857 0.000000
12148.355574 0.000000
7039.133680 0.000000
5560.212993 0.000000
5471.899445 0.000000
6072.281047 0.000000
6491.042238 0.000000
4813.814771 0.000000
4582.294160 0.000000
4625.887791 0.000000
4375.233102 0.000000
3315.873452 0.000000
3112.806299 0.000000
2781.146230 0.000000
1769.304822 0.000000
1310.022972 0.000000
1611.742903 0.000000
2063.863233 0.000000
2542.312950 0.000000
3113.831678 0.000000
3672.399738 0.000000
4392.615706 0.000000
5055.040044 0.000000
5770.645406 0.000000
6451.379067 0.000000
7092.544969 0.000000
7010.567048 0.000000
5669.926603 0.000000
3919.338285 0.000000
1469.593365 0.000000
864.482823 0.000000
1098.730753 0.000000
1368.138124 0.000000
1669.481449 0.000000
2044.936412 0.000000
2372.717057 0.000000
2874.630301 0.000000
3398.221647 0.000000
3862.275866 0.000000
4322.203273 0.000000
4626.801581 0.000000
4577.962924 0.000000
4170.042640 0.000000
3598.123052 0.000000
2336.890012 0.000000
1604.378804 0.000000
882.289253 0.000000
1160.757683 0.000000
1507.102601 0.000000
2032.349678 0.000000
2629.396705 0.000000
3054.829074 0.000000
3566.316511 0.000000
4355.919915 0.000000
5219.311522 0.000000
6264.007295 0.000000
7408.370839 0.000000
8394.491511 0.000000
9100.461838 0.000000
9025.178223 0.000000
7230.430199 0.000000
3790.885749 0.000000
826.149645 0.000000
237.679641 0.000000
284.396092 0.000000
320.579135 0.000000
418.113642 0.000000
517.024703 0.000000
671.413367 0.000000
865.806573 0.000000
1093.129351 0.000000
1289.646127 0.000000
1573.363841 0.000000
1928.470585 0.000000
2347.412762 0.000000
2703.266695 0.000000
3101.812275 0.000000
3492.486628 0.000000
3914.862297 0.000000
4113.542415 0.000000
4012.397441 0.000000
3280.175956 0.000000
2894.499542 0.000000
2229.823385 0.000000
1231.875666 0.000000
490.160255 0.000000
633.980022 0.000000
783.729753 0.000000
925.978073 0.000000
1105.483655 0.000000
1316.154150 0.000000
1503.386639 0.000000
1665.525114 0.000000
1761.442014 0.000000
1728.732379 0.000000
1792.644185 0.000000
1844.931903 0.000000
1968.281812 0.000000
2279.037429 0.000000
2608.718298 0.000000
2893.322192 0.000000
3009.188370 0.000000
2750.962852 0.000000
2610.930674 0.000000
1629.794491 0.000000
1300.340492 0.000000
1212.986562 0.000000
736.612958 0.000000
0.000000 0.000000
0.000000 0.000000
0.000000 0.000000
0.000000 0.000000
0.000000 0.000000
0.000000 0.000000
0.000000 0.000000
0.000000 0.000000
0.000000 0.000000
0.000000 0.000000
0.000000 0.000000
0.000000 0.000000
0.000000 0.000000
0.000000 0.000000
0.000000 0.000000
0.000000 0.000000
0.000000 0.000000
0.000000 0.000000
7.764228 0.000000
15.512912 0.000000
23.246052 0.000000
30.963648 0.000000
38.665700 0.000000
54.023172 0.000000
65.498530 0.000000
88.348210 0.000000
111.057994 0.000000
159.776776 0.000000
193.114770 0.000000
222.461842 0.000000
273.228546 0.000000
349.660337 0.000000
425.191113 0.000000
529.736187 0.000000
662.795370 0.000000
831.514287 0.000000
999.792705 0.000000
1185.554220 0.000000
1429.298416 0.000000
1717.901680 0.000000
1973.009679 0.000000
2203.475846 0.000000
2295.487749 0.000000
2100.729884 0.000000
1572.515586 0.000000
1201.124486 0.000000
1171.671651 0.000000
1453.024288 0.000000
1802.805200 0.000000
2137.649372 0.000000
2650.034309 0.000000
3263.575954 0.000000
3860.090851 0.000000
4468.130927 0.000000
5016.890907 0.000000
5430.538109 0.000000
5514.212784 0.000000
4838.849224 0.000000
3002.931329 0.000000
1530.124024 0.000000
155.498211 0.000000
195.045707 0.000000
270.377168 0.000000
341.572010 0.000000
429.137070 0.000000
547.878581 0.000000
690.661379 0.000000
867.508991 0.000000
1069.193963 0.000000
1295.892933 0.000000
1545.020585 0.000000
1795.110644 0.000000
2023.301653 0.000000
2311.909853 0.000000
2475.035430 0.000000
2427.022965 0.000000
2004.092173 0.000000
1464.219010 0.000000
1292.902973 0.000000
807.042598 0.000000
236.802585 0.000000
285.065618 0.000000
348.737259 0.000000
414.039883 0.000000
485.483971 0.000000
560.847062 0.000000
627.896132 0.000000
677.408125 0.000000
670.294314 0.000000
552.540478 0.000000
378.975525 0.000000
423.422580 0.000000
438.487525 0.000000
403.708959 0.000000
360.918702 0.000000
448.548725 0.000000
545.503799 0.000000
699.561600 0.000000
902.389596 0.000000
1030.497298 0.000000
1147.935802 0.000000
1352.817247 0.000000
1614.965131 0.000000
1963.125422 0.000000
2500.316139 0.000000
3181.589519 0.000000
3904.283389 0.000000
4677.344423 0.000000
5629.081427 0.000000
6673.704597 0.000000
7774.067900 0.000000
8909.047428 0.000000
10001.630129 0.000000
10600.972880 0.000000
11067.681492 0.000000
11032.534226 0.000000
9192.848288 0.000000
6502.231493 0.000000
5946.208789 0.000000
6000.076773 0.000000
5400.841018 0.000000
3559.581378 0.000000
3082.336939 0.000000
3583.465829 0.000000
3984.780141 0.000000
4260.149175 0.000000
4026.666902 0.000000
3130.276858 0.000000
2247.594162 0.000000
1770.332082 0.000000
1859.366176 0.000000
1820.433173 0.000000
1491.856190 0.000000
510.187272 0.000000
11.915784 0.000000
14.879775 0.000000
20.789812 0.000000
26.675922 0.000000
32.538105 0.000000
38.376361 0.000000
47.088880 0.000000
55.747563 0.000000
67.205738 0.000000
84.218031 0.000000
95.430951 0.000000
117.572655 0.000000
143.376727 0.000000
181.697756 0.000000
245.850453 0.000000
293.342207 0.000000
366.068580 0.000000
442.059434 0.000000
517.697529 0.000000
607.029869 0.000000
669.443834 0.000000
715.608927 0.000000
713.089039 0.000000
608.586293 0.000000
341.442826 0.000000
181.014075 0.000000
0.000000 0.000000
0.000000 0.000000
0.000000 0.000000
0.000000 0.000000
0.000000 0.000000
0.000000 0.000000
0.000000 0.000000
0.000000 0.000000
0.000000 0.000000
0.000000 0.000000
0.000000 0.000000
0.000000 0.000000
0.000000 0.000000
0.000000 0.000000
0.000000 0.000000
0.000000 0.000000
0.000000 0.000000
0.000000 0.000000
0.000000 0.000000
0.000000 0.000000
0.000000 0.000000
0.000000 0.000000
0.000000 0.000000
18.393588 0.000000
36.750352 0.000000
73.353408 0.000000
109.809168 0.000000
127.981812 0.000000
182.278800 0.000000
200.304148 0.000000
272.037300 0.000000
378.532308 0.000000
448.792500 0.000000
570.330112 0.000000
749.248722 0.000000
981.460866 0.000000
1222.105706 0.000000
1522.359396 0.000000
1922.240418 0.000000
2421.546240 0.000000
2853.395097 0.000000
3446.454823 0.000000
3920.759604 0.000000
4339.655529 0.000000
4517.280583 0.000000
4207.809037 0.000000
2989.571424 0.000000
1316.365940 0.000000
0.000000 0.000000
5.523471 0.000000
11.035884 0.000000
16.537239 0.000000
22.027536 0.000000
27.506775 0.000000
27.506775 0.000000
43.878144 0.000000
60.149991 0.000000
81.690975 0.000000
103.055031 0.000000
126.877204 0.000000
163.490235 0.000000
195.719921 0.000000
248.892762 0.000000
332.387038 0.000000
429.929244 0.000000
522.594786 0.000000
617.560554 0.000000
789.684611 0.000000
951.739843 0.000000
1102.034185 0.000000
1224.466744 0.000000
1334.418942 0.000000
1340.309575 0.000000
1151.661084 0.000000
680.427298 0.000000
246.413577 0.000000
0.000000 0.000000
0.000000 0.000000
0.000000 0.000000
0.000000 0.000000
0.000000 0.000000
0.000000 0.000000
0.000000 0.000000
0.000000 0.000000
0.000000 0.000000
0.000000 0.000000
0.000000 0.000000
0.000000 0.000000
0.000000 0.000000
0.000000 0.000000
0.000000 0.000000
0.000000 0.000000
0.000000 0.000000
0.000000 0.000000
0.000000 0.000000
0.000000 0.000000
0.000000 0.000000
0.000000 0.000000
0.000000 0.000000
0.000000 0.000000
0.000000 0.000000
3.922074 0.000000
7.836296 0.000000
11.742666 0.000000
19.531850 0.000000
29.223181 0.000000
36.941697 0.000000
48.460581 0.000000
52.284505 0.000000
65.603460 0.000000
85.396891 0.000000
120.193295 0.000000
149.335023 0.000000
187.646453 0.000000
236.187549 0.000000
283.472199 0.000000
339.169058 0.000000
404.451311 0.000000
494.422995 0.000000
596.644773 0.000000
702.762923 0.000000
797.428116 0.000000
885.109887 0.000000
933.875313 0.000000
911.215913 0.000000
745.896321 0.000000
448.249261 0.000000
307.252228 0.000000
31.788813 0.000000
0.000000 0.000000
0.000000 0.000000
0.000000 0.000000
0.000000 0.000000
0.000000 0.000000
0.000000 0.000000
0.000000 0.000000
0.000000 0.000000
3.991005 0.000000
7.974020 0.000000
11.949045 0.000000
15.916080 0.000000
19.875125 0.000000
27.769245 0.000000
39.550500 0.000000
53.202926 0.000000
70.610661 0.000000
74.444901 0.000000
91.623987 0.000000
102.935954 0.000000
125.386050 0.000000
169.497198 0.000000
197.984981 0.000000
246.760805 0.000000
315.580998 0.000000
383.519613 0.000000
463.502956 0.000000
571.280730 0.000000
658.333666 0.000000
762.074220 0.000000
846.869738 0.000000
903.522022 0.000000
903.072635 0.000000
777.067957 0.000000
530.137665 0.000000
500.760254 0.000000
443.155012 0.000000
268.683824 0.000000
122.722900 0.000000
145.453654 0.000000
169.995489 0.000000
195.213451 0.000000
218.310426 0.000000
235.676524 0.000000
235.660334 0.000000
207.015234 0.000000
131.894350 0.000000
140.338845 0.000000
137.458156 0.000000
114.573846 0.000000
60.962071 0.000000
26.009635 0.000000
9.334824 0.000000
11.296181 0.000000
13.520337 0.000000
16.766749 0.000000
19.373365 0.000000
43.819575 0.000000
68.490674 0.000000
93.241460 0.000000
126.719302 0.000000
167.967389 0.000000
183.144044 0.000000
252.826086 0.000000
345.890491 0.000000
462.290098 0.000000
532.259146 0.000000
670.591067 0.000000
831.159436 0.000000
1061.733694 0.000000
1240.401861 0.000000
1502.850525 0.000000
1833.073060 0.000000
2178.209790 0.000000
2665.992743 0.000000
3245.184872 0.000000
3882.917287 0.000000
4446.664265 0.000000
4826.127870 0.000000
4976.800905 0.000000
4556.819251 0.000000
3065.619172 0.000000
2038.915495 0.000000
663.285875 0.000000
435.682972 0.000000
571.821613 0.000000
683.802819 0.000000
819.489947 0.000000
1046.266066 0.000000
1268.052440 0.000000
1516.356508 0.000000
1783.852597 0.000000
1958.275750 0.000000
2078.884848 0.000000
2085.672006 0.000000
1830.959755 0.000000
1619.571418 0.000000
1678.316604 0.000000
1916.710300 0.000000
2168.488964 0.000000
2741.245280 0.000000
3398.079926 0.000000
4076.978300 0.000000
4864.273588 0.000000
5507.794881 0.000000
6022.175808 0.000000
6208.064684 0.000000
5631.090625 0.000000
4077.500407 0.000000
3819.347930 0.000000
3784.341074 0.000000
3189.601403 0.000000
1765.761277 0.000000
933.574461 0.000000
858.482676 0.000000
496.080290 0.000000
122.356005 0.000000
143.261687 0.000000
188.727468 0.000000
226.425761 0.000000
283.669049 0.000000
346.837680 0.000000
412.547388 0.000000
503.927528 0.000000
592.542372 0.000000
690.980500 0.000000
784.316594 0.000000
861.674124 0.000000
885.284908 0.000000
802.185920 0.000000
526.639911 0.000000
447.751889 0.000000
414.820840 0.000000
292.774819 0.000000
83.400889 0.000000
0.470356 0.000000
0.407911 0.000000
0.815006 0.000000
1.626746 0.000000
2.435219 0.000000
3.240425 0.000000
5.040096 0.000000
6.032519 0.000000
7.806058 0.000000
9.562855 0.000000
13.026226 0.000000
15.390187 0.000000
17.816832 0.000000
23.632096 0.000000
28.969836 0.000000
35.171139 0.000000
40.166430 0.000000
50.326051 0.000000
71.804614 0.000000
82.461978 0.000000
106.507555 0.000000
128.101263 0.000000
159.471480 0.000000
192.241417 0.000000
203.780020 0.000000
230.198193 0.000000
265.614039 0.000000
289.963036 0.000000
390.811960 0.000000
496.006591 0.000000
626.822544 0.000000
736.330127 0.000000
886.758894 0.000000
1086.801944 0.000000
1306.348497 0.000000
1579.063359 0.000000
1945.268736 0.000000
2264.610726 0.000000
2588.665351 0.000000
2901.782166 0.000000
3102.725070 0.000000
3091.024449 0.000000
2659.122677 0.000000
1651.720589 0.000000
1156.748836 0.000000
211.188599 0.000000
202.060531 0.000000
262.855051 0.000000
328.772679 0.000000
400.317525 0.000000
475.032882 0.000000
578.026003 0.000000
670.779528 0.000000
806.226561 0.000000
950.618232 0.000000
1068.840085 0.000000
1170.950823 0.000000
1136.188401 0.000000
1044.153090 0.000000
1225.220721 0.000000
1413.502340 0.000000
1604.709328 0.000000
1764.040553 0.000000
1898.715114 0.000000
2107.738716 0.000000
2272.710422 0.000000
2261.600536 0.000000
1912.124264 0.000000
1091.994619 0.000000
651.509902 0.000000
0.000000 0.000000
0.000000 0.000000
0.000000 0.000000
0.000000 0.000000
0.000000 0.000000
0.000000 0.000000
0.000000 0.000000
3.429567 0.000000
6.852268 0.000000
10.268103 0.000000
17.079175 0.000000
20.474412 0.000000
30.618927 0.000000
40.701648 0.000000
57.368863 0.000000
67.286800 0.000000
88.563291 0.000000
106.328748 0.000000
136.515544 0.000000
168.331671 0.000000
229.821291 0.000000
298.293144 0.000000
371.232886 0.000000
449.373599 0.000000
548.898632 0.000000
654.470264 0.000000
770.343577 0.000000
894.988730 0.000000
996.571587 0.000000
1069.914887 0.000000
1054.547651 0.000000
851.165702 0.000000
784.614625 0.000000
777.380606 0.000000
919.793422 0.000000
1123.785580 0.000000
1356.623428 0.000000
1618.689625 0.000000
1833.917763 0.000000
2105.309210 0.000000
2357.356989 0.000000
2552.621505 0.000000
2589.880937 0.000000
2314.234081 0.000000
1396.011363 0.000000
750.612508 0.000000
43.382964 0.000000
5.325458 0.000000
6.650139 0.000000
7.972146 0.000000
9.949652 0.000000
14.540432 0.000000
19.743940 0.000000
24.902006 0.000000
34.129432 0.000000
42.261248 0.000000
52.093910 0.000000
63.264290 0.000000
77.627532 0.000000
93.941760 0.000000
122.973260 0.000000
153.046699 0.000000
189.349130 0.000000
221.835836 0.000000
252.373988 0.000000
282.220263 0.000000
301.875218 0.000000
293.013207 0.000000
231.934834 0.000000
196.731576 0.000000
164.928746 0.000000
74.833466 0.000000
30.561195 0.000000
4.857413 0.000000
5.868685 0.000000
7.167485 0.000000
9.253480 0.000000
11.771143 0.000000
14.968903 0.000000
18.026328 0.000000
21.484429 0.000000
25.492664 0.000000
30.190079 0.000000
34.279846 0.000000
37.406275 0.000000
38.805899 0.000000
35.887097 0.000000
25.188606 0.000000
24.237187 0.000000
21.688141 0.000000
13.780207 0.000000
5.370115 0.000000
0.000000 0.000000
0.000000 0.000000
9.748242 0.000000
19.476968 0.000000
29.186178 0.000000
38.875872 0.000000
58.196712 0.000000
82.235545 0.000000
91.817901 0.000000
115.681090 0.000000
134.689674 0.000000
172.443376 0.000000
209.865306 0.000000
265.417600 0.000000
315.744485 0.000000
405.713245 0.000000
506.196250 0.000000
633.592653 0.000000
775.757697 0.000000
949.645877 0.000000
1121.286810 0.000000
1360.210893 0.000000
1633.020378 0.000000
1914.334680 0.000000
2133.412610 0.000000
2300.848410 0.000000
2234.203168 0.000000
1741.976952 0.000000
1115.489144 0.000000
758.382351 0.000000
138.875274 0.000000
176.622794 0.000000
227.532676 0.000000
275.317435 0.000000
338.671800 0.000000
411.731775 0.000000
487.371785 0.000000
552.006967 0.000000
591.789870 0.000000
575.745147 0.000000
449.918588 0.000000
308.906947 0.000000
339.374504 0.000000
356.646525 0.000000
342.009622 0.000000
252.283090 0.000000
126.337435 0.000000
33.874790 0.000000
1.876136 0.000000
2.282242 0.000000
3.251489 0.000000
3.873794 0.000000
4.553544 0.000000
5.683236 0.000000
6.671607 0.000000
8.105266 0.000000
9.864829 0.000000
11.663638 0.000000
14.200436 0.000000
17.503473 0.000000
21.705766 0.000000
25.643020 0.000000
28.900053 0.000000
32.780385 0.000000
35.395042 0.000000
35.249003 0.000000
30.597917 0.000000
23.187466 0.000000
23.456954 0.000000
20.475356 0.000000
11.431105 0.000000
5.897608 0.000000
0.589746 0.000000
0.761730 0.000000
0.979672 0.000000
1.235057 0.000000
1.477881 0.000000
1.701840 0.000000
2.190663 0.000000
2.611047 0.000000
2.984479 0.000000
3.372502 0.000000
3.713539 0.000000
4.000008 0.000000
3.905202 0.000000
3.436693 0.000000
3.185695 0.000000
2.450643 0.000000
1.858749 0.000000
0.543747 0.000000
0.264296 0.000000
0.296835 0.000000
0.266827 0.000000
0.252461 0.000000
0.290072 0.000000
0.293234 0.000000
0.298629 0.000000
0.295933 0.000000
