28586471.116455 0.000000
25762249.164514 0.000000
23614748.073336 0.000000
21062718.754296 0.000000
19615043.632931 0.000000
18411660.009568 0.000000
17282366.449321 0.000000
15978580.768880 0.000000
15001767.943380 0.000000
14239823.921366 0.000000
13241264.630520 0.000000
12128089.029019 0.000000
11060340.985193 0.000000
10200611.101187 0.000000
9513724.999349 0.000000
8887929.079523 0.000000
8459817.467135 0.000000
8289758.442556 0.000000
7780820.875286 0.000000
7478478.987132 0.000000
7282579.343991 0.000000
6990172.899488 0.000000
6738304.757568 0.000000
6126610.556530 0.000000
5905994.335070 0.000000
5432041.347230 0.000000
4756547.654137 0.000000
4516104.851978 0.000000
4263974.608496 0.000000
3912971.695735 0.000000
3968851.555543 0.000000
3950776.800815 0.000000
3762979.144548 0.000000
3646980.763268 0.000000
3545016.422748 0.000000
3277900.602622 0.000000
3020176.298839 0.000000
2753331.829056 0.000000
2644538.250928 0.000000
2781170.567756 0.000000
2573455.815727 0.000000
2376273.204763 0.000000
2320614.498691 0.000000
2237785.588765 0.000000
2180531.747660 0.000000
2263150.972826 0.000000
2101903.395930 0.000000
2008021.095375 0.000000
2024669.068748 0.000000
2040343.764780 0.000000
1946161.416044 0.000000
1700677.775745 0.000000
1670433.410215 0.000000
1426848.550984 0.000000
1349420.141034 0.000000
1290553.959139 0.000000
1251084.669987 0.000000
1087634.602676 0.000000
999511.314362 0.000000
904772.269662 0.000000
769814.713911 0.000000
737868.855163 0.000000
832561.311447 0.000000
870026.235649 0.000000
705496.729515 0.000000
694842.954842 0.000000
705871.788507 0.000000
618865.328436 0.000000
640122.540231 0.000000
524027.557643 0.000000
527849.836066 0.000000
504487.789808 0.000000
493182.644213 0.000000
517670.857968 0.000000
480752.411019 0.000000
449870.299363 0.000000
385475.914144 0.000000
385121.996212 0.000000
359121.687246 0.000000
340086.121129 0.000000
290139.548538 0.000000
300912.770450 0.000000
272688.437766 0.000000
224933.862488 0.000000
210441.874662 0.000000
196065.025662 0.000000
174937.457551 0.000000
190902.752551 0.000000
188607.872793 0.000000
169977.939705 0.000000
124635.563416 0.000000
140938.160587 0.000000
150533.296590 0.000000
149211.945000 0.000000
140520.685686 0.000000
149573.121528 0.000000
158467.046256 0.000000
168833.118653 0.000000
162997.208363 0.000000
153493.449259 0.000000
125270.387198 0.000000
109311.505475 0.000000
92574.156783 0.000000
76198.341966 0.000000
93218.084848 0.000000
113208.578689 0.000000
130290.755056 0.000000
152658.683858 0.000000
169088.338718 0.000000
162887.267584 0.000000
141567.793069 0.000000
148657.775585 0.000000
154856.843123 0.000000
162425.112406 0.000000
167386.886296 0.000000
165667.727833 0.000000
152338.722124 0.000000
156445.728603 0.000000
138745.247190 0.000000
120766.124544 0.000000
111544.195670 0.000000
126631.415568 0.000000
137235.191132 0.000000
138164.710116 0.000000
128376.608793 0.000000
121973.965260 0.000000
111980.466024 0.000000
111802.483616 0.000000
120550.883190 0.000000
129000.267439 0.000000
139497.042952 0.000000
148378.011979 0.000000
149522.259089 0.000000
133376.471865 0.000000
132508.831291 0.000000
131330.290876 0.000000
112441.673383 0.000000
99555.622897 0.000000
117586.552900 0.000000
133423.893692 0.000000
135019.058555 0.000000
108973.317538 0.000000
82838.839487 0.000000
87507.665438 0.000000
80882.037092 0.000000
69661.653100 0.000000
62718.724300 0.000000
41105.925146 0.000000
36129.668653 0.000000
39279.674671 0.000000
45745.713410 0.000000
52069.912178 0.000000
48141.145480 0.000000
41804.958136 0.000000
41773.203677 0.000000
45294.689572 0.000000
44910.447641 0.000000
50565.238105 0.000000
49422.412141 0.000000
53009.483623 0.000000
54536.171410 0.000000
60178.330310 0.000000
66984.356249 0.000000
68508.402849 0.000000
62805.908977 0.000000
42000.393274 0.000000
19762.995994 0.000000
1927.956151 0.000000
2213.696183 0.000000
2870.981059 0.000000
3609.586321 0.000000
4246.648990 0.000000
4764.820697 0.000000
5734.401271 0.000000
7242.360411 0.000000
8272.019709 0.000000
10033.857840 0.000000
12023.274838 0.000000
14331.350256 0.000000
16254.001612 0.000000
18038.982429 0.000000
16068.603784 0.000000
10581.442736 0.000000
5848.726487 0.000000
2734.555747 0.000000
2111.258286 0.000000
2617.839748 0.000000
3213.149038 0.000000
3695.987421 0.000000
4401.936268 0.000000
5283.069454 0.000000
6232.719526 0.000000
7158.334658 0.000000
8257.854512 0.000000
9148.101681 0.000000
9881.085685 0.000000
9818.580153 0.000000
10150.391433 0.000000
10292.676363 0.000000
9804.415167 0.000000
8801.177655 0.000000
8478.116601 0.000000
6499.574050 0.000000
1832.833311 0.000000
1499.232643 0.000000
1865.053546 0.000000
2217.533365 0.000000
2607.110967 0.000000
3023.184969 0.000000
3436.062100 0.000000
4262.413385 0.000000
4932.776567 0.000000
5483.725448 0.000000
5830.622315 0.000000
5664.133269 0.000000
4747.747209 0.000000
4661.839571 0.000000
4143.312997 0.000000
4331.949820 0.000000
4351.076865 0.000000
3899.310890 0.000000
2537.611869 0.000000
1001.502617 0.000000
1300.876676 0.000000
1551.175940 0.000000
1842.490320 0.000000
2150.550233 0.000000
2396.989574 0.000000
2646.415056 0.000000
2728.948805 0.000000
2357.248194 0.000000
1837.421348 0.000000
2277.367876 0.000000
2696.719617 0.000000
3264.036717 0.000000
3610.804801 0.000000
4127.164287 0.000000
4626.855757 0.000000
5681.004873 0.000000
6720.195758 0.000000
7685.695628 0.000000
8546.856243 0.000000
9195.753292 0.000000
8919.655744 0.000000
5489.562906 0.000000
3324.647465 0.000000
1434.792482 0.000000
1787.450182 0.000000
2236.620849 0.000000
2745.264999 0.000000
3483.658787 0.000000
4123.728114 0.000000
4721.821071 0.000000
5284.283406 0.000000
5566.137357 0.000000
5477.139277 0.000000
4567.066761 0.000000
3404.674829 0.000000
2787.023895 0.000000
2694.233307 0.000000
2968.470925 0.000000
3452.196235 0.000000
4108.839913 0.000000
4531.951355 0.000000
4947.118806 0.000000
5344.386888 0.000000
5345.154687 0.000000
5255.092975 0.000000
4349.230521 0.000000
2603.283113 0.000000
2482.674013 0.000000
3021.017087 0.000000
3510.758222 0.000000
4020.319067 0.000000
4275.747837 0.000000
4334.277606 0.000000
4058.811829 0.000000
2881.010619 0.000000
1808.412023 0.000000
1395.509270 0.000000
1540.758431 0.000000
1777.765321 0.000000
2004.455830 0.000000
2194.639425 0.000000
2165.340310 0.000000
1952.321472 0.000000
2010.288142 0.000000
2175.716844 0.000000
2350.892181 0.000000
3113.585392 0.000000
3610.830424 0.000000
4377.471626 0.000000
5263.696873 0.000000
6373.419992 0.000000
7157.522947 0.000000
7759.020804 0.000000
8069.892663 0.000000
7439.814030 0.000000
5602.773495 0.000000
5678.671895 0.000000
5399.535744 0.000000
4227.587192 0.000000
4499.821862 0.000000
4744.618561 0.000000
5731.067020 0.000000
6792.263343 0.000000
7962.648093 0.000000
8925.163125 0.000000
9585.500359 0.000000
9349.964900 0.000000
7641.650609 0.000000
6647.049985 0.000000
7367.064767 0.000000
7961.319007 0.000000
8029.381509 0.000000
7654.286394 0.000000
8074.301393 0.000000
7934.151592 0.000000
8062.891434 0.000000
6387.206750 0.000000
4580.552379 0.000000
5190.392215 0.000000
5667.014669 0.000000
5717.342417 0.000000
5352.115503 0.000000
4537.062510 0.000000
4030.058982 0.000000
3302.003407 0.000000
3189.652941 0.000000
3081.003988 0.000000
2903.347502 0.000000
2795.373324 0.000000
3466.027251 0.000000
3985.252845 0.000000
4520.213634 0.000000
5357.223326 0.000000
6058.708703 0.000000
6906.583602 0.000000
7601.709737 0.000000
7751.421099 0.000000
7478.667333 0.000000
8016.912772 0.000000
8540.594823 0.000000
8373.074411 0.000000
8224.873240 0.000000
8364.191051 0.000000
7918.832351 0.000000
6292.986808 0.000000
5170.589207 0.000000
6156.122499 0.000000
6989.073886 0.000000
7473.724461 0.000000
7205.370652 0.000000
7152.584656 0.000000
6059.318461 0.000000
6751.731839 0.000000
7189.138855 0.000000
7267.493377 0.000000
7575.390990 0.000000
7417.392345 0.000000
7028.793120 0.000000
7039.274131 0.000000
6663.573892 0.000000
5130.584775 0.000000
4105.104506 0.000000
4779.417473 0.000000
5162.163981 0.000000
5296.017772 0.000000
4882.419939 0.000000
3584.988379 0.000000
3379.384621 0.000000
3097.032905 0.000000
3237.092086 0.000000
3080.747597 0.000000
2475.048443 0.000000
1616.627624 0.000000
276.800256 0.000000
370.772951 0.000000
433.759836 0.000000
524.430815 0.000000
692.233272 0.000000
863.597477 0.000000
979.376607 0.000000
1152.356098 0.000000
1365.881299 0.000000
1646.120946 0.000000
1943.298210 0.000000
2241.024566 0.000000
2483.351544 0.000000
2629.429173 0.000000
2834.811810 0.000000
2919.241850 0.000000
3000.421832 0.000000
2517.203353 0.000000
1564.112470 0.000000
1633.817954 0.000000
1407.184345 0.000000
1440.616034 0.000000
1531.832254 0.000000
1449.383993 0.000000
1082.648914 0.000000
560.449893 0.000000
649.214692 0.000000
736.196635 0.000000
862.630736 0.000000
934.986818 0.000000
930.631693 0.000000
977.377777 0.000000
1022.318652 0.000000
961.606960 0.000000
932.017961 0.000000
813.399216 0.000000
799.399015 0.000000
851.667329 0.000000
857.214470 0.000000
741.626506 0.000000
419.194966 0.000000
139.257630 0.000000
0.000000 0.000000
0.000000 0.000000
0.000000 0.000000
0.000000 0.000000
0.000000 0.000000
0.000000 0.000000
0.000000 0.000000
0.000000 0.000000
0.000000 0.000000
0.000000 0.000000
0.000000 0.000000
0.000000 0.000000
0.000000 0.000000
0.000000 0.000000
0.000000 0.000000
0.000000 0.000000
0.000000 0.000000
0.000000 0.000000
0.000000 0.000000
0.000000 0.000000
0.000000 0.000000
0.000000 0.000000
0.000000 0.000000
0.000000 0.000000
0.000000 0.000000
0.000000 0.000000
0.000000 0.000000
0.000000 0.000000
0.000000 0.000000
0.000000 0.000000
0.000000 0.000000
0.000000 0.000000
0.000000 0.000000
0.000000 0.000000
0.000000 0.000000
0.000000 0.000000
0.000000 0.000000
0.000000 0.000000
0.000000 0.000000
0.000000 0.000000
0.000000 0.000000
0.000000 0.000000
0.000000 0.000000
0.000000 0.000000
0.000000 0.000000
0.000000 0.000000
0.000000 0.000000
0.000000 0.000000
0.000000 0.000000
0.000000 0.000000
0.000000 0.000000
0.000000 0.000000
0.000000 0.000000
0.000000 0.000000
0.000000 0.000000
0.000000 0.000000
0.000000 0.000000
0.000000 0.000000
0.000000 0.000000
0.000000 0.000000
0.000000 0.000000
0.000000 0.000000
0.000000 0.000000
0.000000 0.000000
0.000000 0.000000
0.000000 0.000000
0.000000 0.000000
0.000000 0.000000
0.000000 0.000000
0.000000 0.000000
0.000000 0.000000
0.000000 0.000000
3.528429 0.000000
7.042716 0.000000
14.028864 0.000000
17.500725 0.000000
27.831456 0.000000
38.034909 0.000000
54.757824 0.000000
71.127189 0.000000
90.303741 0.000000
128.603181 0.000000
161.804101 0.000000
201.094044 0.000000
240.775629 0.000000
292.559725 0.000000
325.499181 0.000000
371.190149 0.000000
396.122484 0.000000
426.264184 0.000000
423.762197 0.000000
346.672809 0.000000
168.228050 0.000000
59.133138 0.000000
0.000000 0.000000
0.000000 0.000000
0.000000 0.000000
0.000000 0.000000
0.000000 0.000000
0.000000 0.000000
0.000000 0.000000
0.000000 0.000000
0.000000 0.000000
0.000000 0.000000
15.164610 0.000000
37.789965 0.000000
45.281100 0.000000
75.093690 0.000000
82.463265 0.000000
104.389650 0.000000
126.042525 0.000000
186.966648 0.000000
228.889658 0.000000
273.342417 0.000000
345.517433 0.000000
438.411960 0.000000
502.557162 0.000000
598.482497 0.000000
700.607482 0.000000
834.676400 0.000000
959.996761 0.000000
1078.108234 0.000000
1193.824805 0.000000
1190.582261 0.000000
1075.805463 0.000000
841.167581 0.000000
665.471940 0.000000
143.385782 0.000000
68.257845 0.000000
78.629125 0.000000
101.253861 0.000000
119.855485 0.000000
143.653794 0.000000
193.175987 0.000000
225.611035 0.000000
264.728628 0.000000
302.788507 0.000000
351.907500 0.000000
381.218662 0.000000
377.604169 0.000000
326.627522 0.000000
247.078724 0.000000
135.777686 0.000000
82.716800 0.000000
11.067025 0.000000
12.975100 0.000000
15.865000 0.000000
19.639825 0.000000
23.417025 0.000000
28.026425 0.000000
34.540839 0.000000
41.414662 0.000000
47.106619 0.000000
52.141038 0.000000
56.386047 0.000000
57.271326 0.000000
50.394932 0.000000
33.632257 0.000000
40.023999 0.000000
48.593468 0.000000
97.065105 0.000000
136.778098 0.000000
165.338372 0.000000
243.201753 0.000000
365.884065 0.000000
456.608967 0.000000
625.104891 0.000000
865.112582 0.000000
1017.263443 0.000000
1208.438442 0.000000
1528.472876 0.000000
1824.563430 0.000000
2355.898395 0.000000
2712.460267 0.000000
3241.485692 0.000000
3867.866746 0.000000
4521.078978 0.000000
5049.990883 0.000000
5395.953700 0.000000
5790.595245 0.000000
5852.028152 0.000000
5666.055835 0.000000
4796.802169 0.000000
4828.035799 0.000000
4983.068850 0.000000
4437.328699 0.000000
3331.698486 0.000000
3404.359514 0.000000
3320.835129 0.000000
3656.063098 0.000000
3782.474859 0.000000
3619.441401 0.000000
2875.378247 0.000000
2239.700655 0.000000
2025.594199 0.000000
1606.652041 0.000000
1420.985826 0.000000
1040.739422 0.000000
152.735101 0.000000
40.697219 0.000000
54.043270 0.000000
60.675105 0.000000
73.856390 0.000000
93.422361 0.000000
134.964038 0.000000
187.531310 0.000000
214.546109 0.000000
272.571280 0.000000
314.195388 0.000000
385.271414 0.000000
478.920416 0.000000
547.236856 0.000000
654.801623 0.000000
723.564243 0.000000
787.685330 0.000000
827.051622 0.000000
789.145342 0.000000
611.534880 0.000000
457.836025 0.000000
490.742758 0.000000
484.610329 0.000000
408.630488 0.000000
207.522137 0.000000
79.262095 0.000000
0.000000 0.000000
0.000000 0.000000
0.000000 0.000000
0.000000 0.000000
0.000000 0.000000
0.000000 0.000000
0.000000 0.000000
13.217512 0.000000
26.382048 0.000000
39.493608 0.000000
65.557800 0.000000
117.050472 0.000000
192.700200 0.000000
229.809888 0.000000
273.094884 0.000000
315.699312 0.000000
389.882358 0.000000
503.792326 0.000000
653.711718 0.000000
803.098242 0.000000
950.917442 0.000000
1112.371266 0.000000
1274.320516 0.000000
1423.209710 0.000000
1528.857267 0.000000
1580.061711 0.000000
1479.691555 0.000000
1094.629464 0.000000
714.431355 0.000000
787.603918 0.000000
806.885531 0.000000
747.063282 0.000000
560.153231 0.000000
265.976882 0.000000
286.204596 0.000000
283.526557 0.000000
278.465860 0.000000
311.176853 0.000000
335.372650 0.000000
354.106664 0.000000
337.150150 0.000000
274.988850 0.000000
164.499694 0.000000
142.804307 0.000000
139.860182 0.000000
97.646699 0.000000
32.380192 0.000000
40.070354 0.000000
46.551227 0.000000
53.898148 0.000000
58.981475 0.000000
66.625435 0.000000
69.192446 0.000000
69.533750 0.000000
58.701083 0.000000
39.161700 0.000000
23.629037 0.000000
19.247368 0.000000
19.812490 0.000000
18.490230 0.000000
15.372723 0.000000
16.668678 0.000000
18.832732 0.000000
20.862306 0.000000
22.207823 0.000000
21.322064 0.000000
20.489129 0.000000
24.349539 0.000000
32.378920 0.000000
41.825638 0.000000
55.405756 0.000000
70.338797 0.000000
83.324092 0.000000
98.013331 0.000000
122.928228 0.000000
143.310069 0.000000
163.082509 0.000000
179.984799 0.000000
180.795271 0.000000
159.770910 0.000000
95.150867 0.000000
47.246994 0.000000
0.000000 0.000000
0.000000 0.000000
0.000000 0.000000
0.000000 0.000000
0.000000 0.000000
0.000000 0.000000
0.000000 0.000000
0.000000 0.000000
0.000000 0.000000
0.000000 0.000000
0.000000 0.000000
0.000000 0.000000
0.000000 0.000000
0.000000 0.000000
0.000000 0.000000
0.000000 0.000000
0.000000 0.000000
0.000000 0.000000
0.000000 0.000000
0.000000 0.000000
0.000000 0.000000
0.000000 0.000000
0.000000 0.000000
0.000000 0.000000
0.000000 0.000000
0.000000 0.000000
0.000000 0.000000
0.000000 0.000000
0.000000 0.000000
0.000000 0.000000
0.000000 0.000000
0.000000 0.000000
0.000000 0.000000
0.000000 0.000000
0.000000 0.000000
0.000000 0.000000
0.000000 0.000000
0.000000 0.000000
0.000000 0.000000
0.000000 0.000000
0.000000 0.000000
0.000000 0.000000
0.000000 0.000000
0.000000 0.000000
0.000000 0.000000
0.000000 0.000000
0.000000 0.000000
0.000000 0.000000
0.000000 0.000000
0.000000 0.000000
0.000000 0.000000
0.000000 0.000000
0.000000 0.000000
0.000000 0.000000
0.000000 0.000000
0.000000 0.000000
0.000000 0.000000
0.000000 0.000000
0.000000 0.000000
0.000000 0.000000
0.000000 0.000000
0.000000 0.000000
0.000000 0.000000
0.000000 0.000000
0.000000 0.000000
0.000000 0.000000
0.000000 0.000000
0.000000 0.000000
0.000000 0.000000
0.000000 0.000000
0.000000 0.000000
0.000000 0.000000
0.000000 0.000000
0.000000 0.000000
0.000000 0.000000
0.000000 0.000000
0.000000 0.000000
0.000000 0.000000
0.000000 0.000000
0.000000 0.000000
0.000000 0.000000
0.000000 0.000000
0.000000 0.000000
0.000000 0.000000
0.000000 0.000000
0.000000 0.000000
0.000000 0.000000
0.000000 0.000000
0.000000 0.000000
0.000000 0.000000
0.000000 0.000000
0.000000 0.000000
0.000000 0.000000
0.000000 0.000000
0.000000 0.000000
9.927106 0.000000
19.814424 0.000000
29.661954 0.000000
39.469696 0.000000
63.810005 0.000000
87.891692 0.000000
111.635181 0.000000
137.342971 0.000000
210.692159 0.000000
307.386959 0.000000
403.395416 0.000000
456.865336 0.000000
538.007495 0.000000
650.418363 0.000000
762.617673 0.000000
861.995553 0.000000
1011.544332 0.000000
1114.947158 0.000000
1113.385692 0.000000
961.685508 0.000000
728.432868 0.000000
666.620589 0.000000
481.865741 0.000000
212.089591 0.000000
23.875200 0.000000
0.000000 0.000000
0.000000 0.000000
0.000000 0.000000
0.000000 0.000000
0.000000 0.000000
0.000000 0.000000
0.000000 0.000000
0.000000 0.000000
0.000000 0.000000
0.000000 0.000000
0.000000 0.000000
0.000000 0.000000
0.000000 0.000000
0.000000 0.000000
0.000000 0.000000
0.000000 0.000000
0.000000 0.000000
0.000000 0.000000
0.000000 0.000000
0.000000 0.000000
0.000000 0.000000
0.000000 0.000000
0.000000 0.000000
0.000000 0.000000
0.000000 0.000000
0.000000 0.000000
0.000000 0.000000
0.000000 0.000000
0.000000 0.000000
0.000000 0.000000
0.000000 0.000000
0.000000 0.000000
0.000000 0.000000
0.000000 0.000000
0.000000 0.000000
0.000000 0.000000
0.000000 0.000000
0.000000 0.000000
0.000000 0.000000
0.000000 0.000000
0.000000 0.000000
0.000000 0.000000
0.000000 0.000000
0.000000 0.000000
0.000000 0.000000
0.000000 0.000000
0.000000 0.000000
0.000000 0.000000
0.000000 0.000000
0.000000 0.000000
0.000000 0.000000
0.000000 0.000000
0.000000 0.000000
0.000000 0.000000
0.000000 0.000000
0.000000 0.000000
0.000000 0.000000
0.000000 0.000000
0.000000 0.000000
0.000000 0.000000
0.000000 0.000000
0.000000 0.000000
0.000000 0.000000
0.000000 0.000000
0.000000 0.000000
0.000000 0.000000
0.000000 0.000000
0.000000 0.000000
0.000000 0.000000
0.000000 0.000000
0.000000 0.000000
0.000000 0.000000
0.000000 0.000000
0.000000 0.000000
0.000000 0.000000
0.000000 0.000000
0.000000 0.000000
0.000000 0.000000
0.000000 0.000000
0.000000 0.000000
0.000000 0.000000
0.000000 0.000000
0.000000 0.000000
0.000000 0.000000
0.000000 0.000000
0.000000 0.000000
0.000000 0.000000
0.000000 0.000000
0.000000 0.000000
0.000000 0.000000
0.000000 0.000000
0.000000 0.000000
0.000000 0.000000
0.000000 0.000000
0.000000 0.000000
0.000000 0.000000
0.000000 0.000000
0.000000 0.000000
0.000000 0.000000
0.000000 0.000000
0.000000 0.000000
0.000000 0.000000
0.000000 0.000000
0.000000 0.000000
0.000000 0.000000
0.000000 0.000000
0.000000 0.000000
0.000000 0.000000
0.000000 0.000000
0.000000 0.000000
0.000000 0.000000
0.000000 0.000000
0.000000 0.000000
0.000000 0.000000
0.000000 0.000000
0.000000 0.000000
0.000000 0.000000
0.000000 0.000000
0.000000 0.000000
0.000000 0.000000
0.000000 0.000000
0.000000 0.000000
2.186618 0.000000
4.364472 0.000000
7.613725 0.000000
10.841068 0.000000
13.515426 0.000000
18.822025 0.000000
24.587874 0.000000
35.403962 0.000000
49.453073 0.000000
61.610013 0.000000
73.409805 0.000000
86.146420 0.000000
98.508349 0.000000
119.904925 0.000000
150.927548 0.000000
176.382626 0.000000
206.686700 0.000000
230.458543 0.000000
248.538872 0.000000
256.084732 0.000000
237.945944 0.000000
173.383633 0.000000
109.306458 0.000000
57.850894 0.000000
0.000000 0.000000
0.000000 0.000000
0.000000 0.000000
0.000000 0.000000
0.000000 0.000000
0.000000 0.000000
0.000000 0.000000
0.000000 0.000000
0.000000 0.000000
0.000000 0.000000
