30072497.534953 0.000000
28573914.242556 0.000000
27519623.497703 0.000000
26598758.390859 0.000000
25829920.726048 0.000000
24271985.274229 0.000000
23071473.332170 0.000000
22973733.835646 0.000000
22472025.798332 0.000000
21516787.000677 0.000000
19925348.694469 0.000000
18391082.369593 0.000000
17624313.803464 0.000000
17169035.423813 0.000000
16383262.484395 0.000000
15814934.370986 0.000000
14854434.639016 0.000000
13973896.831359 0.000000
12186441.645590 0.000000
11814052.294368 0.000000
10719273.774524 0.000000
10308924.238983 0.000000
9367981.042908 0.000000
7279060.081943 0.000000
5459892.523940 0.000000
4639776.638617 0.000000
5397610.702927 0.000000
6369373.244965 0.000000
7318604.794009 0.000000
8038106.704240 0.000000
8220197.817748 0.000000
7555899.094989 0.000000
6361664.318430 0.000000
5948786.376006 0.000000
5165962.219642 0.000000
2244838.452944 0.000000
1435849.391600 0.000000
100918.030333 0.000000
152445.035301 0.000000
192335.988844 0.000000
249552.990342 0.000000
312404.524542 0.000000
384658.137152 0.000000
471542.463806 0.000000
558829.500861 0.000000
579943.420234 0.000000
606107.058473 0.000000
612225.866537 0.000000
669394.753136 0.000000
702367.644492 0.000000
725044.429152 0.000000
693458.424015 0.000000
615152.783168 0.000000
529015.764255 0.000000
491979.477659 0.000000
520384.824823 0.000000
493521.202648 0.000000
507621.309216 0.000000
543681.038641 0.000000
508292.434618 0.000000
494626.034794 0.000000
447334.088311 0.000000
420714.166360 0.000000
375265.099776 0.000000
329994.241045 0.000000
346609.702487 0.000000
364999.220039 0.000000
329969.164508 0.000000
299721.278891 0.000000
213322.812930 0.000000
148797.730362 0.000000
113052.983827 0.000000
139533.756880 0.000000
172133.899352 0.000000
216136.611508 0.000000
255115.070185 0.000000
288468.045834 0.000000
281822.599329 0.000000
278079.970820 0.000000
256571.221552 0.000000
203002.713796 0.000000
167036.971734 0.000000
83828.574396 0.000000
85758.635780 0.000000
105277.384630 0.000000
134782.572543 0.000000
164103.840738 0.000000
195764.646130 0.000000
229622.300543 0.000000
254243.039780 0.000000
240574.809111 0.000000
230733.247398 0.000000
221947.169521 0.000000
174075.763983 0.000000
127132.995351 0.000000
63175.578669 0.000000
42984.277005 0.000000
50506.524479 0.000000
65821.647507 0.000000
81302.523734 0.000000
103669.895203 0.000000
130116.648485 0.000000
154954.160182 0.000000
180379.937242 0.000000
217145.158675 0.000000
244291.920314 0.000000
251831.551425 0.000000
250308.177332 0.000000
244753.546120 0.000000
227868.510444 0.000000
202013.249951 0.000000
200462.549324 0.000000
204882.162964 0.000000
193493.475186 0.000000
190533.306014 0.000000
165414.160251 0.000000
151325.346833 0.000000
145519.178896 0.000000
142055.998853 0.000000
122587.833115 0.000000
140322.947436 0.000000
131297.999459 0.000000
129783.978686 0.000000
121107.187523 0.000000
114437.759647 0.000000
95895.560492 0.000000
108786.796742 0.000000
121906.450187 0.000000
135463.167791 0.000000
138037.342216 0.000000
132127.609647 0.000000
121304.880489 0.000000
103650.384037 0.000000
98385.350410 0.000000
85608.878957 0.000000
75032.451049 0.000000
89373.216165 0.000000
109790.905529 0.000000
134622.870804 0.000000
156986.403768 0.000000
173899.151746 0.000000
184194.552944 0.000000
173938.354886 0.000000
145090.696051 0.000000
142312.076661 0.000000
124584.629975 0.000000
101927.597574 0.000000
76245.798683 0.000000
41402.552935 0.000000
8544.183069 0.000000
6627.448863 0.000000
8531.480429 0.000000
10451.775178 0.000000
12954.489741 0.000000
15522.127142 0.000000
21308.110333 0.000000
25802.808164 0.000000
31997.648216 0.000000
38838.680931 0.000000
47067.621363 0.000000
57189.896546 0.000000
66421.560152 0.000000
78615.566057 0.000000
87668.968363 0.000000
93266.997743 0.000000
91608.178454 0.000000
91935.817950 0.000000
82353.516074 0.000000
72251.634060 0.000000
52203.973462 0.000000
62456.736932 0.000000
74743.628818 0.000000
81994.239940 0.000000
88300.394067 0.000000
87973.425157 0.000000
80553.555055 0.000000
62152.171090 0.000000
49810.622521 0.000000
55415.734993 0.000000
59761.855684 0.000000
59306.611982 0.000000
53525.459805 0.000000
43583.031075 0.000000
35684.685656 0.000000
28428.957420 0.000000
29303.563625 0.000000
27458.751346 0.000000
25196.863931 0.000000
27859.800483 0.000000
27786.482171 0.000000
29878.181648 0.000000
36365.553891 0.000000
43176.849300 0.000000
49609.063176 0.000000
56404.265760 0.000000
61599.090867 0.000000
69203.490800 0.000000
68299.404535 0.000000
61105.607460 0.000000
57443.243992 0.000000
50576.558677 0.000000
50721.695873 0.000000
40223.558634 0.000000
23145.343008 0.000000
26619.567718 0.000000
33293.672837 0.000000
39213.018116 0.000000
44283.332129 0.000000
48608.600529 0.000000
51115.153437 0.000000
51600.845628 0.000000
50427.155720 0.000000
41957.157857 0.000000
39892.833326 0.000000
40833.660286 0.000000
43514.975207 0.000000
44306.163374 0.000000
44457.163474 0.000000
45063.782505 0.000000
45652.486230 0.000000
46138.203850 0.000000
46769.653769 0.000000
42280.856251 0.000000
37124.138595 0.000000
33829.938159 0.000000
38753.393842 0.000000
43721.457365 0.000000
46909.036060 0.000000
47260.494080 0.000000
42290.993839 0.000000
42695.430599 0.000000
41878.746042 0.000000
34625.444278 0.000000
33616.939939 0.000000
34324.214882 0.000000
31851.203648 0.000000
29750.884797 0.000000
31263.512606 0.000000
28013.781463 0.000000
28427.891946 0.000000
25016.347117 0.000000
25728.603186 0.000000
27906.204700 0.000000
28562.042447 0.000000
29449.353174 0.000000
28783.868613 0.000000
31115.941989 0.000000
29207.237358 0.000000
25005.045620 0.000000
21966.320151 0.000000
25264.414267 0.000000
28366.291116 0.000000
32995.870071 0.000000
37723.340619 0.000000
39744.933301 0.000000
42884.116497 0.000000
41818.533785 0.000000
45688.625491 0.000000
52583.118180 0.000000
59176.784698 0.000000
60988.849010 0.000000
64427.685951 0.000000
62858.984446 0.000000
57886.791138 0.000000
59576.261523 0.000000
62610.978058 0.000000
64851.709121 0.000000
64623.233801 0.000000
52824.210843 0.000000
48355.675083 0.000000
43548.776246 0.000000
49127.335522 0.000000
54782.425544 0.000000
55539.835814 0.000000
53793.473244 0.000000
50317.461091 0.000000
46100.925906 0.000000
42105.269084 0.000000
39559.775786 0.000000
36981.759262 0.000000
31799.477519 0.000000
32734.129897 0.000000
30865.489087 0.000000
28623.800704 0.000000
28013.854854 0.000000
30083.073445 0.000000
30527.734205 0.000000
29113.030700 0.000000
27762.411246 0.000000
27384.608727 0.000000
23839.248133 0.000000
16960.060312 0.000000
17061.942331 0.000000
17781.894639 0.000000
16734.794769 0.000000
14275.656325 0.000000
15454.080614 0.000000
16536.631083 0.000000
17469.613909 0.000000
18631.414743 0.000000
18413.722787 0.000000
17614.179979 0.000000
19126.555379 0.000000
20243.214932 0.000000
19421.720964 0.000000
20559.653352 0.000000
22617.602642 0.000000
24233.665322 0.000000
24544.401370 0.000000
21024.419063 0.000000
18446.917723 0.000000
22010.982030 0.000000
25851.236552 0.000000
29864.195666 0.000000
32976.074909 0.000000
33282.204060 0.000000
34090.434076 0.000000
35436.829299 0.000000
30782.616076 0.000000
32165.067186 0.000000
34803.562575 0.000000
34340.634585 0.000000
37868.342049 0.000000
38238.700670 0.000000
29499.541063 0.000000
19764.076908 0.000000
20611.577594 0.000000
23569.331620 0.000000
26539.215224 0.000000
27807.136401 0.000000
27780.985019 0.000000
24405.533782 0.000000
25919.641596 0.000000
24910.985966 0.000000
22852.051151 0.000000
20841.202581 0.000000
18693.491107 0.000000
15538.053906 0.000000
11660.221927 0.000000
8878.680009 0.000000
4616.730334 0.000000
5222.112992 0.000000
6287.078283 0.000000
7635.592546 0.000000
9296.178295 0.000000
11303.092369 0.000000
13020.445710 0.000000
15764.452294 0.000000
17969.443574 0.000000
19972.658674 0.000000
20346.574263 0.000000
19707.995402 0.000000
16938.915687 0.000000
14462.569432 0.000000
10219.843254 0.000000
7060.107166 0.000000
8667.462923 0.000000
10566.452814 0.000000
12402.972750 0.000000
14715.451073 0.000000
16237.635756 0.000000
17784.657020 0.000000
17692.934054 0.000000
19147.083386 0.000000
20098.881637 0.000000
20270.163230 0.000000
17598.955842 0.000000
15387.137956 0.000000
11817.878346 0.000000
11480.503015 0.000000
9716.957008 0.000000
6036.515104 0.000000
8137.017751 0.000000
10107.206074 0.000000
12100.378956 0.000000
14296.135697 0.000000
16227.802400 0.000000
17617.640164 0.000000
19510.150302 0.000000
21676.779666 0.000000
23990.999582 0.000000
25743.849977 0.000000
26165.933367 0.000000
24189.921157 0.000000
20055.575782 0.000000
16118.566596 0.000000
14814.049344 0.000000
15800.734210 0.000000
15700.392519 0.000000
12875.152302 0.000000
9266.944912 0.000000
9397.334277 0.000000
8008.718970 0.000000
6500.997668 0.000000
7708.794205 0.000000
9156.152773 0.000000
10598.513640 0.000000
11657.671133 0.000000
12324.601812 0.000000
12920.069679 0.000000
14092.625493 0.000000
14759.708467 0.000000
13615.660414 0.000000
12207.391078 0.000000
13848.289123 0.000000
14677.779572 0.000000
15374.493568 0.000000
16053.834153 0.000000
14373.101208 0.000000
13576.122335 0.000000
14019.434720 0.000000
15591.546635 0.000000
16950.996891 0.000000
16763.134219 0.000000
13350.698037 0.000000
11164.168709 0.000000
10951.945589 0.000000
9986.883830 0.000000
9552.213893 0.000000
9008.798083 0.000000
6521.887226 0.000000
6230.800653 0.000000
7012.539691 0.000000
7861.203323 0.000000
8672.153270 0.000000
8631.902253 0.000000
8260.022280 0.000000
7044.562219 0.000000
4909.259748 0.000000
4524.689129 0.000000
5486.582420 0.000000
6339.690709 0.000000
7425.322485 0.000000
8310.146474 0.000000
8650.489732 0.000000
7911.090154 0.000000
6692.289969 0.000000
5670.492999 0.000000
5815.234411 0.000000
5919.823268 0.000000
5303.813699 0.000000
3643.785628 0.000000
3884.224660 0.000000
3812.763894 0.000000
2875.268766 0.000000
2434.995601 0.000000
2151.045008 0.000000
2937.590454 0.000000
3835.408426 0.000000
5116.640686 0.000000
6276.802467 0.000000
7377.855693 0.000000
9166.999882 0.000000
10782.599108 0.000000
13194.317513 0.000000
15144.655230 0.000000
16656.971806 0.000000
17220.067542 0.000000
15600.086598 0.000000
10382.381731 0.000000
10055.780131 0.000000
9037.178869 0.000000
5698.298485 0.000000
1848.263600 0.000000
1091.009165 0.000000
1323.143440 0.000000
1790.683811 0.000000
2168.143876 0.000000
2579.691836 0.000000
3143.614365 0.000000
3752.737788 0.000000
4290.660864 0.000000
4483.364492 0.000000
4582.419304 0.000000
4858.056658 0.000000
5120.975221 0.000000
4961.663565 0.000000
4244.141972 0.000000
2622.846722 0.000000
2001.428273 0.000000
878.618398 0.000000
986.642354 0.000000
1150.957156 0.000000
1318.641072 0.000000
1669.838237 0.000000
2184.849483 0.000000
2629.675325 0.000000
3455.957217 0.000000
4260.426458 0.000000
5145.586987 0.000000
5994.050228 0.000000
6822.976980 0.000000
7470.408523 0.000000
8643.001525 0.000000
9907.207660 0.000000
10981.315183 0.000000
12187.621463 0.000000
13847.904036 0.000000
14908.940571 0.000000
14984.445175 0.000000
11682.303321 0.000000
10813.004056 0.000000
11345.032851 0.000000
11089.910631 0.000000
9271.011174 0.000000
5563.546451 0.000000
5842.981704 0.000000
6960.987161 0.000000
7945.411093 0.000000
8669.659321 0.000000
8353.761272 0.000000
8465.863694 0.000000
8757.800922 0.000000
8813.405452 0.000000
10693.243539 0.000000
12278.149985 0.000000
14079.594152 0.000000
16245.316720 0.000000
17153.200554 0.000000
16681.288812 0.000000
16327.561387 0.000000
16941.518768 0.000000
16131.596264 0.000000
15053.749572 0.000000
12151.963098 0.000000
9682.882291 0.000000
10310.532389 0.000000
10299.789601 0.000000
8838.482091 0.000000
7210.758008 0.000000
6789.643248 0.000000
6843.025333 0.000000
6094.424741 0.000000
4407.971841 0.000000
3089.885600 0.000000
1970.468161 0.000000
1700.259745 0.000000
2060.339717 0.000000
2424.152353 0.000000
2718.192809 0.000000
3017.513028 0.000000
3027.703019 0.000000
2720.272887 0.000000
2314.344433 0.000000
1926.519050 0.000000
2075.428847 0.000000
2410.580306 0.000000
2952.414475 0.000000
3535.297514 0.000000
4228.412534 0.000000
5079.091524 0.000000
5796.513612 0.000000
6542.088392 0.000000
7043.365967 0.000000
6873.010897 0.000000
5127.519880 0.000000
3402.667228 0.000000
2608.124056 0.000000
2966.881210 0.000000
3331.505921 0.000000
3457.287091 0.000000
3176.793949 0.000000
2324.729298 0.000000
760.108626 0.000000
0.000000 0.000000
0.000000 0.000000
0.000000 0.000000
0.000000 0.000000
0.000000 0.000000
0.000000 0.000000
0.000000 0.000000
0.000000 0.000000
0.000000 0.000000
0.000000 0.000000
0.000000 0.000000
0.000000 0.000000
0.000000 0.000000
0.000000 0.000000
0.000000 0.000000
0.000000 0.000000
0.000000 0.000000
0.000000 0.000000
0.000000 0.000000
0.000000 0.000000
0.000000 0.000000
0.000000 0.000000
0.000000 0.000000
0.000000 0.000000
0.000000 0.000000
0.000000 0.000000
0.000000 0.000000
0.000000 0.000000
0.000000 0.000000
0.000000 0.000000
0.000000 0.000000
0.000000 0.000000
0.000000 0.000000
0.000000 0.000000
0.000000 0.000000
0.000000 0.000000
0.000000 0.000000
0.000000 0.000000
0.000000 0.000000
0.000000 0.000000
0.000000 0.000000
0.000000 0.000000
0.000000 0.000000
0.000000 0.000000
0.000000 0.000000
0.000000 0.000000
0.000000 0.000000
0.000000 0.000000
0.000000 0.000000
0.000000 0.000000
0.000000 0.000000
7.513443 0.000000
14.996772 0.000000
14.996772 0.000000
52.137969 0.000000
89.069472 0.000000
122.140201 0.000000
151.424955 0.000000
216.833652 0.000000
259.974156 0.000000
299.238820 0.000000
429.208869 0.000000
477.600240 0.000000
585.422805 0.000000
722.337838 0.000000
875.608485 0.000000
968.481393 0.000000
1252.769872 0.000000
1558.988254 0.000000
1887.733961 0.000000
2201.594973 0.000000
2529.628427 0.000000
2755.639553 0.000000
2982.540035 0.000000
2906.452197 0.000000
2812.698252 0.000000
2680.933105 0.000000
2457.044409 0.000000
1706.560888 0.000000
967.927159 0.000000
0.000000 0.000000
0.000000 0.000000
33.555255 0.000000
66.976020 0.000000
100.262295 0.000000
133.414080 0.000000
166.431375 0.000000
264.676320 0.000000
329.500500 0.000000
457.534980 0.000000
581.313552 0.000000
643.642860 0.000000
856.059393 0.000000
1011.533967 0.000000
1312.880339 0.000000
1515.119354 0.000000
1871.488396 0.000000
2318.711623 0.000000
2941.541349 0.000000
3469.891131 0.000000
4017.848079 0.000000
4524.891838 0.000000
5098.526914 0.000000
5226.626618 0.000000
4960.590369 0.000000
4660.857189 0.000000
4388.435120 0.000000
5074.585120 0.000000
5472.575389 0.000000
5551.519156 0.000000
5108.179648 0.000000
2800.304331 0.000000
1972.719793 0.000000
2277.365917 0.000000
2622.624772 0.000000
2947.778243 0.000000
3061.868499 0.000000
2838.778555 0.000000
2124.890555 0.000000
1574.185258 0.000000
1010.863656 0.000000
229.274463 0.000000
0.000000 0.000000
0.000000 0.000000
0.000000 0.000000
0.000000 0.000000
0.000000 0.000000
0.000000 0.000000
0.000000 0.000000
0.000000 0.000000
0.000000 0.000000
0.000000 0.000000
0.000000 0.000000
18.884156 0.000000
37.692624 0.000000
56.425404 0.000000
93.663900 0.000000
112.169616 0.000000
130.599644 0.000000
167.232636 0.000000
203.562876 0.000000
257.490576 0.000000
354.579358 0.000000
491.650326 0.000000
583.062508 0.000000
774.250396 0.000000
913.658231 0.000000
1105.357013 0.000000
1377.881118 0.000000
1649.752414 0.000000
1859.294642 0.000000
2101.316483 0.000000
2283.648875 0.000000
2253.416228 0.000000
1904.640131 0.000000
1134.983651 0.000000
649.097928 0.000000
84.750177 0.000000
106.796412 0.000000
128.753116 0.000000
172.397926 0.000000
254.961463 0.000000
318.881193 0.000000
413.230096 0.000000
543.208992 0.000000
707.637318 0.000000
949.083563 0.000000
1101.157241 0.000000
1345.651618 0.000000
1666.983032 0.000000
2022.916388 0.000000
2440.557214 0.000000
2832.322573 0.000000
3185.329020 0.000000
3454.045135 0.000000
3439.453622 0.000000
2944.745698 0.000000
1307.071248 0.000000
558.530117 0.000000
681.035635 0.000000
758.518059 0.000000
879.103613 0.000000
1191.627668 0.000000
1548.744940 0.000000
2014.708342 0.000000
2495.077157 0.000000
2912.324606 0.000000
3410.013791 0.000000
4023.343154 0.000000
4952.983491 0.000000
5690.220143 0.000000
6158.304245 0.000000
6500.165904 0.000000
6560.884557 0.000000
5854.571389 0.000000
4088.527959 0.000000
3943.831492 0.000000
3471.187455 0.000000
1798.465628 0.000000
1079.001730 0.000000
594.692155 0.000000
666.917246 0.000000
754.966372 0.000000
797.681157 0.000000
808.953929 0.000000
702.219085 0.000000
519.130932 0.000000
571.757092 0.000000
552.914161 0.000000
447.458371 0.000000
447.419930 0.000000
637.714631 0.000000
769.161459 0.000000
878.782178 0.000000
1063.734002 0.000000
1275.750348 0.000000
1610.583508 0.000000
1932.054082 0.000000
2267.517823 0.000000
2596.472150 0.000000
2875.376076 0.000000
3379.745561 0.000000
3756.595351 0.000000
4274.288941 0.000000
4564.306853 0.000000
4783.042906 0.000000
4848.059387 0.000000
4279.884300 0.000000
3275.713255 0.000000
2894.612102 0.000000
1830.308104 0.000000
958.202124 0.000000
227.520911 0.000000
197.226494 0.000000
233.215573 0.000000
278.294272 0.000000
320.583606 0.000000
360.781830 0.000000
400.847637 0.000000
407.201623 0.000000
416.634063 0.000000
449.288317 0.000000
511.145378 0.000000
575.972438 0.000000
647.602979 0.000000
687.809901 0.000000
677.302222 0.000000
579.659622 0.000000
381.784464 0.000000
370.505348 0.000000
368.207552 0.000000
355.827126 0.000000
279.220720 0.000000
172.180960 0.000000
168.033855 0.000000
164.627858 0.000000
180.531305 0.000000
183.214851 0.000000
162.883945 0.000000
109.249884 0.000000
93.807860 0.000000
107.528993 0.000000
141.526254 0.000000
194.754037 0.000000
216.196127 0.000000
260.248810 0.000000
314.097990 0.000000
345.421490 0.000000
384.736858 0.000000
426.697326 0.000000
493.600792 0.000000
632.781975 0.000000
779.410386 0.000000
958.360579 0.000000
1124.258158 0.000000
1281.635370 0.000000
1405.579867 0.000000
1503.797875 0.000000
1435.753061 0.000000
1066.104660 0.000000
656.961106 0.000000
268.215607 0.000000
0.000000 0.000000
0.000000 0.000000
3.654676 0.000000
7.294704 0.000000
10.920084 0.000000
10.920084 0.000000
10.920084 0.000000
18.126900 0.000000
45.890333 0.000000
62.871602 0.000000
91.865120 0.000000
121.875302 0.000000
161.714231 0.000000
200.889635 0.000000
269.800548 0.000000
330.708117 0.000000
470.211835 0.000000
601.516407 0.000000
713.132213 0.000000
847.138773 0.000000
1028.471354 0.000000
1206.953798 0.000000
1296.006217 0.000000
1396.291355 0.000000
1463.440625 0.000000
1578.918823 0.000000
1692.473262 0.000000
1696.455318 0.000000
1474.163392 0.000000
907.715199 0.000000
579.797186 0.000000
153.144954 0.000000
0.000000 0.000000
0.000000 0.000000
0.000000 0.000000
0.000000 0.000000
0.000000 0.000000
0.000000 0.000000
0.000000 0.000000
0.000000 0.000000
0.000000 0.000000
0.000000 0.000000
0.000000 0.000000
0.000000 0.000000
0.000000 0.000000
0.000000 0.000000
0.000000 0.000000
0.000000 0.000000
0.000000 0.000000
0.000000 0.000000
0.000000 0.000000
0.000000 0.000000
0.000000 0.000000
0.000000 0.000000
0.000000 0.000000
0.000000 0.000000
0.000000 0.000000
0.000000 0.000000
0.000000 0.000000
0.000000 0.000000
0.000000 0.000000
0.000000 0.000000
0.000000 0.000000
0.000000 0.000000
0.000000 0.000000
0.000000 0.000000
0.000000 0.000000
0.000000 0.000000
0.000000 0.000000
0.000000 0.000000
0.000000 0.000000
0.000000 0.000000
0.000000 0.000000
0.000000 0.000000
0.000000 0.000000
0.000000 0.000000
0.000000 0.000000
0.000000 0.000000
0.000000 0.000000
0.000000 0.000000
0.000000 0.000000
0.000000 0.000000
0.000000 0.000000
0.000000 0.000000
0.000000 0.000000
0.000000 0.000000
0.000000 0.000000
0.000000 0.000000
0.000000 0.000000
0.000000 0.000000
0.000000 0.000000
0.000000 0.000000
0.000000 0.000000
0.000000 0.000000
0.000000 0.000000
0.000000 0.000000
0.000000 0.000000
0.000000 0.000000
0.000000 0.000000
0.000000 0.000000
0.000000 0.000000
0.000000 0.000000
21.705003 0.000000
43.323012 0.000000
64.854027 0.000000
107.655075 0.000000
171.204192 0.000000
192.213243 0.000000
265.048732 0.000000
336.665844 0.000000
376.987107 0.000000
516.134052 0.000000
641.383484 0.000000
870.589571 0.000000
1013.878789 0.000000
1195.042877 0.000000
1443.616648 0.000000
1704.630282 0.000000
1978.519895 0.000000
2269.993616 0.000000
2500.224724 0.000000
2587.569396 0.000000
2505.153444 0.000000
2058.396298 0.000000
1271.163367 0.000000
1353.646705 0.000000
1330.017415 0.000000
1095.560231 0.000000
463.664838 0.000000
307.246174 0.000000
375.538543 0.000000
445.005307 0.000000
516.266308 0.000000
591.684473 0.000000
658.922462 0.000000
678.661907 0.000000
646.909901 0.000000
457.441622 0.000000
211.133792 0.000000
165.540116 0.000000
193.294177 0.000000
220.931583 0.000000
302.493610 0.000000
436.184117 0.000000
541.068486 0.000000
707.150789 0.000000
897.532673 0.000000
1121.529647 0.000000
1404.655548 0.000000
1788.655663 0.000000
2027.399516 0.000000
2384.303146 0.000000
2724.857775 0.000000
3010.447731 0.000000
3242.512917 0.000000
3217.904746 0.000000
2811.094414 0.000000
1883.321717 0.000000
1894.642628 0.000000
1626.368030 0.000000
856.639501 0.000000
119.991735 0.000000
98.134250 0.000000
110.653946 0.000000
108.969436 0.000000
116.358817 0.000000
144.217148 0.000000
185.055871 0.000000
217.238454 0.000000
254.100957 0.000000
301.750554 0.000000
353.358110 0.000000
385.415373 0.000000
383.525611 0.000000
326.775441 0.000000
273.443995 0.000000
209.562318 0.000000
129.131651 0.000000
88.790651 0.000000
105.517650 0.000000
127.632481 0.000000
129.201356 0.000000
141.347674 0.000000
172.790378 0.000000
212.396436 0.000000
250.785747 0.000000
302.351030 0.000000
363.621180 0.000000
438.468182 0.000000
503.145426 0.000000
561.390803 0.000000
593.035182 0.000000
596.194556 0.000000
521.914119 0.000000
317.017396 0.000000
52.931888 0.000000
81.741667 0.000000
94.773266 0.000000
118.212113 0.000000
143.144592 0.000000
198.587321 0.000000
244.932597 0.000000
290.133371 0.000000
347.213475 0.000000
401.299725 0.000000
459.422341 0.000000
529.657648 0.000000
571.083332 0.000000
559.841938 0.000000
485.576189 0.000000
253.263460 0.000000
119.018986 0.000000
49.505005 0.000000
57.671874 0.000000
70.360935 0.000000
85.732209 0.000000
102.971830 0.000000
119.161141 0.000000
135.111399 0.000000
148.421676 0.000000
154.509590 0.000000
147.433502 0.000000
108.209680 0.000000
44.342728 0.000000
0.000000 0.000000
0.000000 0.000000
0.000000 0.000000
0.000000 0.000000
0.000000 0.000000
0.000000 0.000000
0.000000 0.000000
0.000000 0.000000
0.000000 0.000000
0.000000 0.000000
0.000000 0.000000
0.000000 0.000000
0.550397 0.000000
1.098588 0.000000
1.644573 0.000000
2.188352 0.000000
2.729925 0.000000
3.804864 0.000000
6.453804 0.000000
8.012988 0.000000
12.326744 0.000000
15.023517 0.000000
18.367469 0.000000
23.921673 0.000000
31.370108 0.000000
40.095501 0.000000
47.349956 0.000000
54.751332 0.000000
60.818391 0.000000
62.664834 0.000000
58.959488 0.000000
42.629244 0.000000
33.161676 0.000000
25.903704 0.000000
8.099634 0.000000
0.000000 0.000000
0.000000 0.000000
0.000000 0.000000
0.000000 0.000000
0.000000 0.000000
0.000000 0.000000
0.000000 0.000000
0.000000 0.000000
0.000000 0.000000
0.000000 0.000000
0.000000 0.000000
0.000000 0.000000
0.000000 0.000000
0.000000 0.000000
0.000000 0.000000
0.000000 0.000000
0.000000 0.000000
0.000000 0.000000
0.000000 0.000000
0.000000 0.000000
0.000000 0.000000
0.000000 0.000000
0.000000 0.000000
0.000000 0.000000
0.000000 0.000000
0.000000 0.000000
0.000000 0.000000
0.000000 0.000000
0.000000 0.000000
0.000000 0.000000
0.000000 0.000000
0.000000 0.000000
0.000000 0.000000
0.000000 0.000000
0.000000 0.000000
0.000000 0.000000
0.000000 0.000000
0.000000 0.000000
0.000000 0.000000
0.000000 0.000000
0.000000 0.000000
0.000000 0.000000
0.000000 0.000000
0.000000 0.000000
0.000000 0.000000
0.000000 0.000000
0.000000 0.000000
0.000000 0.000000
0.000000 0.000000
0.000000 0.000000
0.000000 0.000000
0.000000 0.000000
0.000000 0.000000
0.000000 0.000000
0.000000 0.000000
0.000000 0.000000
0.000000 0.000000
0.000000 0.000000
0.000000 0.000000
0.000000 0.000000
0.000000 0.000000
0.000000 0.000000
0.000000 0.000000
0.000000 0.000000
0.000000 0.000000
0.000000 0.000000
0.000000 0.000000
0.000000 0.000000
0.000000 0.000000
0.000000 0.000000
0.000000 0.000000
0.000000 0.000000
0.000000 0.000000
0.000000 0.000000
0.000000 0.000000
0.000000 0.000000
0.000000 0.000000
0.000000 0.000000
0.000000 0.000000
0.000000 0.000000
0.000000 0.000000
0.000000 0.000000
0.000000 0.000000
0.000000 0.000000
0.000000 0.000000
0.000000 0.000000
0.000000 0.000000
0.000000 0.000000
0.000000 0.000000
0.000000 0.000000
0.000000 0.000000
0.000000 0.000000
0.000000 0.000000
0.000000 0.000000
0.000000 0.000000
0.000000 0.000000
0.000000 0.000000
0.000000 0.000000
0.000000 0.000000
0.000000 0.000000
0.000000 0.000000
0.000000 0.000000
0.000000 0.000000
0.000000 0.000000
0.000000 0.000000
0.000000 0.000000
0.000000 0.000000
0.000000 0.000000
0.000000 0.000000
0.000000 0.000000
0.000000 0.000000
0.000000 0.000000
0.000000 0.000000
0.000000 0.000000
0.000000 0.000000
0.000000 0.000000
0.000000 0.000000
0.000000 0.000000
0.000000 0.000000
0.000000 0.000000
0.000000 0.000000
0.000000 0.000000
0.000000 0.000000
0.000000 0.000000
0.000000 0.000000
0.000000 0.000000
0.000000 0.000000
0.000000 0.000000
0.000000 0.000000
0.000000 0.000000
0.000000 0.000000
0.000000 0.000000
0.000000 0.000000
0.000000 0.000000
0.000000 0.000000
0.000000 0.000000
0.000000 0.000000
0.000000 0.000000
0.000000 0.000000
0.000000 0.000000
0.000000 0.000000
0.000000 0.000000
0.000000 0.000000
0.000000 0.000000
0.000000 0.000000
0.000000 0.000000
0.000000 0.000000
0.000000 0.000000
0.000000 0.000000
0.000000 0.000000
0.000000 0.000000
0.000000 0.000000
0.000000 0.000000
0.000000 0.000000
0.000000 0.000000
0.000000 0.000000
0.000000 0.000000
0.000000 0.000000
0.000000 0.000000
0.000000 0.000000
0.000000 0.000000
0.000000 0.000000
0.000000 0.000000
0.000000 0.000000
0.000000 0.000000
0.000000 0.000000
0.000000 0.000000
0.000000 0.000000
0.000000 0.000000
0.000000 0.000000
0.000000 0.000000
0.000000 0.000000
0.000000 0.000000
0.000000 0.000000
0.000000 0.000000
0.000000 0.000000
0.000000 0.000000
0.000000 0.000000
0.000000 0.000000
0.000000 0.000000
0.000000 0.000000
0.000000 0.000000
0.000000 0.000000
0.000000 0.000000
0.000000 0.000000
0.000000 0.000000
0.000000 0.000000
0.000000 0.000000
0.000000 0.000000
0.000000 0.000000
0.000000 0.000000
0.000000 0.000000
0.000000 0.000000
0.000000 0.000000
0.000000 0.000000
0.000000 0.000000
0.000000 0.000000
0.000000 0.000000
0.000000 0.000000
0.000000 0.000000
0.000000 0.000000
0.000000 0.000000
0.000000 0.000000
0.000000 0.000000
0.000000 0.000000
0.000000 0.000000
0.000000 0.000000
0.000000 0.000000
0.000000 0.000000
0.000000 0.000000
0.000000 0.000000
0.000000 0.000000
0.000000 0.000000
0.000000 0.000000
0.000000 0.000000
0.000000 0.000000
0.000000 0.000000
0.000000 0.000000
0.000000 0.000000
0.000000 0.000000
0.000000 0.000000
0.000000 0.000000
0.000000 0.000000
0.000000 0.000000
0.000000 0.000000
4.248985 0.000000
8.480940 0.000000
16.893760 0.000000
25.238460 0.000000
33.515040 0.000000
41.723500 0.000000
45.802185 0.000000
57.936060 0.000000
71.896170 0.000000
92.445112 0.000000
124.716747 0.000000
139.451530 0.000000
153.944074 0.000000
175.124747 0.000000
213.188692 0.000000
241.204761 0.000000
296.676936 0.000000
343.040913 0.000000
407.490234 0.000000
442.111830 0.000000
489.806814 0.000000
515.463407 0.000000
479.988969 0.000000
332.402811 0.000000
168.286795 0.000000
