119503215.780770 0.000000
114130064.905542 0.000000
110564939.504660 0.000000
107464006.236361 0.000000
103209577.618751 0.000000
98845426.650641 0.000000
95479294.165451 0.000000
92526938.659298 0.000000
90314233.025050 0.000000
86832722.383226 0.000000
83653274.366841 0.000000
82229689.970307 0.000000
80227960.130855 0.000000
77558125.264931 0.000000
73386651.836679 0.000000
70759274.682712 0.000000
68784391.361303 0.000000
68515455.563165 0.000000
67561657.866692 0.000000
66239243.228539 0.000000
65339423.385620 0.000000
57913624.526301 0.000000
55637261.400301 0.000000
53569676.704882 0.000000
52097954.567621 0.000000
49875249.173812 0.000000
46385024.361815 0.000000
42911433.793066 0.000000
41876355.750021 0.000000
40670662.695898 0.000000
40725322.961144 0.000000
39777452.266763 0.000000
39809133.024783 0.000000
38478665.404720 0.000000
36793319.352619 0.000000
39366216.202247 0.000000
38943958.034123 0.000000
39473519.245541 0.000000
39732860.588626 0.000000
39825016.781346 0.000000
39761626.406212 0.000000
38977411.578266 0.000000
37903507.908122 0.000000
37264460.016775 0.000000
34499917.924046 0.000000
31689479.522488 0.000000
29985080.896452 0.000000
24345917.505869 0.000000
8507711.567257 0.000000
1751912.856729 0.000000
2029926.666184 0.000000
2404643.253883 0.000000
2750742.417917 0.000000
2949939.102331 0.000000
2816024.689021 0.000000
2730075.584053 0.000000
2536944.681899 0.000000
2087268.885849 0.000000
1413685.782618 0.000000
1089530.740720 0.000000
1292051.951369 0.000000
1449043.518451 0.000000
1528550.565545 0.000000
1459299.459536 0.000000
1157490.871182 0.000000
1249500.558780 0.000000
1291320.404133 0.000000
1285432.155903 0.000000
1371075.058801 0.000000
1408803.840480 0.000000
1418017.612812 0.000000
1388520.744554 0.000000
1331466.620129 0.000000
1383730.479028 0.000000
1358896.746443 0.000000
1375441.000443 0.000000
1532399.301216 0.000000
1694908.013075 0.000000
1713298.049711 0.000000
1609100.515066 0.000000
1442378.760102 0.000000
1335992.431743 0.000000
1271599.193079 0.000000
1207464.798768 0.000000
1155081.338265 0.000000
1108728.174948 0.000000
1078317.269488 0.000000
1150267.177863 0.000000
1243206.362022 0.000000
1297864.082508 0.000000
1290108.071118 0.000000
1271428.527012 0.000000
1185926.010494 0.000000
1048195.951656 0.000000
1014465.406854 0.000000
1004178.107652 0.000000
893376.810516 0.000000
917119.219757 0.000000
888767.834000 0.000000
867061.640276 0.000000
863483.423608 0.000000
758970.401730 0.000000
725649.680090 0.000000
666866.748158 0.000000
616936.427674 0.000000
587841.202635 0.000000
625869.053055 0.000000
678957.121726 0.000000
683960.246114 0.000000
735267.674818 0.000000
705558.958950 0.000000
617112.328308 0.000000
602945.829094 0.000000
598559.215454 0.000000
577390.848414 0.000000
537599.793599 0.000000
491037.648888 0.000000
542009.033566 0.000000
553835.986602 0.000000
516782.783496 0.000000
541701.890433 0.000000
586112.052609 0.000000
596822.337180 0.000000
616917.156194 0.000000
613338.987938 0.000000
636871.387717 0.000000
614605.409456 0.000000
593297.525454 0.000000
538001.337458 0.000000
492733.448075 0.000000
454996.775548 0.000000
460589.228854 0.000000
466035.616827 0.000000
478810.815345 0.000000
486394.915214 0.000000
498743.623675 0.000000
505719.400158 0.000000
506646.196512 0.000000
508474.341979 0.000000
516649.322817 0.000000
418637.286137 0.000000
379237.091454 0.000000
327670.725767 0.000000
360654.244607 0.000000
419598.020302 0.000000
468401.449433 0.000000
500100.021023 0.000000
512826.520537 0.000000
498413.736583 0.000000
491413.102507 0.000000
471202.423278 0.000000
480200.309266 0.000000
475201.662794 0.000000
472769.501864 0.000000
448608.748754 0.000000
463929.665499 0.000000
454914.595566 0.000000
470265.800154 0.000000
444359.153994 0.000000
434670.014398 0.000000
425541.279686 0.000000
402135.922803 0.000000
399675.386382 0.000000
404848.046522 0.000000
422830.591294 0.000000
421674.792336 0.000000
400795.564064 0.000000
385939.009154 0.000000
329588.728018 0.000000
310676.394681 0.000000
270861.769721 0.000000
222400.331533 0.000000
192743.651914 0.000000
167494.407146 0.000000
152365.655165 0.000000
122721.186972 0.000000
145509.263945 0.000000
170653.428269 0.000000
194358.555598 0.000000
207959.900128 0.000000
206278.270389 0.000000
198595.320566 0.000000
226679.376788 0.000000
245835.817909 0.000000
241217.098317 0.000000
230676.924886 0.000000
244540.200410 0.000000
249408.486682 0.000000
238482.995637 0.000000
200949.725663 0.000000
179340.027749 0.000000
166431.121242 0.000000
127198.336682 0.000000
91121.572406 0.000000
94658.195210 0.000000
115012.138998 0.000000
134188.070103 0.000000
157222.896228 0.000000
179990.273972 0.000000
201007.325657 0.000000
216411.786544 0.000000
223799.559610 0.000000
210694.863808 0.000000
193165.247839 0.000000
174704.454916 0.000000
157943.776992 0.000000
177953.868310 0.000000
189061.500097 0.000000
183453.413254 0.000000
176405.101709 0.000000
179511.597502 0.000000
182756.213903 0.000000
156406.118083 0.000000
131655.892381 0.000000
123757.375691 0.000000
131318.745259 0.000000
131049.218860 0.000000
110500.268006 0.000000
99647.989646 0.000000
72788.431527 0.000000
66606.650597 0.000000
60255.149784 0.000000
68672.252995 0.000000
76419.907956 0.000000
81113.434097 0.000000
78943.317750 0.000000
82627.682881 0.000000
85562.551493 0.000000
83036.675102 0.000000
91419.900276 0.000000
97855.876849 0.000000
104842.853176 0.000000
103349.834488 0.000000
106664.466889 0.000000
107365.602972 0.000000
106900.277910 0.000000
117339.280698 0.000000
121907.232939 0.000000
126258.418819 0.000000
126664.079020 0.000000
114001.203498 0.000000
78606.645401 0.000000
58087.296150 0.000000
42459.471835 0.000000
48755.706317 0.000000
56830.593336 0.000000
66819.125237 0.000000
76463.101722 0.000000
82547.648563 0.000000
84096.523211 0.000000
78074.304096 0.000000
81110.224059 0.000000
88453.373447 0.000000
89320.599306 0.000000
86656.563456 0.000000
77230.929205 0.000000
68499.797958 0.000000
53888.678657 0.000000
59899.750857 0.000000
62480.244978 0.000000
59655.226549 0.000000
59977.148352 0.000000
56793.285763 0.000000
54686.277513 0.000000
49672.138375 0.000000
45516.526690 0.000000
38276.101053 0.000000
34662.271511 0.000000
28630.960067 0.000000
22803.576368 0.000000
12895.062974 0.000000
10319.213393 0.000000
12217.469041 0.000000
14294.097542 0.000000
16187.872390 0.000000
17649.399896 0.000000
17535.133555 0.000000
15791.732770 0.000000
15197.671589 0.000000
13720.078099 0.000000
13956.768127 0.000000
16919.294363 0.000000
19879.030062 0.000000
22868.050200 0.000000
25433.553526 0.000000
27475.120728 0.000000
30668.849616 0.000000
32554.691659 0.000000
31358.605048 0.000000
28400.683380 0.000000
18373.483286 0.000000
15427.690823 0.000000
16634.317070 0.000000
17616.188006 0.000000
17506.946121 0.000000
15243.625321 0.000000
10458.850560 0.000000
11331.222854 0.000000
13140.731442 0.000000
13761.794127 0.000000
15098.748604 0.000000
16854.517894 0.000000
16253.422556 0.000000
17127.223831 0.000000
19305.250526 0.000000
20428.331286 0.000000
22603.477300 0.000000
24782.205849 0.000000
26963.415104 0.000000
31115.091425 0.000000
36117.360371 0.000000
40733.361834 0.000000
44184.385199 0.000000
43498.469352 0.000000
39283.540847 0.000000
34610.485789 0.000000
33430.037361 0.000000
32989.718442 0.000000
27852.736782 0.000000
29782.815975 0.000000
34973.438992 0.000000
39675.336904 0.000000
44403.871386 0.000000
46897.421842 0.000000
48273.339014 0.000000
43960.760729 0.000000
44655.288328 0.000000
45452.688151 0.000000
43101.681526 0.000000
43326.740580 0.000000
44213.424763 0.000000
42091.443573 0.000000
37211.767789 0.000000
33708.301432 0.000000
25846.056966 0.000000
17607.054975 0.000000
13334.319803 0.000000
15914.912907 0.000000
18622.564288 0.000000
21442.956788 0.000000
23860.267470 0.000000
24930.605797 0.000000
23504.988402 0.000000
20633.817585 0.000000
19265.660104 0.000000
15142.654090 0.000000
12274.721969 0.000000
7320.893560 0.000000
7008.510936 0.000000
8896.726837 0.000000
10709.850416 0.000000
13549.982210 0.000000
15782.053917 0.000000
18216.879220 0.000000
20655.314518 0.000000
23386.249531 0.000000
25243.135539 0.000000
27091.302394 0.000000
28545.947521 0.000000
29166.359105 0.000000
27124.341319 0.000000
26395.597299 0.000000
24653.483703 0.000000
20158.529049 0.000000
21106.507156 0.000000
22029.424953 0.000000
25009.664167 0.000000
28210.367151 0.000000
30272.759923 0.000000
31101.548892 0.000000
29059.269722 0.000000
20669.546861 0.000000
16798.044034 0.000000
16317.144335 0.000000
18289.873980 0.000000
19634.528243 0.000000
19409.725251 0.000000
15644.631632 0.000000
11297.348366 0.000000
11302.193434 0.000000
11162.520307 0.000000
8734.652137 0.000000
5593.328707 0.000000
3906.198326 0.000000
949.004640 0.000000
1200.570769 0.000000
1622.342988 0.000000
1950.209371 0.000000
2436.416850 0.000000
3018.432388 0.000000
3769.216556 0.000000
4403.487372 0.000000
5149.692045 0.000000
5813.897292 0.000000
6442.159926 0.000000
6915.288157 0.000000
6668.535903 0.000000
5446.208606 0.000000
5358.967403 0.000000
4825.064974 0.000000
4538.387603 0.000000
4811.168728 0.000000
5079.031845 0.000000
5450.468100 0.000000
5490.662483 0.000000
5682.871020 0.000000
6891.795820 0.000000
7651.757256 0.000000
8496.899982 0.000000
9467.813073 0.000000
10110.978842 0.000000
5171.878315 0.000000
4783.273717 0.000000
3881.377585 0.000000
2838.443354 0.000000
3368.540116 0.000000
4194.262322 0.000000
4881.334790 0.000000
5875.823018 0.000000
7012.407863 0.000000
8444.728975 0.000000
9727.356799 0.000000
10860.848612 0.000000
11730.041336 0.000000
12228.941930 0.000000
10860.306659 0.000000
10194.479162 0.000000
9982.090633 0.000000
10959.531681 0.000000
12960.471268 0.000000
14735.233805 0.000000
15905.298641 0.000000
16108.781868 0.000000
14348.354939 0.000000
9517.025581 0.000000
7523.233995 0.000000
2273.226557 0.000000
153.445664 0.000000
174.927291 0.000000
250.584450 0.000000
315.718994 0.000000
375.355125 0.000000
432.919675 0.000000
596.568159 0.000000
748.258820 0.000000
940.257490 0.000000
1148.462275 0.000000
1370.908471 0.000000
1549.377440 0.000000
1865.927103 0.000000
2168.593838 0.000000
2446.979568 0.000000
2569.699416 0.000000
2511.044003 0.000000
2089.681213 0.000000
1356.046925 0.000000
901.297592 0.000000
489.317180 0.000000
651.154728 0.000000
832.874242 0.000000
1012.291167 0.000000
1274.559661 0.000000
1522.041742 0.000000
1811.176574 0.000000
2196.758745 0.000000
2542.948283 0.000000
3004.878538 0.000000
3618.640076 0.000000
4332.486758 0.000000
4837.032123 0.000000
5216.413617 0.000000
5279.243223 0.000000
4768.278701 0.000000
4599.324560 0.000000
4669.595204 0.000000
5526.095653 0.000000
6055.872320 0.000000
6226.072813 0.000000
5676.346113 0.000000
3835.343252 0.000000
2834.941113 0.000000
1896.418291 0.000000
792.072902 0.000000
1096.952238 0.000000
1332.083180 0.000000
1809.475620 0.000000
2305.554333 0.000000
2681.614855 0.000000
3554.694416 0.000000
4348.064271 0.000000
5176.806597 0.000000
6243.430112 0.000000
7452.313539 0.000000
8868.542955 0.000000
10864.134686 0.000000
12516.319786 0.000000
14786.900105 0.000000
16423.383611 0.000000
17063.408467 0.000000
15769.066618 0.000000
11450.300871 0.000000
8827.534802 0.000000
6231.283555 0.000000
1670.031000 0.000000
2119.095970 0.000000
2520.024949 0.000000
3025.380492 0.000000
3609.333632 0.000000
4322.017262 0.000000
4853.438834 0.000000
5348.877096 0.000000
5583.021462 0.000000
5146.891723 0.000000
4383.111004 0.000000
4407.008229 0.000000
3870.965137 0.000000
3286.123852 0.000000
2551.149458 0.000000
472.726034 0.000000
666.659350 0.000000
860.407778 0.000000
998.385627 0.000000
1335.242400 0.000000
1537.402403 0.000000
1813.613083 0.000000
2102.607581 0.000000
2574.288133 0.000000
2939.957791 0.000000
3568.367688 0.000000
4179.055789 0.000000
4655.761478 0.000000
5078.423030 0.000000
3864.685629 0.000000
4528.639494 0.000000
5122.457502 0.000000
5593.702202 0.000000
6157.556787 0.000000
6658.794637 0.000000
6726.054607 0.000000
7003.974364 0.000000
7799.951034 0.000000
8101.659187 0.000000
7800.166328 0.000000
6365.764665 0.000000
5196.237617 0.000000
4910.392008 0.000000
3036.080731 0.000000
306.227543 0.000000
339.315150 0.000000
491.905826 0.000000
663.968309 0.000000
903.068336 0.000000
1097.233362 0.000000
1273.453130 0.000000
1659.769627 0.000000
2010.904392 0.000000
2417.669368 0.000000
3038.509565 0.000000
3575.016378 0.000000
4208.367948 0.000000
4866.716357 0.000000
5875.924534 0.000000
6906.302176 0.000000
7985.122962 0.000000
8787.676010 0.000000
9282.136167 0.000000
9060.603623 0.000000
7765.531109 0.000000
4872.183264 0.000000
5015.262730 0.000000
5247.687095 0.000000
5038.084060 0.000000
3894.125240 0.000000
3075.249694 0.000000
3580.476228 0.000000
4226.816789 0.000000
4939.104278 0.000000
5631.686406 0.000000
6349.975446 0.000000
6812.099751 0.000000
6910.851497 0.000000
6685.312235 0.000000
6338.167700 0.000000
4960.566943 0.000000
2794.326596 0.000000
3025.610373 0.000000
3494.635503 0.000000
3809.611845 0.000000
4055.427154 0.000000
3861.705210 0.000000
2936.959402 0.000000
2922.555156 0.000000
2967.327657 0.000000
3136.016419 0.000000
2901.295951 0.000000
2856.744262 0.000000
2431.650174 0.000000
1716.972050 0.000000
2241.019374 0.000000
2782.064566 0.000000
3377.267072 0.000000
4042.264882 0.000000
4734.924228 0.000000
5578.744558 0.000000
6403.725200 0.000000
7066.978832 0.000000
8133.755588 0.000000
9166.139762 0.000000
9773.992747 0.000000
9637.417003 0.000000
9930.693059 0.000000
9836.722321 0.000000
8484.494755 0.000000
6627.844187 0.000000
6834.235424 0.000000
6122.291343 0.000000
5754.909297 0.000000
6765.857662 0.000000
7868.013319 0.000000
8775.517584 0.000000
10054.611353 0.000000
10799.748738 0.000000
11172.114485 0.000000
11816.819875 0.000000
10089.774203 0.000000
8019.582253 0.000000
7762.597655 0.000000
7265.174960 0.000000
7645.181031 0.000000
8075.868374 0.000000
7709.402565 0.000000
6533.825263 0.000000
5667.921136 0.000000
4833.209013 0.000000
4527.443990 0.000000
3798.145536 0.000000
2709.049963 0.000000
1399.418188 0.000000
352.471639 0.000000
122.157408 0.000000
197.999865 0.000000
273.443716 0.000000
348.488961 0.000000
467.702817 0.000000
644.683881 0.000000
732.193229 0.000000
840.882820 0.000000
930.580895 0.000000
1341.793888 0.000000
1708.328214 0.000000
2040.341924 0.000000
2435.218628 0.000000
3043.001511 0.000000
3608.286223 0.000000
4433.872634 0.000000
5168.652600 0.000000
5870.635466 0.000000
6592.866950 0.000000
6928.862499 0.000000
6555.975241 0.000000
5021.639285 0.000000
4647.344906 0.000000
3788.556471 0.000000
1802.460227 0.000000
524.173106 0.000000
66.630472 0.000000
99.845562 0.000000
132.993888 0.000000
199.090248 0.000000
297.734058 0.000000
444.564785 0.000000
622.173716 0.000000
702.207061 0.000000
1002.461460 0.000000
1388.273925 0.000000
1785.394106 0.000000
2077.503308 0.000000
2735.813067 0.000000
3213.575522 0.000000
3850.185675 0.000000
4698.772506 0.000000
5537.094610 0.000000
6523.032426 0.000000
7388.820261 0.000000
7959.086670 0.000000
7930.399824 0.000000
6672.324825 0.000000
3640.002225 0.000000
1813.426086 0.000000
293.491263 0.000000
362.412531 0.000000
444.737475 0.000000
550.193358 0.000000
691.510317 0.000000
868.958765 0.000000
1066.420916 0.000000
1229.434953 0.000000
1466.341638 0.000000
1704.048374 0.000000
1895.538904 0.000000
2028.339734 0.000000
2060.727042 0.000000
1880.878108 0.000000
1222.016630 0.000000
1066.440413 0.000000
1191.275300 0.000000
1252.871921 0.000000
1205.891242 0.000000
992.291460 0.000000
756.271750 0.000000
936.043963 0.000000
1183.306560 0.000000
1441.287054 0.000000
1707.802406 0.000000
2041.269886 0.000000
2283.718168 0.000000
2519.895850 0.000000
2892.060640 0.000000
3308.017069 0.000000
3662.080172 0.000000
3824.300891 0.000000
3829.843322 0.000000
3329.694512 0.000000
2437.387127 0.000000
1976.915204 0.000000
1145.491929 0.000000
1280.003608 0.000000
1480.239050 0.000000
1774.157065 0.000000
2072.298561 0.000000
2331.227590 0.000000
2577.295160 0.000000
2670.220636 0.000000
2540.140727 0.000000
1920.189063 0.000000
1339.561168 0.000000
1058.632133 0.000000
700.375210 0.000000
831.301937 0.000000
1005.542971 0.000000
1146.456698 0.000000
1231.783521 0.000000
1261.343410 0.000000
1121.866194 0.000000
948.325050 0.000000
965.426323 0.000000
859.820650 0.000000
651.353972 0.000000
526.924881 0.000000
328.028015 0.000000
137.505422 0.000000
20.349880 0.000000
24.918306 0.000000
29.094976 0.000000
36.987872 0.000000
75.085395 0.000000
83.181266 0.000000
93.433919 0.000000
134.009662 0.000000
177.319657 0.000000
218.820945 0.000000
280.483000 0.000000
311.028615 0.000000
354.818741 0.000000
406.488780 0.000000
541.996278 0.000000
606.531022 0.000000
750.780055 0.000000
995.382434 0.000000
1226.857905 0.000000
1474.756033 0.000000
1765.697672 0.000000
2087.280363 0.000000
2556.103545 0.000000
2973.621664 0.000000
3594.006702 0.000000
4163.219463 0.000000
4834.694580 0.000000
5600.520586 0.000000
5907.472073 0.000000
5763.266580 0.000000
4752.671425 0.000000
3885.875385 0.000000
3632.152744 0.000000
2670.223558 0.000000
1315.237007 0.000000
280.730751 0.000000
1.014310 0.000000
1.283085 0.000000
1.589005 0.000000
1.934595 0.000000
2.396542 0.000000
6.165343 0.000000
9.919703 0.000000
15.194636 0.000000
18.599073 0.000000
26.493152 0.000000
55.025483 0.000000
77.413746 0.000000
118.290368 0.000000
193.539607 0.000000
251.274970 0.000000
339.642218 0.000000
414.230479 0.000000
530.323613 0.000000
657.526691 0.000000
809.873166 0.000000
1020.152362 0.000000
1229.638998 0.000000
1500.961054 0.000000
1730.969597 0.000000
2043.413471 0.000000
2444.366857 0.000000
2924.534989 0.000000
3419.285627 0.000000
3769.913390 0.000000
4114.665260 0.000000
4294.072274 0.000000
4209.690126 0.000000
3417.821632 0.000000
2604.319484 0.000000
1790.866658 0.000000
593.820973 0.000000
34.214070 0.000000
76.784953 0.000000
110.690478 0.000000
161.291645 0.000000
178.090135 0.000000
244.941270 0.000000
344.156026 0.000000
401.451276 0.000000
538.780105 0.000000
642.168315 0.000000
855.482518 0.000000
1125.322334 0.000000
1383.028464 0.000000
1691.614404 0.000000
2018.730362 0.000000
2460.725039 0.000000
2864.433291 0.000000
3392.541456 0.000000
3804.750852 0.000000
4070.360044 0.000000
4035.725835 0.000000
3643.994513 0.000000
2448.589285 0.000000
1522.219610 0.000000
140.731719 0.000000
0.000000 0.000000
8.552439 0.000000
17.087756 0.000000
17.087756 0.000000
25.605951 0.000000
25.605951 0.000000
51.057804 0.000000
72.147336 0.000000
108.763621 0.000000
120.187514 0.000000
135.750823 0.000000
187.452076 0.000000
227.719527 0.000000
269.006880 0.000000
348.812360 0.000000
423.254010 0.000000
524.759938 0.000000
648.425664 0.000000
797.737782 0.000000
950.794526 0.000000
1183.007348 0.000000
1440.612186 0.000000
1741.984185 0.000000
2074.039258 0.000000
2457.774986 0.000000
2729.884764 0.000000
2919.361021 0.000000
2924.175056 0.000000
3075.158870 0.000000
3033.456590 0.000000
3264.164331 0.000000
3260.006295 0.000000
2829.353485 0.000000
1733.418206 0.000000
1378.276387 0.000000
931.188980 0.000000
1092.602560 0.000000
1252.597623 0.000000
1422.348582 0.000000
1505.031341 0.000000
1454.841165 0.000000
1072.737128 0.000000
944.643134 0.000000
794.143624 0.000000
513.619943 0.000000
255.096377 0.000000
228.725796 0.000000
293.483726 0.000000
357.978411 0.000000
438.218840 0.000000
486.146113 0.000000
565.695518 0.000000
707.700411 0.000000
879.353080 0.000000
956.730696 0.000000
1102.642384 0.000000
1299.632168 0.000000
1582.686069 0.000000
2045.289674 0.000000
2590.035511 0.000000
3027.164665 0.000000
3828.744757 0.000000
4705.818855 0.000000
5624.883095 0.000000
6510.823065 0.000000
7301.251102 0.000000
7656.335745 0.000000
7219.067323 0.000000
5173.669526 0.000000
3590.742902 0.000000
2151.865735 0.000000
542.790460 0.000000
646.909569 0.000000
806.347439 0.000000
986.022095 0.000000
1195.766108 0.000000
1449.968259 0.000000
1725.670033 0.000000
2037.991681 0.000000
2295.374381 0.000000
2450.711477 0.000000
2449.717968 0.000000
2172.468976 0.000000
1433.928477 0.000000
853.405160 0.000000
276.208407 0.000000
89.078470 0.000000
132.787408 0.000000
148.996508 0.000000
191.856372 0.000000
230.651161 0.000000
256.729926 0.000000
311.807566 0.000000
404.590774 0.000000
493.931881 0.000000
616.076553 0.000000
727.596213 0.000000
866.408970 0.000000
1009.460703 0.000000
1181.566564 0.000000
1343.957583 0.000000
1525.095918 0.000000
1646.108234 0.000000
1629.329124 0.000000
1341.497535 0.000000
986.297846 0.000000
911.372408 0.000000
695.123670 0.000000
189.109439 0.000000
204.137278 0.000000
242.626304 0.000000
294.591755 0.000000
350.168592 0.000000
407.754856 0.000000
442.303436 0.000000
449.546791 0.000000
402.982582 0.000000
254.241629 0.000000
222.996102 0.000000
232.536590 0.000000
220.118763 0.000000
158.208846 0.000000
72.298102 0.000000
83.576127 0.000000
96.123894 0.000000
108.299922 0.000000
116.109544 0.000000
115.142081 0.000000
95.422502 0.000000
45.512320 0.000000
13.993733 0.000000
3.985332 0.000000
4.585185 0.000000
5.763297 0.000000
11.891421 0.000000
17.155325 0.000000
23.324499 0.000000
34.008800 0.000000
41.166353 0.000000
52.568335 0.000000
63.216089 0.000000
85.764609 0.000000
99.033123 0.000000
113.430385 0.000000
127.590916 0.000000
142.078118 0.000000
162.199540 0.000000
192.652916 0.000000
235.975728 0.000000
298.651882 0.000000
358.208857 0.000000
415.331036 0.000000
515.680211 0.000000
606.073884 0.000000
687.004703 0.000000
778.898952 0.000000
873.102464 0.000000
945.970127 0.000000
950.922909 0.000000
851.585450 0.000000
547.326089 0.000000
564.994142 0.000000
551.564858 0.000000
439.327609 0.000000
214.914192 0.000000
40.227056 0.000000
44.756495 0.000000
49.570737 0.000000
60.213952 0.000000
68.556142 0.000000
79.666386 0.000000
