7466360.835931 0.000000
7042765.352279 0.000000
6776050.521691 0.000000
6549640.756930 0.000000
6463690.566118 0.000000
6420977.196924 0.000000
6389055.658441 0.000000
5985315.842803 0.000000
6017226.670719 0.000000
5711806.770642 0.000000
5476931.946861 0.000000
5276234.290040 0.000000
5019398.534228 0.000000
4789087.651916 0.000000
4365657.968531 0.000000
4013903.546431 0.000000
3955081.035534 0.000000
3579597.767456 0.000000
3299067.431595 0.000000
3213665.943549 0.000000
3160260.555250 0.000000
2962913.708969 0.000000
3050268.172690 0.000000
2980705.886988 0.000000
2968747.840373 0.000000
2843479.475873 0.000000
2797381.391899 0.000000
2628153.243405 0.000000
2405047.020573 0.000000
2020832.741266 0.000000
1602503.968277 0.000000
1868369.755842 0.000000
2032436.500935 0.000000
2097716.580294 0.000000
1990105.810276 0.000000
1951787.055360 0.000000
1826571.188994 0.000000
1453439.486087 0.000000
1219230.985725 0.000000
1180635.397283 0.000000
1286756.139125 0.000000
1242060.953122 0.000000
778033.995594 0.000000
221653.645938 0.000000
254768.620872 0.000000
340208.572962 0.000000
445257.440807 0.000000
582240.216761 0.000000
728537.314391 0.000000
851830.457260 0.000000
966449.273367 0.000000
1017115.538937 0.000000
684797.563418 0.000000
686197.559935 0.000000
472533.481727 0.000000
243521.631265 0.000000
302024.744313 0.000000
344447.971943 0.000000
396459.713829 0.000000
472914.469758 0.000000
452029.532413 0.000000
445467.934102 0.000000
517419.288198 0.000000
598462.526941 0.000000
130855.668620 0.000000
145295.252072 0.000000
153345.739063 0.000000
164446.283140 0.000000
180332.331229 0.000000
183708.338120 0.000000
189472.484107 0.000000
163302.068549 0.000000
160375.162616 0.000000
157598.834278 0.000000
158673.800501 0.000000
168866.756820 0.000000
147851.168559 0.000000
126086.722516 0.000000
104127.572352 0.000000
99385.829159 0.000000
90392.489422 0.000000
99452.788498 0.000000
105510.733914 0.000000
102147.636355 0.000000
79894.873533 0.000000
76303.073502 0.000000
68810.286688 0.000000
66885.288289 0.000000
76073.648845 0.000000
79252.988056 0.000000
72609.622299 0.000000
56391.771633 0.000000
36856.007970 0.000000
14018.260687 0.000000
13495.245392 0.000000
17535.681575 0.000000
19996.849209 0.000000
24419.247309 0.000000
30243.068676 0.000000
38168.370106 0.000000
46635.794187 0.000000
52074.893746 0.000000
48866.077799 0.000000
54037.949200 0.000000
56370.156530 0.000000
54976.724988 0.000000
53643.393971 0.000000
58141.472044 0.000000
58940.541778 0.000000
54894.662608 0.000000
57476.631897 0.000000
63225.403936 0.000000
64537.683150 0.000000
63708.540605 0.000000
55894.587577 0.000000
46853.211342 0.000000
36828.673693 0.000000
39771.789847 0.000000
45152.812141 0.000000
48556.410037 0.000000
47454.348970 0.000000
42388.956850 0.000000
38751.641464 0.000000
30378.569637 0.000000
30100.606788 0.000000
33146.543733 0.000000
37709.629627 0.000000
43407.905245 0.000000
44521.147135 0.000000
48742.133891 0.000000
50373.443804 0.000000
53028.981448 0.000000
52685.030219 0.000000
48915.772945 0.000000
39647.203472 0.000000
35349.829470 0.000000
36509.288541 0.000000
33450.093840 0.000000
23435.922507 0.000000
22229.000301 0.000000
23029.615163 0.000000
22460.972975 0.000000
20754.189929 0.000000
17284.661070 0.000000
14735.044528 0.000000
12959.235919 0.000000
10568.392744 0.000000
12896.952717 0.000000
15054.037303 0.000000
16435.573092 0.000000
17253.195423 0.000000
17945.727795 0.000000
19237.649004 0.000000
18989.865309 0.000000
20028.183648 0.000000
19164.133037 0.000000
18462.851344 0.000000
17517.813550 0.000000
17740.043128 0.000000
19462.987736 0.000000
21441.846792 0.000000
21997.651216 0.000000
20827.480132 0.000000
12554.526589 0.000000
9533.984577 0.000000
11297.579748 0.000000
12830.370961 0.000000
13798.231904 0.000000
13733.975115 0.000000
13433.155144 0.000000
14057.519080 0.000000
14487.376028 0.000000
13367.938860 0.000000
11422.864806 0.000000
8536.253296 0.000000
8152.404713 0.000000
8458.764607 0.000000
7865.801920 0.000000
4906.784841 0.000000
2703.860784 0.000000
0.000000 0.000000
0.000000 0.000000
117.327057 0.000000
233.711728 0.000000
406.404084 0.000000
576.740472 0.000000
855.922437 0.000000
1128.978888 0.000000
1234.526344 0.000000
1465.058115 0.000000
1515.004678 0.000000
2193.974172 0.000000
2842.404662 0.000000
3665.421236 0.000000
4363.450615 0.000000
5321.167271 0.000000
6080.062891 0.000000
6893.141998 0.000000
7384.196522 0.000000
7037.937167 0.000000
6870.164244 0.000000
6350.817939 0.000000
5447.631927 0.000000
6678.514938 0.000000
7595.242011 0.000000
9122.275637 0.000000
10151.442600 0.000000
11401.662510 0.000000
12130.245930 0.000000
11544.982125 0.000000
12828.052702 0.000000
13929.328877 0.000000
14069.058097 0.000000
14565.956813 0.000000
14395.387236 0.000000
12300.505537 0.000000
13253.157021 0.000000
13709.508890 0.000000
13360.375806 0.000000
14750.747291 0.000000
15681.409928 0.000000
14337.125567 0.000000
12981.105988 0.000000
9607.934693 0.000000
8010.286769 0.000000
8882.981919 0.000000
9689.898715 0.000000
9603.519427 0.000000
8200.618811 0.000000
9397.961211 0.000000
9762.729383 0.000000
8820.439744 0.000000
9652.008839 0.000000
10309.195759 0.000000
10446.874604 0.000000
11182.459078 0.000000
12612.115755 0.000000
13106.915184 0.000000
12210.491933 0.000000
8733.885252 0.000000
10086.128273 0.000000
11216.179906 0.000000
11977.134660 0.000000
11325.365400 0.000000
11954.930726 0.000000
13276.252385 0.000000
14194.458256 0.000000
14096.507726 0.000000
15875.974506 0.000000
16403.126067 0.000000
16153.281512 0.000000
14660.242110 0.000000
13784.012834 0.000000
11098.597372 0.000000
11409.405351 0.000000
10322.950631 0.000000
9625.074213 0.000000
8233.246227 0.000000
7466.570533 0.000000
6479.403017 0.000000
6873.431258 0.000000
6818.524282 0.000000
6030.283985 0.000000
5197.666090 0.000000
5984.914278 0.000000
6419.478718 0.000000
6726.968217 0.000000
4757.608475 0.000000
4279.277129 0.000000
4370.522647 0.000000
4723.295258 0.000000
4709.003123 0.000000
4399.496661 0.000000
3917.128163 0.000000
4421.366516 0.000000
4835.929997 0.000000
5039.747510 0.000000
4160.058295 0.000000
3444.368038 0.000000
3445.623827 0.000000
3226.767590 0.000000
3776.029523 0.000000
3704.803866 0.000000
3696.336079 0.000000
3188.039074 0.000000
3670.712115 0.000000
4228.233901 0.000000
4687.248613 0.000000
4728.326806 0.000000
3831.500147 0.000000
2848.951267 0.000000
3047.326641 0.000000
3231.010167 0.000000
3133.658262 0.000000
2497.692432 0.000000
900.564933 0.000000
311.719918 0.000000
166.967836 0.000000
282.924889 0.000000
325.092996 0.000000
414.141658 0.000000
527.699177 0.000000
683.434972 0.000000
891.103898 0.000000
1070.605146 0.000000
1344.293729 0.000000
1484.268021 0.000000
1488.589769 0.000000
1719.645550 0.000000
2056.885524 0.000000
2357.337956 0.000000
2506.543341 0.000000
2720.961848 0.000000
2902.751998 0.000000
2733.207178 0.000000
1179.251199 0.000000
1351.920813 0.000000
1678.668667 0.000000
1909.087613 0.000000
2352.725112 0.000000
2565.868803 0.000000
2700.558047 0.000000
2436.007223 0.000000
2390.755840 0.000000
2960.582596 0.000000
3374.107449 0.000000
3876.028865 0.000000
4678.644445 0.000000
5251.560754 0.000000
5915.470662 0.000000
7011.495316 0.000000
7958.035166 0.000000
7738.422490 0.000000
5400.141921 0.000000
5813.249121 0.000000
6675.835701 0.000000
7331.850844 0.000000
7081.087338 0.000000
6578.371005 0.000000
6646.180330 0.000000
6249.099421 0.000000
5463.901525 0.000000
4965.887144 0.000000
5585.847493 0.000000
5837.806005 0.000000
5304.880932 0.000000
4729.568806 0.000000
4336.565363 0.000000
3558.226329 0.000000
3496.267024 0.000000
3061.125590 0.000000
2872.905267 0.000000
2634.423480 0.000000
1990.649344 0.000000
1242.872461 0.000000
1533.092679 0.000000
1747.984261 0.000000
1966.657425 0.000000
2088.780317 0.000000
2039.850020 0.000000
1766.255581 0.000000
1395.936597 0.000000
1215.516950 0.000000
1255.932352 0.000000
1348.599727 0.000000
1478.248435 0.000000
1565.289830 0.000000
1430.029846 0.000000
817.464085 0.000000
459.534245 0.000000
524.922490 0.000000
598.628043 0.000000
644.041969 0.000000
638.240129 0.000000
572.004680 0.000000
656.125954 0.000000
771.139368 0.000000
849.892313 0.000000
908.123451 0.000000
961.419912 0.000000
1117.082693 0.000000
1232.323204 0.000000
1312.914058 0.000000
1143.442227 0.000000
1012.322818 0.000000
584.977605 0.000000
477.628270 0.000000
194.953063 0.000000
212.565024 0.000000
281.092510 0.000000
368.044513 0.000000
449.789911 0.000000
577.026685 0.000000
710.927905 0.000000
842.669430 0.000000
952.354284 0.000000
1041.064142 0.000000
1144.248593 0.000000
1308.250826 0.000000
1450.346208 0.000000
1521.728717 0.000000
1628.036882 0.000000
1650.954797 0.000000
1483.926273 0.000000
1138.372212 0.000000
1002.637888 0.000000
1127.793891 0.000000
1322.826855 0.000000
1414.179428 0.000000
1442.801610 0.000000
1310.061696 0.000000
1144.259401 0.000000
777.482092 0.000000
500.477390 0.000000
312.848743 0.000000
43.265670 0.000000
0.000000 0.000000
0.000000 0.000000
0.000000 0.000000
0.000000 0.000000
0.000000 0.000000
0.000000 0.000000
0.000000 0.000000
0.000000 0.000000
0.000000 0.000000
0.000000 0.000000
0.000000 0.000000
0.000000 0.000000
0.000000 0.000000
0.000000 0.000000
0.000000 0.000000
0.000000 0.000000
0.000000 0.000000
0.000000 0.000000
0.000000 0.000000
0.000000 0.000000
0.000000 0.000000
0.000000 0.000000
0.000000 0.000000
0.000000 0.000000
0.000000 0.000000
0.000000 0.000000
0.000000 0.000000
0.000000 0.000000
0.000000 0.000000
0.000000 0.000000
0.000000 0.000000
0.000000 0.000000
0.000000 0.000000
0.000000 0.000000
0.000000 0.000000
0.000000 0.000000
0.000000 0.000000
0.000000 0.000000
0.000000 0.000000
0.000000 0.000000
0.000000 0.000000
0.000000 0.000000
10.478418 0.000000
20.872672 0.000000
42.380595 0.000000
62.697191 0.000000
92.540854 0.000000
132.529948 0.000000
180.741215 0.000000
264.171087 0.000000
343.369762 0.000000
424.831626 0.000000
519.617717 0.000000
664.421869 0.000000
745.651897 0.000000
804.621859 0.000000
884.728650 0.000000
888.422889 0.000000
894.825544 0.000000
455.208003 0.000000
55.474115 0.000000
91.708220 0.000000
127.343414 0.000000
162.379697 0.000000
213.811164 0.000000
272.092575 0.000000
288.412896 0.000000
359.945219 0.000000
428.408131 0.000000
528.276199 0.000000
652.812203 0.000000
837.744458 0.000000
944.912105 0.000000
1027.449436 0.000000
1105.439073 0.000000
1145.229711 0.000000
1061.271113 0.000000
676.492459 0.000000
506.509784 0.000000
577.879481 0.000000
630.394081 0.000000
610.641609 0.000000
516.629246 0.000000
530.398720 0.000000
665.420173 0.000000
800.926768 0.000000
1103.185810 0.000000
1234.660042 0.000000
1272.037497 0.000000
1534.371451 0.000000
1937.612699 0.000000
2278.710081 0.000000
2588.427976 0.000000
2807.794028 0.000000
2891.791370 0.000000
2854.200494 0.000000
3147.056778 0.000000
3178.750250 0.000000
2735.088267 0.000000
1698.456690 0.000000
817.085136 0.000000
0.000000 0.000000
0.000000 0.000000
0.000000 0.000000
0.000000 0.000000
0.000000 0.000000
0.000000 0.000000
1.449678 0.000000
2.887712 0.000000
5.798817 0.000000
7.271326 0.000000
10.179726 0.000000
14.317025 0.000000
22.341584 0.000000
30.068913 0.000000
34.346623 0.000000
45.708187 0.000000
51.979027 0.000000
60.529348 0.000000
71.531170 0.000000
82.450234 0.000000
91.065694 0.000000
94.568062 0.000000
90.101833 0.000000
75.300247 0.000000
24.720033 0.000000
3.652291 0.000000
1.480686 0.000000
0.000000 0.000000
0.000000 0.000000
0.000000 0.000000
0.000000 0.000000
0.000000 0.000000
0.000000 0.000000
0.000000 0.000000
0.000000 0.000000
0.000000 0.000000
0.000000 0.000000
0.000000 0.000000
0.000000 0.000000
0.000000 0.000000
0.000000 0.000000
0.000000 0.000000
0.000000 0.000000
0.000000 0.000000
0.000000 0.000000
0.000000 0.000000
0.000000 0.000000
0.000000 0.000000
0.000000 0.000000
0.000000 0.000000
0.000000 0.000000
0.000000 0.000000
0.000000 0.000000
0.000000 0.000000
0.000000 0.000000
0.000000 0.000000
0.000000 0.000000
0.000000 0.000000
0.000000 0.000000
0.000000 0.000000
12.947751 0.000000
25.791504 0.000000
38.531259 0.000000
51.167016 0.000000
63.698775 0.000000
88.450299 0.000000
112.785831 0.000000
142.607371 0.000000
200.326256 0.000000
228.171824 0.000000
284.577779 0.000000
345.390784 0.000000
440.536119 0.000000
551.203000 0.000000
606.737864 0.000000
699.803184 0.000000
760.251896 0.000000
796.131000 0.000000
784.846375 0.000000
704.568408 0.000000
486.277072 0.000000
251.759799 0.000000
184.768632 0.000000
274.899672 0.000000
319.401873 0.000000
385.403966 0.000000
599.089422 0.000000
823.384181 0.000000
1127.576081 0.000000
1241.976576 0.000000
1558.420503 0.000000
1823.414830 0.000000
2193.468314 0.000000
2372.181203 0.000000
2595.068359 0.000000
2663.278106 0.000000
2345.540175 0.000000
1448.864016 0.000000
1421.731259 0.000000
1238.464827 0.000000
744.949736 0.000000
455.122080 0.000000
549.831600 0.000000
627.007536 0.000000
708.701832 0.000000
729.345456 0.000000
643.966056 0.000000
388.379448 0.000000
34.269120 0.000000
0.000000 0.000000
0.000000 0.000000
0.000000 0.000000
0.000000 0.000000
0.000000 0.000000
0.000000 0.000000
0.000000 0.000000
0.000000 0.000000
0.000000 0.000000
0.000000 0.000000
0.000000 0.000000
0.000000 0.000000
0.000000 0.000000
0.000000 0.000000
0.000000 0.000000
0.000000 0.000000
0.000000 0.000000
0.000000 0.000000
0.000000 0.000000
0.000000 0.000000
0.000000 0.000000
0.000000 0.000000
0.000000 0.000000
4.050234 0.000000
8.067936 0.000000
12.053106 0.000000
17.965797 0.000000
23.797158 0.000000
29.547189 0.000000
38.973336 0.000000
46.309302 0.000000
57.077394 0.000000
72.782217 0.000000
90.910674 0.000000
109.388850 0.000000
146.597325 0.000000
180.731526 0.000000
203.658517 0.000000
250.426820 0.000000
283.486039 0.000000
296.116911 0.000000
254.299642 0.000000
246.685593 0.000000
262.167980 0.000000
286.321100 0.000000
290.313696 0.000000
338.425435 0.000000
389.654230 0.000000
480.773346 0.000000
602.987779 0.000000
762.680176 0.000000
1012.212156 0.000000
1141.153124 0.000000
1314.564144 0.000000
1462.438280 0.000000
1540.826715 0.000000
1548.680293 0.000000
1264.099055 0.000000
639.510769 0.000000
195.654529 0.000000
114.213960 0.000000
178.225152 0.000000
205.023192 0.000000
266.225856 0.000000
316.935400 0.000000
468.479291 0.000000
523.382136 0.000000
723.449318 0.000000
910.928200 0.000000
1135.977554 0.000000
1324.018272 0.000000
1398.952850 0.000000
1328.227591 0.000000
1113.873406 0.000000
1250.340498 0.000000
1325.111197 0.000000
1306.812308 0.000000
1383.716736 0.000000
1657.784725 0.000000
1893.645647 0.000000
2213.708851 0.000000
2522.724090 0.000000
2760.068642 0.000000
2940.289219 0.000000
2902.595401 0.000000
2572.162908 0.000000
1501.157892 0.000000
1563.800883 0.000000
1704.555764 0.000000
1701.487314 0.000000
1545.891399 0.000000
956.515653 0.000000
330.715797 0.000000
309.220396 0.000000
204.678885 0.000000
224.920924 0.000000
223.556355 0.000000
183.066226 0.000000
60.049367 0.000000
0.000000 0.000000
0.000000 0.000000
0.000000 0.000000
0.000000 0.000000
0.000000 0.000000
0.000000 0.000000
0.000000 0.000000
0.000000 0.000000
0.000000 0.000000
0.000000 0.000000
0.000000 0.000000
0.000000 0.000000
0.000000 0.000000
0.000000 0.000000
0.000000 0.000000
0.000000 0.000000
0.000000 0.000000
0.000000 0.000000
0.000000 0.000000
0.000000 0.000000
0.000000 0.000000
0.000000 0.000000
0.000000 0.000000
0.000000 0.000000
5.275812 0.000000
10.509248 0.000000
20.848992 0.000000
28.487266 0.000000
33.530010 0.000000
50.830012 0.000000
60.491740 0.000000
101.212602 0.000000
132.369883 0.000000
169.868935 0.000000
214.825908 0.000000
270.958217 0.000000
326.109134 0.000000
372.895419 0.000000
409.482082 0.000000
449.657584 0.000000
474.209085 0.000000
484.704754 0.000000
520.234410 0.000000
480.989693 0.000000
456.278458 0.000000
532.220677 0.000000
675.666278 0.000000
760.448077 0.000000
945.268087 0.000000
1060.984672 0.000000
1117.829273 0.000000
1070.185511 0.000000
834.705541 0.000000
754.910826 0.000000
596.608388 0.000000
419.823673 0.000000
441.060676 0.000000
421.717838 0.000000
350.051685 0.000000
243.804038 0.000000
145.365695 0.000000
140.312560 0.000000
129.623716 0.000000
75.300949 0.000000
0.000000 0.000000
16.734792 0.000000
33.335168 0.000000
49.801128 0.000000
90.361156 0.000000
98.325304 0.000000
153.402260 0.000000
214.158292 0.000000
279.585280 0.000000
334.695840 0.000000
476.975176 0.000000
561.354820 0.000000
676.666946 0.000000
767.481756 0.000000
873.048722 0.000000
956.605068 0.000000
963.913938 0.000000
827.582510 0.000000
568.898918 0.000000
544.132770 0.000000
466.843570 0.000000
261.069476 0.000000
49.927143 0.000000
0.000000 0.000000
0.000000 0.000000
0.000000 0.000000
0.000000 0.000000
0.000000 0.000000
0.000000 0.000000
0.000000 0.000000
0.000000 0.000000
0.000000 0.000000
0.000000 0.000000
0.000000 0.000000
6.448104 0.000000
12.844416 0.000000
12.844416 0.000000
19.188936 0.000000
31.722600 0.000000
47.091876 0.000000
59.159412 0.000000
59.159412 0.000000
92.321758 0.000000
116.344151 0.000000
165.735160 0.000000
228.384523 0.000000
296.389010 0.000000
380.184843 0.000000
463.482601 0.000000
574.705288 0.000000
687.896900 0.000000
803.731607 0.000000
912.425405 0.000000
973.066975 0.000000
1001.114198 0.000000
1045.346820 0.000000
1122.974449 0.000000
1107.147024 0.000000
910.448675 0.000000
622.229626 0.000000
572.257125 0.000000
423.062729 0.000000
160.463662 0.000000
89.359100 0.000000
117.324485 0.000000
149.598857 0.000000
186.711124 0.000000
219.901524 0.000000
260.095800 0.000000
300.179497 0.000000
327.819649 0.000000
327.607781 0.000000
291.832739 0.000000
265.002136 0.000000
259.224947 0.000000
207.401695 0.000000
190.347239 0.000000
187.613705 0.000000
211.554693 0.000000
300.286454 0.000000
362.325634 0.000000
439.140110 0.000000
517.079619 0.000000
634.390437 0.000000
729.595165 0.000000
837.205109 0.000000
962.153586 0.000000
1069.977184 0.000000
1117.551297 0.000000
1064.580948 0.000000
807.767586 0.000000
415.332975 0.000000
75.003178 0.000000
22.447429 0.000000
22.447429 0.000000
26.826968 0.000000
39.745692 0.000000
54.396053 0.000000
58.500726 0.000000
72.509693 0.000000
87.957152 0.000000
112.507223 0.000000
138.972283 0.000000
154.973965 0.000000
180.980865 0.000000
210.581648 0.000000
239.779377 0.000000
265.811704 0.000000
262.916873 0.000000
194.196781 0.000000
131.788429 0.000000
92.501580 0.000000
10.976514 0.000000
3.896235 0.000000
4.968216 0.000000
6.541827 0.000000
8.575841 0.000000
11.015283 0.000000
12.654097 0.000000
16.607459 0.000000
19.040044 0.000000
22.718582 0.000000
27.098083 0.000000
30.790468 0.000000
34.084346 0.000000
35.468203 0.000000
32.779768 0.000000
20.091012 0.000000
4.647205 0.000000
10.452452 0.000000
19.653651 0.000000
28.906803 0.000000
42.375024 0.000000
60.933763 0.000000
83.373275 0.000000
113.221645 0.000000
141.975240 0.000000
189.365796 0.000000
228.849779 0.000000
284.112703 0.000000
336.855953 0.000000
401.637814 0.000000
476.910258 0.000000
536.364054 0.000000
564.766731 0.000000
532.449539 0.000000
389.334198 0.000000
170.954809 0.000000
6.807038 0.000000
11.253415 0.000000
16.071805 0.000000
18.230658 0.000000
27.124763 0.000000
29.191827 0.000000
33.270838 0.000000
41.209178 0.000000
49.291338 0.000000
61.952637 0.000000
79.259878 0.000000
102.587429 0.000000
116.136990 0.000000
135.746589 0.000000
145.001136 0.000000
135.865290 0.000000
100.910605 0.000000
39.037958 0.000000
3.941932 0.000000
0.026542 0.000000
0.000000 0.000000
0.000000 0.000000
0.000000 0.000000
0.000000 0.000000
0.000000 0.000000
0.000000 0.000000
0.000000 0.000000
0.000000 0.000000
0.000000 0.000000
0.000000 0.000000
0.000000 0.000000
0.000000 0.000000
0.000000 0.000000
0.000000 0.000000
0.000000 0.000000
0.000000 0.000000
0.000000 0.000000
0.000000 0.000000
6.378882 0.000000
12.706528 0.000000
25.208112 0.000000
37.504752 0.000000
49.596448 0.000000
70.257365 0.000000
95.888174 0.000000
115.088865 0.000000
128.397416 0.000000
180.927125 0.000000
214.550750 0.000000
252.401345 0.000000
304.655733 0.000000
350.236520 0.000000
373.904424 0.000000
379.425148 0.000000
325.185519 0.000000
199.458799 0.000000
210.468760 0.000000
200.677083 0.000000
155.631960 0.000000
48.303204 0.000000
0.000000 0.000000
0.000000 0.000000
0.000000 0.000000
