7482383.032550 0.000000
7284037.249642 0.000000
7126965.093584 0.000000
6875357.159981 0.000000
6899800.622261 0.000000
6816524.480831 0.000000
6845734.534668 0.000000
6736869.637728 0.000000
6847036.419754 0.000000
6681703.113421 0.000000
6544116.823251 0.000000
6439446.706963 0.000000
6187931.848291 0.000000
5821432.004217 0.000000
5577039.397986 0.000000
5069379.791191 0.000000
4414608.943549 0.000000
4173088.530182 0.000000
3483380.347067 0.000000
2962812.982374 0.000000
2501565.411680 0.000000
2709428.031977 0.000000
2758520.779751 0.000000
2622944.772046 0.000000
2349334.317039 0.000000
2587693.129510 0.000000
2619877.396439 0.000000
2285226.288839 0.000000
2111950.314389 0.000000
1701349.373941 0.000000
1478651.643352 0.000000
1398810.253959 0.000000
1600451.618950 0.000000
1825798.416055 0.000000
1968805.057623 0.000000
1908938.258942 0.000000
1632910.137784 0.000000
1773892.542163 0.000000
1784620.860635 0.000000
1589665.484007 0.000000
1352224.725262 0.000000
1081288.112442 0.000000
854255.127358 0.000000
560083.865646 0.000000
457140.436653 0.000000
523672.007759 0.000000
569150.178404 0.000000
579457.229329 0.000000
607740.265002 0.000000
615489.057264 0.000000
490390.554800 0.000000
341517.219876 0.000000
261654.277996 0.000000
269187.101855 0.000000
317150.240349 0.000000
356531.640146 0.000000
402117.485176 0.000000
413457.268150 0.000000
383554.687508 0.000000
341257.404675 0.000000
365809.493881 0.000000
358273.668641 0.000000
285171.198502 0.000000
270645.000155 0.000000
263181.340902 0.000000
233285.239018 0.000000
229683.926230 0.000000
215487.311385 0.000000
195813.814718 0.000000
137709.038348 0.000000
89704.512872 0.000000
75146.654362 0.000000
93127.637080 0.000000
119075.995179 0.000000
148784.702996 0.000000
179966.837130 0.000000
218603.068499 0.000000
269506.225861 0.000000
315552.948707 0.000000
357387.615212 0.000000
378445.325253 0.000000
374978.941460 0.000000
341564.252102 0.000000
365048.363084 0.000000
370777.004105 0.000000
320073.143904 0.000000
183805.950153 0.000000
122797.443815 0.000000
40958.913838 0.000000
8515.525528 0.000000
9894.063472 0.000000
11938.603854 0.000000
15286.066178 0.000000
21128.856685 0.000000
24237.837639 0.000000
29083.078488 0.000000
34543.426384 0.000000
42821.924573 0.000000
49608.460706 0.000000
59154.254131 0.000000
70039.323514 0.000000
79505.866244 0.000000
81796.159578 0.000000
73771.412656 0.000000
47273.095131 0.000000
44079.773646 0.000000
36119.735323 0.000000
13983.877123 0.000000
16759.131054 0.000000
19072.690927 0.000000
21179.760868 0.000000
22539.395271 0.000000
21304.384696 0.000000
13147.826758 0.000000
2619.582349 0.000000
530.272708 0.000000
753.394917 0.000000
879.715968 0.000000
1041.077103 0.000000
1309.411408 0.000000
1768.429674 0.000000
2406.733833 0.000000
3091.785314 0.000000
3632.303211 0.000000
4138.657606 0.000000
4847.439641 0.000000
5272.292402 0.000000
5252.026965 0.000000
4710.990934 0.000000
3405.397636 0.000000
2226.932057 0.000000
919.726918 0.000000
584.341226 0.000000
50.262703 0.000000
64.931074 0.000000
84.215541 0.000000
103.089446 0.000000
107.705283 0.000000
144.263478 0.000000
183.591155 0.000000
216.641157 0.000000
276.925206 0.000000
315.760544 0.000000
367.674282 0.000000
440.985658 0.000000
481.934347 0.000000
535.956661 0.000000
546.686763 0.000000
507.637748 0.000000
376.456053 0.000000
296.488940 0.000000
123.867712 0.000000
30.770128 0.000000
1.277100 0.000000
1.277100 0.000000
2.543943 0.000000
5.046854 0.000000
7.508734 0.000000
8.116565 0.000000
9.326989 0.000000
13.478898 0.000000
16.925630 0.000000
18.610526 0.000000
23.547147 0.000000
30.314780 0.000000
33.299799 0.000000
40.894665 0.000000
48.604804 0.000000
55.682883 0.000000
62.059405 0.000000
71.508024 0.000000
74.537889 0.000000
74.142202 0.000000
60.984323 0.000000
37.552893 0.000000
29.637322 0.000000
11.302275 0.000000
13.373144 0.000000
15.818933 0.000000
17.875183 0.000000
19.628615 0.000000
19.074187 0.000000
14.815026 0.000000
7.314427 0.000000
8.435884 0.000000
9.457468 0.000000
10.103839 0.000000
10.121332 0.000000
8.459794 0.000000
3.709798 0.000000
0.309530 0.000000
0.420328 0.000000
0.456621 0.000000
0.616054 0.000000
0.768923 0.000000
0.977777 0.000000
1.228648 0.000000
1.470143 0.000000
1.663987 0.000000
1.898085 0.000000
2.141259 0.000000
2.293092 0.000000
2.419573 0.000000
2.377833 0.000000
1.954339 0.000000
1.168162 0.000000
1.257224 0.000000
1.281212 0.000000
1.165142 0.000000
0.713102 0.000000
0.216752 0.000000
0.056408 0.000000
0.069432 0.000000
0.084036 0.000000
0.114140 0.000000
0.138307 0.000000
0.160745 0.000000
0.194464 0.000000
0.226586 0.000000
0.245995 0.000000
0.273010 0.000000
0.289631 0.000000
0.289585 0.000000
0.256959 0.000000
0.167344 0.000000
0.178887 0.000000
0.168914 0.000000
0.132411 0.000000
0.061484 0.000000
0.007820 0.000000
0.000498 0.000000
0.000992 0.000000
0.001482 0.000000
0.001968 0.000000
0.002450 0.000000
0.002928 0.000000
0.003402 0.000000
0.004800 0.000000
0.006558 0.000000
0.008211 0.000000
0.011453 0.000000
0.013971 0.000000
0.018641 0.000000
0.021386 0.000000
0.025682 0.000000
0.029129 0.000000
0.032618 0.000000
0.034485 0.000000
0.033977 0.000000
0.027979 0.000000
0.015258 0.000000
0.015779 0.000000
0.014453 0.000000
0.010875 0.000000
0.000000 0.000000
0.000000 0.000000
0.000000 0.000000
0.000000 0.000000
0.000000 0.000000
0.000000 0.000000
0.000000 0.000000
0.000000 0.000000
0.000000 0.000000
0.000000 0.000000
0.000000 0.000000
0.000000 0.000000
0.000000 0.000000
0.000000 0.000000
0.000000 0.000000
0.000000 0.000000
0.000000 0.000000
0.000000 0.000000
0.000000 0.000000
0.000000 0.000000
0.000000 0.000000
0.000000 0.000000
0.000000 0.000000
0.000000 0.000000
0.000000 0.000000
0.000000 0.000000
0.000000 0.000000
0.000000 0.000000
0.000000 0.000000
0.000000 0.000000
0.000000 0.000000
0.000000 0.000000
0.000000 0.000000
0.000000 0.000000
0.000000 0.000000
7016.280387 0.000000
7016.280387 0.000000
13976.205108 0.000000
27726.987554 0.000000
27726.987554 0.000000
41252.347336 0.000000
47930.493729 0.000000
61117.719517 0.000000
93099.559835 0.000000
135479.020554 0.000000
162621.318126 0.000000
213003.283391 0.000000
244590.634062 0.000000
294113.175436 0.000000
318613.801161 0.000000
384648.552562 0.000000
411290.693496 0.000000
421364.268457 0.000000
391403.812072 0.000000
287256.714019 0.000000
235792.033008 0.000000
253614.458271 0.000000
235065.720572 0.000000
187146.223032 0.000000
82900.195141 0.000000
58976.499793 0.000000
80986.047409 0.000000
106968.054221 0.000000
130002.827278 0.000000
157140.283103 0.000000
191056.646837 0.000000
235207.833765 0.000000
264282.359817 0.000000
285966.688424 0.000000
302207.124959 0.000000
272585.765781 0.000000
241943.642024 0.000000
221922.522862 0.000000
157220.765831 0.000000
114262.039737 0.000000
47041.922779 0.000000
56751.422153 0.000000
68476.608824 0.000000
83390.848455 0.000000
99341.185861 0.000000
110054.997494 0.000000
112002.549039 0.000000
98297.783863 0.000000
87339.834835 0.000000
69375.867600 0.000000
67188.536855 0.000000
57080.323747 0.000000
42219.196727 0.000000
28514.889964 0.000000
10152.226952 0.000000
13181.065163 0.000000
17442.150144 0.000000
21032.638285 0.000000
27086.599586 0.000000
32013.419323 0.000000
38897.239717 0.000000
45212.617250 0.000000
51431.278756 0.000000
51760.691091 0.000000
54184.430713 0.000000
35905.708976 0.000000
7274.002989 0.000000
8837.139657 0.000000
10348.687661 0.000000
11808.647001 0.000000
13896.440370 0.000000
15049.113094 0.000000
18257.876041 0.000000
21035.868398 0.000000
25374.370867 0.000000
29123.715381 0.000000
31309.381557 0.000000
30867.605743 0.000000
25720.467710 0.000000
14664.551624 0.000000
5778.284034 0.000000
175.531586 0.000000
256.618835 0.000000
256.618835 0.000000
283.192586 0.000000
340.054406 0.000000
421.725666 0.000000
497.138375 0.000000
646.783493 0.000000
805.767380 0.000000
954.798937 0.000000
1290.246935 0.000000
1540.014863 0.000000
1809.215038 0.000000
2062.030784 0.000000
2131.224125 0.000000
2070.796356 0.000000
1617.148760 0.000000
1007.346858 0.000000
581.381069 0.000000
690.056881 0.000000
776.241201 0.000000
906.852712 0.000000
1002.954000 0.000000
984.635010 0.000000
762.484533 0.000000
243.828144 0.000000
19.130771 0.000000
26.704100 0.000000
31.662793 0.000000
53.208910 0.000000
67.562277 0.000000
70.514800 0.000000
85.515704 0.000000
100.993196 0.000000
118.827254 0.000000
141.294654 0.000000
160.994727 0.000000
187.528259 0.000000
206.278773 0.000000
216.463901 0.000000
203.112494 0.000000
146.126079 0.000000
82.433226 0.000000
30.126105 0.000000
0.988494 0.000000
1.632816 0.000000
2.263798 0.000000
2.888110 0.000000
2.888110 0.000000
3.495080 0.000000
5.042958 0.000000
6.366711 0.000000
8.086888 0.000000
9.550678 0.000000
11.788822 0.000000
13.281345 0.000000
15.035802 0.000000
16.728853 0.000000
17.925968 0.000000
17.373527 0.000000
14.011939 0.000000
10.272233 0.000000
10.179059 0.000000
8.888201 0.000000
4.987419 0.000000
0.000000 0.000000
0.000000 0.000000
0.000000 0.000000
0.000000 0.000000
0.000000 0.000000
0.000000 0.000000
0.000000 0.000000
0.000000 0.000000
0.000000 0.000000
0.000000 0.000000
0.000000 0.000000
0.000000 0.000000
0.000000 0.000000
0.000000 0.000000
0.000000 0.000000
0.000000 0.000000
0.000000 0.000000
0.000000 0.000000
0.000000 0.000000
0.000000 0.000000
0.000000 0.000000
0.000000 0.000000
0.000000 0.000000
0.000000 0.000000
0.000000 0.000000
0.000000 0.000000
0.000000 0.000000
0.000000 0.000000
0.000000 0.000000
0.000000 0.000000
0.000000 0.000000
0.000000 0.000000
0.000000 0.000000
0.000000 0.000000
4275.129302 0.000000
8515.920217 0.000000
12722.372743 0.000000
16894.486881 0.000000
23083.981482 0.000000
35239.770819 0.000000
52881.117791 0.000000
60504.239914 0.000000
86052.000835 0.000000
119497.591188 0.000000
152393.766970 0.000000
177297.683019 0.000000
208695.846593 0.000000
237583.015342 0.000000
258877.107675 0.000000
256357.526879 0.000000
206468.138182 0.000000
110818.554430 0.000000
44511.132620 0.000000
0.000000 0.000000
0.000000 0.000000
0.000000 0.000000
0.000000 0.000000
0.000000 0.000000
8131.334898 0.000000
16197.357868 0.000000
24198.068912 0.000000
32133.468029 0.000000
47808.330482 0.000000
63221.945227 0.000000
78374.312265 0.000000
100613.023371 0.000000
129350.271201 0.000000
167149.548962 0.000000
190155.675277 0.000000
251459.855914 0.000000
328618.804043 0.000000
391721.866201 0.000000
451909.874680 0.000000
490634.076629 0.000000
498146.749164 0.000000
439895.391271 0.000000
278958.046590 0.000000
216175.486729 0.000000
238491.120614 0.000000
258056.328009 0.000000
242786.136042 0.000000
162645.200451 0.000000
59391.920786 0.000000
72119.498218 0.000000
85801.215240 0.000000
98700.026898 0.000000
112780.539820 0.000000
105220.001826 0.000000
55325.606635 0.000000
6901.187405 0.000000
8774.183148 0.000000
10610.914654 0.000000
13954.289732 0.000000
18522.631468 0.000000
20951.363109 0.000000
26564.780002 0.000000
31886.873483 0.000000
38153.581288 0.000000
44415.059765 0.000000
49584.991010 0.000000
52475.790012 0.000000
47403.590652 0.000000
36619.622735 0.000000
41795.100909 0.000000
34744.569741 0.000000
31503.717397 0.000000
28678.625005 0.000000
17782.755730 0.000000
7911.834127 0.000000
8877.262942 0.000000
9891.574582 0.000000
11688.006040 0.000000
13363.758524 0.000000
15034.419250 0.000000
16736.904354 0.000000
16787.822985 0.000000
13949.328434 0.000000
7002.922384 0.000000
1320.336387 0.000000
1197.748346 0.000000
1507.337580 0.000000
1809.479948 0.000000
2199.712524 0.000000
2671.224887 0.000000
3282.574318 0.000000
3662.622813 0.000000
3873.173724 0.000000
3876.100851 0.000000
3382.405429 0.000000
1444.734428 0.000000
347.586631 0.000000
160.045025 0.000000
174.556978 0.000000
224.298451 0.000000
279.291122 0.000000
382.974943 0.000000
407.670732 0.000000
483.889960 0.000000
574.620995 0.000000
690.079821 0.000000
806.159388 0.000000
895.172614 0.000000
953.459979 0.000000
897.737593 0.000000
682.902167 0.000000
388.688664 0.000000
155.923405 0.000000
49.834226 0.000000
63.598609 0.000000
76.909483 0.000000
89.679329 0.000000
110.906713 0.000000
135.937203 0.000000
162.399825 0.000000
188.289595 0.000000
208.124627 0.000000
230.634963 0.000000
222.004376 0.000000
176.558045 0.000000
120.185737 0.000000
122.286197 0.000000
102.640131 0.000000
48.797934 0.000000
38.926164 0.000000
47.702954 0.000000
54.762178 0.000000
62.651764 0.000000
67.173896 0.000000
63.937231 0.000000
47.186342 0.000000
19.354888 0.000000
13372.417805 0.000000
26628.974761 0.000000
52818.709410 0.000000
78579.078161 0.000000
103908.865497 0.000000
147885.660494 0.000000
196195.656422 0.000000
231300.040324 0.000000
287667.501713 0.000000
346556.708474 0.000000
416717.398758 0.000000
541270.536765 0.000000
663734.647973 0.000000
771549.760420 0.000000
822401.019969 0.000000
857057.472359 0.000000
788455.146540 0.000000
550820.554741 0.000000
143830.399528 0.000000
20567.896259 0.000000
20567.896259 0.000000
35765.747097 0.000000
50756.260270 0.000000
70370.403418 0.000000
75254.088274 0.000000
108841.252377 0.000000
136165.601116 0.000000
151390.091950 0.000000
181116.285716 0.000000
233166.137928 0.000000
266849.310395 0.000000
311432.025799 0.000000
355724.982685 0.000000
408584.716648 0.000000
460348.198704 0.000000
490156.317215 0.000000
473887.551779 0.000000
385097.114095 0.000000
256870.627265 0.000000
130233.966498 0.000000
75185.816854 0.000000
85736.711613 0.000000
96432.742838 0.000000
112527.328076 0.000000
130959.645477 0.000000
150695.598523 0.000000
160247.385396 0.000000
154265.694910 0.000000
127226.274336 0.000000
47812.067536 0.000000
0.000000 0.000000
0.000000 0.000000
0.000000 0.000000
0.000000 0.000000
0.000000 0.000000
0.000000 0.000000
0.000000 0.000000
0.000000 0.000000
0.000000 0.000000
0.000000 0.000000
0.000000 0.000000
0.000000 0.000000
0.000000 0.000000
0.000000 0.000000
0.000000 0.000000
0.000000 0.000000
0.000000 0.000000
0.000000 0.000000
0.000000 0.000000
0.000000 0.000000
0.000000 0.000000
0.000000 0.000000
0.000000 0.000000
0.000000 0.000000
0.000000 0.000000
0.000000 0.000000
0.000000 0.000000
0.000000 0.000000
0.000000 0.000000
0.000000 0.000000
0.000000 0.000000
0.000000 0.000000
0.000000 0.000000
0.000000 0.000000
0.000000 0.000000
0.000000 0.000000
0.000000 0.000000
0.000000 0.000000
0.000000 0.000000
0.000000 0.000000
0.000000 0.000000
0.000000 0.000000
0.000000 0.000000
0.000000 0.000000
0.000000 0.000000
0.000000 0.000000
0.000000 0.000000
0.000000 0.000000
0.000000 0.000000
0.000000 0.000000
0.000000 0.000000
0.000000 0.000000
0.000000 0.000000
0.000000 0.000000
3.990723 0.000000
7.949392 0.000000
11.876007 0.000000
11.876007 0.000000
15.770568 0.000000
27.261927 0.000000
40.299777 0.000000
49.362936 0.000000
61.711638 0.000000
71.936662 0.000000
86.528763 0.000000
8533.391447 0.000000
16901.284960 0.000000
29333.239302 0.000000
45612.677472 0.000000
57631.959859 0.000000
77136.427285 0.000000
96366.924746 0.000000
126131.156666 0.000000
161797.600260 0.000000
198756.395716 0.000000
236402.496384 0.000000
277144.982097 0.000000
329489.583815 0.000000
394946.285528 0.000000
446334.127831 0.000000
471783.151772 0.000000
465376.513919 0.000000
406587.668227 0.000000
263134.665673 0.000000
251816.396443 0.000000
201820.234094 0.000000
82897.854991 0.000000
94672.794554 0.000000
110949.612524 0.000000
129310.276155 0.000000
137367.848052 0.000000
130817.978323 0.000000
117603.762994 0.000000
73766.577029 0.000000
21816.488593 0.000000
23936.666581 0.000000
28756.006495 0.000000
33074.090474 0.000000
37644.936672 0.000000
45971.211512 0.000000
50884.401864 0.000000
38047.977377 0.000000
29789.948947 0.000000
32452.386177 0.000000
34650.298845 0.000000
33958.222810 0.000000
27619.765861 0.000000
13066.834002 0.000000
6007.163680 0.000000
2.974437 0.000000
3.860205 0.000000
5.128737 0.000000
6.612198 0.000000
8.412792 0.000000
9.706374 0.000000
11.173490 0.000000
13.318794 0.000000
14.384388 0.000000
15.412512 0.000000
14.735283 0.000000
9.932370 0.000000
2.513016 0.000000
0.000000 0.000000
0.000000 0.000000
0.000000 0.000000
0.000000 0.000000
0.000000 0.000000
0.000000 0.000000
0.000000 0.000000
0.000000 0.000000
0.000000 0.000000
0.000000 0.000000
0.000000 0.000000
0.000000 0.000000
0.000000 0.000000
0.000000 0.000000
0.000000 0.000000
0.000000 0.000000
0.000000 0.000000
0.000000 0.000000
0.000000 0.000000
0.000000 0.000000
0.000000 0.000000
0.000000 0.000000
0.000000 0.000000
0.000000 0.000000
0.000000 0.000000
0.000000 0.000000
0.000000 0.000000
0.000000 0.000000
0.000000 0.000000
0.000000 0.000000
0.000000 0.000000
0.000000 0.000000
0.000000 0.000000
0.000000 0.000000
0.000000 0.000000
0.000000 0.000000
0.000000 0.000000
0.000000 0.000000
0.000000 0.000000
0.000000 0.000000
0.000000 0.000000
0.000000 0.000000
0.000000 0.000000
0.000000 0.000000
0.000000 0.000000
0.000000 0.000000
0.000000 0.000000
0.000000 0.000000
0.000000 0.000000
0.000000 0.000000
0.000000 0.000000
0.000000 0.000000
0.000000 0.000000
0.000000 0.000000
0.000000 0.000000
0.000000 0.000000
0.000000 0.000000
0.000000 0.000000
0.000000 0.000000
0.000000 0.000000
0.000000 0.000000
0.000000 0.000000
0.000000 0.000000
0.000000 0.000000
0.000000 0.000000
0.000000 0.000000
0.000000 0.000000
0.000000 0.000000
0.000000 0.000000
0.000000 0.000000
0.000000 0.000000
0.000000 0.000000
0.000000 0.000000
0.000000 0.000000
0.000000 0.000000
0.000000 0.000000
0.000000 0.000000
0.000000 0.000000
0.000000 0.000000
0.000000 0.000000
0.000000 0.000000
0.000000 0.000000
0.000000 0.000000
0.000000 0.000000
0.000000 0.000000
0.000000 0.000000
0.000000 0.000000
0.000000 0.000000
0.000000 0.000000
0.000000 0.000000
0.000000 0.000000
0.000000 0.000000
0.000000 0.000000
0.000000 0.000000
0.000000 0.000000
0.000000 0.000000
0.000000 0.000000
0.000000 0.000000
0.000000 0.000000
0.000000 0.000000
0.000000 0.000000
0.000000 0.000000
0.000000 0.000000
0.000000 0.000000
0.000000 0.000000
0.000000 0.000000
0.000000 0.000000
0.000000 0.000000
0.000000 0.000000
0.000000 0.000000
0.000000 0.000000
0.000000 0.000000
0.000000 0.000000
0.000000 0.000000
0.000000 0.000000
0.000000 0.000000
0.000000 0.000000
0.000000 0.000000
0.000000 0.000000
0.000000 0.000000
0.000000 0.000000
0.000000 0.000000
0.000000 0.000000
0.000000 0.000000
0.000000 0.000000
0.000000 0.000000
0.000000 0.000000
0.000000 0.000000
0.000000 0.000000
0.000000 0.000000
0.000000 0.000000
0.000000 0.000000
0.000000 0.000000
0.000000 0.000000
0.000000 0.000000
0.000000 0.000000
0.000000 0.000000
0.000000 0.000000
0.000000 0.000000
0.000000 0.000000
0.000000 0.000000
0.000000 0.000000
0.000000 0.000000
0.000000 0.000000
0.000000 0.000000
0.000000 0.000000
0.000000 0.000000
0.000000 0.000000
0.000000 0.000000
0.000000 0.000000
0.000000 0.000000
0.000000 0.000000
0.000000 0.000000
0.000000 0.000000
0.000000 0.000000
0.000000 0.000000
0.000000 0.000000
0.000000 0.000000
0.000000 0.000000
0.000000 0.000000
0.000000 0.000000
0.000000 0.000000
0.000000 0.000000
0.000000 0.000000
0.000000 0.000000
0.000000 0.000000
0.000000 0.000000
0.000000 0.000000
0.000000 0.000000
0.000000 0.000000
0.000000 0.000000
0.000000 0.000000
0.000000 0.000000
0.000000 0.000000
0.000000 0.000000
0.000000 0.000000
0.000000 0.000000
0.000000 0.000000
0.000000 0.000000
0.000000 0.000000
0.000000 0.000000
0.000000 0.000000
0.000000 0.000000
0.000000 0.000000
0.000000 0.000000
0.000000 0.000000
0.000000 0.000000
0.000000 0.000000
0.000000 0.000000
0.000000 0.000000
0.000000 0.000000
0.000000 0.000000
0.000000 0.000000
0.000000 0.000000
0.000000 0.000000
0.000000 0.000000
0.000000 0.000000
0.000000 0.000000
0.000000 0.000000
0.000000 0.000000
0.000000 0.000000
0.000000 0.000000
0.000000 0.000000
0.000000 0.000000
0.000000 0.000000
0.000000 0.000000
0.000000 0.000000
0.000000 0.000000
0.000000 0.000000
0.000000 0.000000
0.000000 0.000000
6.013599 0.000000
11.978896 0.000000
17.895891 0.000000
29.584975 0.000000
41.080851 0.000000
55.173075 0.000000
79.698744 0.000000
87.632451 0.000000
108.064599 0.000000
155.559538 0.000000
186.015193 0.000000
223.770603 0.000000
268.181100 0.000000
310.395396 0.000000
350.485603 0.000000
360.830996 0.000000
339.349153 0.000000
260.594537 0.000000
207.261877 0.000000
178.456296 0.000000
95.855346 0.000000
12.480306 0.000000
0.000000 0.000000
0.000000 0.000000
0.000000 0.000000
0.000000 0.000000
0.000000 0.000000
0.000000 0.000000
0.000000 0.000000
0.000000 0.000000
0.000000 0.000000
0.000000 0.000000
0.000000 0.000000
0.000000 0.000000
0.000000 0.000000
0.000000 0.000000
0.000000 0.000000
0.000000 0.000000
0.000000 0.000000
0.000000 0.000000
0.000000 0.000000
0.000000 0.000000
0.000000 0.000000
0.000000 0.000000
0.000000 0.000000
0.000000 0.000000
0.000000 0.000000
0.000000 0.000000
0.000000 0.000000
0.000000 0.000000
0.000000 0.000000
0.000000 0.000000
0.000000 0.000000
0.000000 0.000000
0.000000 0.000000
0.000000 0.000000
0.000000 0.000000
0.000000 0.000000
0.000000 0.000000
0.000000 0.000000
0.000000 0.000000
0.000000 0.000000
0.000000 0.000000
0.000000 0.000000
3534.482702 0.000000
7040.575985 0.000000
12242.937129 0.000000
19084.787178 0.000000
27466.763280 0.000000
37303.697062 0.000000
50022.156902 0.000000
61502.128361 0.000000
78241.239836 0.000000
102091.900637 0.000000
125632.052306 0.000000
144624.573887 0.000000
164630.242763 0.000000
194139.269749 0.000000
213474.269325 0.000000
212179.052290 0.000000
176241.694785 0.000000
87466.277298 0.000000
16897.538349 0.000000
0.000000 0.000000
0.000000 0.000000
0.000000 0.000000
0.000000 0.000000
0.000000 0.000000
0.000000 0.000000
0.000000 0.000000
0.000000 0.000000
0.000000 0.000000
0.000000 0.000000
0.000000 0.000000
0.000000 0.000000
0.000000 0.000000
0.000000 0.000000
0.000000 0.000000
0.000000 0.000000
0.000000 0.000000
0.000000 0.000000
0.000000 0.000000
0.000000 0.000000
0.000000 0.000000
0.000000 0.000000
0.000000 0.000000
0.000000 0.000000
0.000000 0.000000
0.000000 0.000000
0.000000 0.000000
0.000000 0.000000
0.000000 0.000000
0.000000 0.000000
0.000000 0.000000
0.000000 0.000000
0.000000 0.000000
0.000000 0.000000
0.000000 0.000000
0.000000 0.000000
0.000000 0.000000
0.000000 0.000000
0.000000 0.000000
0.000000 0.000000
0.000000 0.000000
0.000000 0.000000
0.000000 0.000000
0.000000 0.000000
0.000000 0.000000
0.000000 0.000000
0.000000 0.000000
0.000000 0.000000
0.000000 0.000000
40.542927 0.000000
80.760208 0.000000
120.651843 0.000000
238.210287 0.000000
257.342107 0.000000
379.093514 0.000000
423.910820 0.000000
532.025484 0.000000
687.847359 0.000000
858.934002 0.000000
1001.751003 0.000000
1169.214615 0.000000
1457.289528 0.000000
1704.923128 0.000000
1846.090631 0.000000
1906.924404 0.000000
1786.279865 0.000000
1350.044327 0.000000
765.362754 0.000000
430.664259 0.000000
53.912697 0.000000
2.533824 0.000000
2.533824 0.000000
5.047296 0.000000
7.540416 0.000000
12.465600 0.000000
14.897664 0.000000
22.071744 0.000000
27.907680 0.000000
33.580800 0.000000
44.570880 0.000000
58.529808 0.000000
68.141040 0.000000
83.687424 0.000000
101.553936 0.000000
118.792080 0.000000
136.770528 0.000000
145.178448 0.000000
143.682576 0.000000
118.260384 0.000000
78.491304 0.000000
77.602176 0.000000
64.274160 0.000000
30.548352 0.000000
23.445504 0.000000
26.521200 0.000000
29.915532 0.000000
33.081540 0.000000
37.330020 0.000000
38.434752 0.000000
36.031308 0.000000
25.101012 0.000000
21.420162 0.000000
21.610962 0.000000
17.740902 0.000000
9.365418 0.000000
0.000000 0.000000
0.000000 0.000000
0.000000 0.000000
0.000000 0.000000
0.000000 0.000000
0.000000 0.000000
0.000000 0.000000
0.000000 0.000000
0.000000 0.000000
0.000000 0.000000
0.000000 0.000000
0.000000 0.000000
0.000000 0.000000
0.000000 0.000000
0.000000 0.000000
0.000000 0.000000
0.000000 0.000000
0.000000 0.000000
0.000000 0.000000
0.000000 0.000000
0.000000 0.000000
0.000000 0.000000
0.000000 0.000000
0.000000 0.000000
0.000000 0.000000
0.000000 0.000000
0.000000 0.000000
0.000000 0.000000
0.000000 0.000000
0.000000 0.000000
0.000000 0.000000
0.000000 0.000000
0.000000 0.000000
0.000000 0.000000
0.000000 0.000000
0.000000 0.000000
0.000000 0.000000
0.000000 0.000000
0.000000 0.000000
0.000000 0.000000
0.000000 0.000000
0.000000 0.000000
0.000000 0.000000
0.000000 0.000000
0.000000 0.000000
0.000000 0.000000
0.000000 0.000000
0.000000 0.000000
0.000000 0.000000
0.000000 0.000000
0.000000 0.000000
0.000000 0.000000
0.000000 0.000000
0.000000 0.000000
0.000000 0.000000
0.000000 0.000000
0.000000 0.000000
0.000000 0.000000
0.000000 0.000000
0.000000 0.000000
0.000000 0.000000
0.000000 0.000000
0.000000 0.000000
0.000000 0.000000
0.000000 0.000000
0.000000 0.000000
0.000000 0.000000
0.000000 0.000000
0.000000 0.000000
0.000000 0.000000
0.000000 0.000000
0.000000 0.000000
0.000000 0.000000
0.000000 0.000000
0.000000 0.000000
0.000000 0.000000
0.000000 0.000000
0.000000 0.000000
0.000000 0.000000
0.000000 0.000000
0.000000 0.000000
0.000000 0.000000
0.000000 0.000000
0.000000 0.000000
0.000000 0.000000
0.000000 0.000000
0.000000 0.000000
0.000000 0.000000
0.000000 0.000000
0.000000 0.000000
0.000000 0.000000
0.000000 0.000000
0.000000 0.000000
0.000000 0.000000
0.000000 0.000000
0.000000 0.000000
0.000000 0.000000
0.000000 0.000000
0.000000 0.000000
0.000000 0.000000
0.000000 0.000000
0.000000 0.000000
0.000000 0.000000
0.000000 0.000000
0.000000 0.000000
0.000000 0.000000
0.000000 0.000000
0.000000 0.000000
0.000000 0.000000
0.000000 0.000000
0.000000 0.000000
0.000000 0.000000
0.000000 0.000000
0.000000 0.000000
0.000000 0.000000
14018.295474 0.000000
27923.994198 0.000000
41717.096171 0.000000
55397.601392 0.000000
89092.179069 0.000000
108937.356397 0.000000
144616.451806 0.000000
170119.615862 0.000000
219521.440274 0.000000
266530.583732 0.000000
277621.363686 0.000000
343828.253155 0.000000
400914.805809 0.000000
539901.420075 0.000000
640365.870974 0.000000
718951.365734 0.000000
786470.711040 0.000000
814454.522251 0.000000
730830.322895 0.000000
536801.490810 0.000000
481023.875321 0.000000
432265.963376 0.000000
248108.699016 0.000000
62322.300588 0.000000
22800.840782 0.000000
30518.995908 0.000000
39663.963146 0.000000
49829.338300 0.000000
57871.209141 0.000000
69387.745377 0.000000
79823.177035 0.000000
84936.652997 0.000000
89876.836425 0.000000
82981.166999 0.000000
62956.101897 0.000000
53314.127316 0.000000
53571.867796 0.000000
48919.773639 0.000000
29093.945288 0.000000
23362.505070 0.000000
26176.920586 0.000000
28104.552769 0.000000
29534.110262 0.000000
28356.020960 0.000000
20368.682528 0.000000
7484.225178 0.000000
5176.238773 0.000000
6734.720084 0.000000
8964.009147 0.000000
10804.120721 0.000000
13959.975835 0.000000
17813.882045 0.000000
21102.910789 0.000000
24438.787107 0.000000
26450.407568 0.000000
26245.718979 0.000000
20792.364763 0.000000
10438.129713 0.000000
9034.126609 0.000000
10780.021311 0.000000
11791.762690 0.000000
12487.749825 0.000000
8952.000842 0.000000
2136.252344 0.000000
2644.622664 0.000000
3206.624991 0.000000
3752.260399 0.000000
4467.847405 0.000000
5260.141774 0.000000
5919.751280 0.000000
2132.364806 0.000000
465.974208 0.000000
631.260528 0.000000
894.051975 0.000000
1096.515767 0.000000
1241.576204 0.000000
1523.159725 0.000000
18178.535782 0.000000
33040.658465 0.000000
49343.288427 0.000000
89490.057700 0.000000
128767.355900 0.000000
155646.232625 0.000000
178266.527679 0.000000
204225.549469 0.000000
272526.694125 0.000000
350039.601701 0.000000
441755.911361 0.000000
542185.762929 0.000000
645540.826649 0.000000
791880.407777 0.000000
910184.894550 0.000000
954969.668214 0.000000
907899.274850 0.000000
693984.686558 0.000000
689312.809173 0.000000
591406.483493 0.000000
338858.741404 0.000000
231037.070348 0.000000
161003.115972 0.000000
4140.596462 0.000000
27.141028 0.000000
27.529198 0.000000
22.860262 0.000000
11.076238 0.000000
1.825534 0.000000
0.000000 0.000000
0.000000 0.000000
0.000000 0.000000
0.000000 0.000000
0.000000 0.000000
0.000000 0.000000
0.000000 0.000000
0.000000 0.000000
0.000000 0.000000
0.000000 0.000000
0.000000 0.000000
0.000000 0.000000
0.000000 0.000000
0.000000 0.000000
0.000000 0.000000
0.000000 0.000000
0.000000 0.000000
0.000000 0.000000
0.000000 0.000000
0.000000 0.000000
0.000000 0.000000
0.000000 0.000000
0.000000 0.000000
0.000000 0.000000
0.000000 0.000000
0.000000 0.000000
0.000000 0.000000
0.000000 0.000000
0.000000 0.000000
0.000000 0.000000
0.000000 0.000000
0.000000 0.000000
0.000000 0.000000
0.000000 0.000000
0.000000 0.000000
0.000000 0.000000
37.115442 0.000000
73.932768 0.000000
110.451978 0.000000
218.220912 0.000000
357.739200 0.000000
492.487632 0.000000
558.073152 0.000000
701.243361 0.000000
823.172805 0.000000
968.653413 0.000000
1144.616382 0.000000
1522.627470 0.000000
1752.586750 0.000000
2029.834605 0.000000
2218.355645 0.000000
2206.691769 0.000000
1839.636314 0.000000
1032.916440 0.000000
1111.246481 0.000000
1150.373576 0.000000
1074.427504 0.000000
675.527013 0.000000
441.550452 0.000000
512.380000 0.000000
574.187002 0.000000
596.857488 0.000000
551.297590 0.000000
354.289809 0.000000
102.830008 0.000000
38.442474 0.000000
46.826874 0.000000
57.943191 0.000000
73.092105 0.000000
83.560975 0.000000
93.064429 0.000000
107.202653 0.000000
117.378132 0.000000
117.332860 0.000000
106.253027 0.000000
80.422326 0.000000
41.127956 0.000000
14.543502 0.000000
0.572688 0.000000
0.852048 0.000000
1.262358 0.000000
1.530078 0.000000
2.115279 0.000000
2.916984 0.000000
3.782127 0.000000
4.528251 0.000000
5.397320 0.000000
6.647488 0.000000
7.760603 0.000000
8.476536 0.000000
8.855548 0.000000
8.643569 0.000000
6.922944 0.000000
3.569265 0.000000
1.649451 0.000000
0.000000 0.000000
0.000000 0.000000
0.000000 0.000000
0.000000 0.000000
0.000000 0.000000
0.000000 0.000000
0.000000 0.000000
0.000000 0.000000
0.000000 0.000000
0.000000 0.000000
0.000000 0.000000
0.000000 0.000000
0.000000 0.000000
0.000000 0.000000
0.000000 0.000000
0.000000 0.000000
0.000000 0.000000
0.000000 0.000000
0.000000 0.000000
0.000000 0.000000
0.000000 0.000000
0.000000 0.000000
0.000000 0.000000
0.000000 0.000000
0.000000 0.000000
0.000000 0.000000
0.000000 0.000000
0.000000 0.000000
0.000000 0.000000
0.000000 0.000000
0.000000 0.000000
0.000000 0.000000
0.000000 0.000000
0.000000 0.000000
0.000000 0.000000
0.000000 0.000000
0.000000 0.000000
0.000000 0.000000
0.000000 0.000000
0.000000 0.000000
0.000000 0.000000
0.000000 0.000000
0.000000 0.000000
0.000000 0.000000
0.000000 0.000000
0.000000 0.000000
0.000000 0.000000
0.000000 0.000000
0.000000 0.000000
0.000000 0.000000
0.000000 0.000000
0.000000 0.000000
0.000000 0.000000
0.000000 0.000000
0.000000 0.000000
0.000000 0.000000
0.000000 0.000000
0.000000 0.000000
0.000000 0.000000
0.000000 0.000000
0.000000 0.000000
0.000000 0.000000
0.000000 0.000000
0.000000 0.000000
0.000000 0.000000
0.000000 0.000000
0.000000 0.000000
0.000000 0.000000
0.000000 0.000000
0.000000 0.000000
0.000000 0.000000
0.000000 0.000000
0.000000 0.000000
0.000000 0.000000
0.000000 0.000000
0.000000 0.000000
0.000000 0.000000
0.000000 0.000000
0.000000 0.000000
0.000000 0.000000
0.000000 0.000000
0.000000 0.000000
0.000000 0.000000
0.000000 0.000000
0.000000 0.000000
0.000000 0.000000
0.000000 0.000000
0.000000 0.000000
0.000000 0.000000
0.000000 0.000000
0.000000 0.000000
0.000000 0.000000
0.000000 0.000000
0.000000 0.000000
0.000000 0.000000
0.000000 0.000000
0.000000 0.000000
0.000000 0.000000
0.000000 0.000000
0.000000 0.000000
0.000000 0.000000
0.000000 0.000000
0.000000 0.000000
0.000000 0.000000
0.000000 0.000000
0.000000 0.000000
0.000000 0.000000
0.000000 0.000000
0.000000 0.000000
0.000000 0.000000
0.000000 0.000000
0.000000 0.000000
0.000000 0.000000
0.000000 0.000000
0.000000 0.000000
0.000000 0.000000
0.000000 0.000000
0.000000 0.000000
0.000000 0.000000
0.000000 0.000000
0.000000 0.000000
0.000000 0.000000
0.000000 0.000000
0.000000 0.000000
0.000000 0.000000
0.000000 0.000000
0.000000 0.000000
0.000000 0.000000
0.000000 0.000000
0.000000 0.000000
0.000000 0.000000
0.000000 0.000000
0.000000 0.000000
0.000000 0.000000
0.000000 0.000000
0.000000 0.000000
0.000000 0.000000
0.000000 0.000000
0.000000 0.000000
0.000000 0.000000
0.000000 0.000000
0.000000 0.000000
0.000000 0.000000
0.000000 0.000000
0.000000 0.000000
0.000000 0.000000
0.000000 0.000000
0.000000 0.000000
0.000000 0.000000
0.000000 0.000000
0.000000 0.000000
0.000000 0.000000
0.000000 0.000000
0.000000 0.000000
0.000000 0.000000
0.000000 0.000000
0.000000 0.000000
0.000000 0.000000
0.000000 0.000000
0.000000 0.000000
0.000000 0.000000
0.000000 0.000000
0.000000 0.000000
0.000000 0.000000
0.000000 0.000000
0.000000 0.000000
0.000000 0.000000
0.000000 0.000000
0.000000 0.000000
0.000000 0.000000
0.000000 0.000000
0.000000 0.000000
0.000000 0.000000
0.000000 0.000000
0.000000 0.000000
0.000000 0.000000
0.000000 0.000000
0.000000 0.000000
0.000000 0.000000
0.000000 0.000000
0.000000 0.000000
0.000000 0.000000
0.000000 0.000000
0.000000 0.000000
0.000000 0.000000
0.000000 0.000000
0.000000 0.000000
0.000000 0.000000
0.000000 0.000000
0.000000 0.000000
0.000000 0.000000
0.000000 0.000000
0.000000 0.000000
0.000000 0.000000
0.000000 0.000000
0.000000 0.000000
0.000000 0.000000
0.000000 0.000000
0.000000 0.000000
0.000000 0.000000
0.000000 0.000000
0.000000 0.000000
0.000000 0.000000
0.000000 0.000000
0.000000 0.000000
0.000000 0.000000
0.000000 0.000000
0.000000 0.000000
0.000000 0.000000
0.000000 0.000000
0.000000 0.000000
0.000000 0.000000
0.000000 0.000000
0.000000 0.000000
0.000000 0.000000
0.000000 0.000000
0.000000 0.000000
0.000000 0.000000
0.000000 0.000000
0.000000 0.000000
0.000000 0.000000
0.000000 0.000000
0.000000 0.000000
0.000000 0.000000
0.000000 0.000000
0.000000 0.000000
0.000000 0.000000
0.000000 0.000000
0.000000 0.000000
0.000000 0.000000
0.000000 0.000000
0.000000 0.000000
0.000000 0.000000
0.000000 0.000000
0.000000 0.000000
0.000000 0.000000
0.000000 0.000000
0.000000 0.000000
0.000000 0.000000
0.000000 0.000000
0.000000 0.000000
0.000000 0.000000
0.000000 0.000000
0.000000 0.000000
0.000000 0.000000
0.000000 0.000000
0.000000 0.000000
0.000000 0.000000
0.000000 0.000000
0.000000 0.000000
0.000000 0.000000
0.000000 0.000000
0.000000 0.000000
0.000000 0.000000
0.000000 0.000000
0.000000 0.000000
0.000000 0.000000
0.000000 0.000000
0.000000 0.000000
0.000000 0.000000
0.000000 0.000000
0.000000 0.000000
0.000000 0.000000
0.000000 0.000000
0.000000 0.000000
0.000000 0.000000
0.000000 0.000000
0.000000 0.000000
0.000000 0.000000
0.000000 0.000000
0.000000 0.000000
0.000000 0.000000
0.000000 0.000000
0.000000 0.000000
0.000000 0.000000
0.000000 0.000000
0.000000 0.000000
0.000000 0.000000
0.000000 0.000000
0.000000 0.000000
0.000000 0.000000
0.000000 0.000000
0.000000 0.000000
0.000000 0.000000
0.000000 0.000000
0.000000 0.000000
0.000000 0.000000
0.000000 0.000000
0.000000 0.000000
0.000000 0.000000
0.000000 0.000000
0.000000 0.000000
0.000000 0.000000
0.000000 0.000000
0.000000 0.000000
0.000000 0.000000
0.000000 0.000000
0.000000 0.000000
0.000000 0.000000
0.000000 0.000000
0.000000 0.000000
0.000000 0.000000
0.000000 0.000000
0.000000 0.000000
0.000000 0.000000
0.000000 0.000000
0.000000 0.000000
0.000000 0.000000
0.000000 0.000000
0.000000 0.000000
0.000000 0.000000
0.000000 0.000000
0.000000 0.000000
0.000000 0.000000
0.000000 0.000000
0.000000 0.000000
0.000000 0.000000
0.000000 0.000000
0.000000 0.000000
0.000000 0.000000
0.000000 0.000000
0.000000 0.000000
0.000000 0.000000
0.000000 0.000000
0.000000 0.000000
0.000000 0.000000
0.000000 0.000000
0.000000 0.000000
0.000000 0.000000
0.000000 0.000000
0.000000 0.000000
0.000000 0.000000
0.000000 0.000000
0.000000 0.000000
0.000000 0.000000
0.000000 0.000000
0.000000 0.000000
0.000000 0.000000
0.000000 0.000000
0.000000 0.000000
0.000000 0.000000
0.000000 0.000000
0.000000 0.000000
0.000000 0.000000
0.000000 0.000000
0.000000 0.000000
0.000000 0.000000
0.000000 0.000000
0.000000 0.000000
0.000000 0.000000
0.000000 0.000000
0.000000 0.000000
0.000000 0.000000
0.000000 0.000000
0.000000 0.000000
0.000000 0.000000
0.000000 0.000000
0.000000 0.000000
0.000000 0.000000
0.000000 0.000000
0.000000 0.000000
0.000000 0.000000
0.000000 0.000000
0.000000 0.000000
0.000000 0.000000
0.000000 0.000000
0.000000 0.000000
0.000000 0.000000
0.000000 0.000000
0.000000 0.000000
0.000000 0.000000
0.000000 0.000000
0.000000 0.000000
0.000000 0.000000
0.000000 0.000000
0.000000 0.000000
0.000000 0.000000
0.000000 0.000000
0.000000 0.000000
0.000000 0.000000
0.000000 0.000000
0.000000 0.000000
0.000000 0.000000
0.000000 0.000000
0.000000 0.000000
0.000000 0.000000
0.000000 0.000000
0.000000 0.000000
0.000000 0.000000
0.000000 0.000000
0.000000 0.000000
0.000000 0.000000
0.000000 0.000000
0.000000 0.000000
0.000000 0.000000
0.000000 0.000000
0.000000 0.000000
0.000000 0.000000
0.000000 0.000000
0.000000 0.000000
0.000000 0.000000
0.000000 0.000000
0.000000 0.000000
0.000000 0.000000
0.000000 0.000000
0.000000 0.000000
0.000000 0.000000
0.000000 0.000000
0.000000 0.000000
0.000000 0.000000
0.000000 0.000000
0.000000 0.000000
0.000000 0.000000
0.000000 0.000000
0.000000 0.000000
0.000000 0.000000
0.000000 0.000000
0.000000 0.000000
0.000000 0.000000
0.000000 0.000000
0.000000 0.000000
0.000000 0.000000
0.000000 0.000000
0.000000 0.000000
0.000000 0.000000
0.000000 0.000000
0.000000 0.000000
0.000000 0.000000
0.000000 0.000000
0.000000 0.000000
0.000000 0.000000
0.000000 0.000000
0.000000 0.000000
0.000000 0.000000
0.000000 0.000000
0.000000 0.000000
0.000000 0.000000
0.000000 0.000000
0.000000 0.000000
0.000000 0.000000
0.000000 0.000000
0.000000 0.000000
0.000000 0.000000
0.000000 0.000000
0.000000 0.000000
0.000000 0.000000
0.000000 0.000000
0.000000 0.000000
0.000000 0.000000
0.000000 0.000000
0.000000 0.000000
0.000000 0.000000
0.000000 0.000000
0.000000 0.000000
0.000000 0.000000
0.000000 0.000000
0.000000 0.000000
0.000000 0.000000
0.000000 0.000000
0.000000 0.000000
0.000000 0.000000
0.000000 0.000000
0.000000 0.000000
0.000000 0.000000
0.000000 0.000000
0.000000 0.000000
0.000000 0.000000
0.000000 0.000000
0.000000 0.000000
0.000000 0.000000
0.000000 0.000000
0.000000 0.000000
0.000000 0.000000
0.000000 0.000000
0.000000 0.000000
0.000000 0.000000
0.000000 0.000000
0.000000 0.000000
0.000000 0.000000
0.000000 0.000000
0.000000 0.000000
0.000000 0.000000
