120576879.409212 0.000000
114643611.409739 0.000000
110687024.589594 0.000000
107335231.776916 0.000000
104949088.187249 0.000000
101463409.434681 0.000000
97975211.053093 0.000000
96082806.774564 0.000000
95047469.602268 0.000000
94720601.150848 0.000000
94345552.370613 0.000000
93197547.633452 0.000000
93209029.010084 0.000000
92007070.479351 0.000000
90904636.792976 0.000000
89993234.300120 0.000000
88315229.513206 0.000000
88089868.194164 0.000000
86180827.101404 0.000000
86314926.239809 0.000000
84921170.773382 0.000000
81941463.433787 0.000000
80015894.596347 0.000000
77655178.768054 0.000000
76501653.676218 0.000000
73577521.993316 0.000000
72296280.042680 0.000000
71618790.901545 0.000000
72380506.338325 0.000000
67860852.778690 0.000000
63130638.085509 0.000000
57555015.962115 0.000000
52753831.747494 0.000000
45878034.811195 0.000000
38719987.588492 0.000000
37301643.489385 0.000000
31776301.336985 0.000000
36143094.441129 0.000000
38976037.693257 0.000000
41060951.967436 0.000000
32991126.082565 0.000000
32833986.964043 0.000000
36944597.083023 0.000000
39655896.901877 0.000000
40041769.485649 0.000000
33687649.291151 0.000000
27663389.636229 0.000000
27436161.338685 0.000000
27192410.236288 0.000000
23252569.245169 0.000000
12232951.581632 0.000000
6464718.012595 0.000000
8022605.418666 0.000000
9738494.335368 0.000000
11928138.508797 0.000000
14005562.779501 0.000000
15877464.288808 0.000000
17625389.972884 0.000000
18915753.137058 0.000000
18443684.679850 0.000000
18949962.148706 0.000000
18038241.108434 0.000000
14530934.982398 0.000000
14419982.882170 0.000000
14652003.705162 0.000000
13902122.786253 0.000000
12342457.184973 0.000000
12797348.810588 0.000000
14710717.387925 0.000000
16419479.191362 0.000000
18508738.078941 0.000000
20548851.335713 0.000000
12991073.956414 0.000000
10085137.768798 0.000000
11630132.113261 0.000000
12855646.524677 0.000000
13732284.223990 0.000000
13712944.239399 0.000000
12096266.072131 0.000000
7683068.538555 0.000000
7246810.896429 0.000000
8746418.004246 0.000000
9851627.526060 0.000000
10884291.704397 0.000000
12482541.670388 0.000000
13453171.468017 0.000000
14599877.134185 0.000000
15695282.161276 0.000000
16472955.570367 0.000000
15990866.140037 0.000000
13842519.837498 0.000000
11109762.406540 0.000000
1034040.560540 0.000000
1326803.015316 0.000000
1763762.776070 0.000000
2342209.322586 0.000000
2915879.808415 0.000000
3626282.199518 0.000000
4468865.503787 0.000000
5300829.676812 0.000000
6663600.717874 0.000000
8651988.645316 0.000000
10194581.428949 0.000000
12911194.026358 0.000000
15484076.842190 0.000000
18444875.231592 0.000000
21480397.090663 0.000000
25364243.614123 0.000000
29395043.208560 0.000000
33391228.666406 0.000000
36322975.390778 0.000000
37071928.596956 0.000000
32977608.794483 0.000000
20349263.338386 0.000000
80847.800675 0.000000
112518.898361 0.000000
140501.214974 0.000000
171131.887004 0.000000
222545.864560 0.000000
277175.297042 0.000000
332656.724220 0.000000
403341.826054 0.000000
462988.078827 0.000000
512315.388280 0.000000
535631.082249 0.000000
509941.162337 0.000000
385077.096724 0.000000
327457.830829 0.000000
309687.430687 0.000000
237775.767627 0.000000
120176.424728 0.000000
56830.442364 0.000000
25281.591476 0.000000
29433.069479 0.000000
35309.712732 0.000000
44494.322129 0.000000
51446.139767 0.000000
61174.059857 0.000000
78262.882316 0.000000
89899.639723 0.000000
102135.770571 0.000000
121984.594708 0.000000
139333.635294 0.000000
140359.256492 0.000000
133106.717797 0.000000
150570.039478 0.000000
89467.957616 0.000000
90194.484167 0.000000
79985.189995 0.000000
92603.588259 0.000000
106921.107194 0.000000
117746.310264 0.000000
124143.490760 0.000000
104036.870329 0.000000
71551.393823 0.000000
43635.477649 0.000000
36946.437691 0.000000
33081.317765 0.000000
17082.439706 0.000000
4737.063986 0.000000
5388.952684 0.000000
6687.588337 0.000000
8414.545091 0.000000
11395.769456 0.000000
13290.555344 0.000000
15483.550318 0.000000
18153.613257 0.000000
23267.431966 0.000000
29933.510523 0.000000
38215.811965 0.000000
44974.860494 0.000000
55426.759969 0.000000
65510.934005 0.000000
77157.453005 0.000000
89558.102486 0.000000
101339.429931 0.000000
107628.272983 0.000000
107760.811557 0.000000
95444.675855 0.000000
69865.031752 0.000000
69530.679009 0.000000
58089.773800 0.000000
67299.025975 0.000000
77570.636264 0.000000
84070.523415 0.000000
90647.058479 0.000000
90735.063192 0.000000
80954.053865 0.000000
87232.475713 0.000000
85472.960215 0.000000
69158.110840 0.000000
53148.596144 0.000000
36790.107625 0.000000
39636.480860 0.000000
42577.270966 0.000000
42469.007674 0.000000
41229.153319 0.000000
33886.181096 0.000000
14444.719962 0.000000
2612.041931 0.000000
3394.883662 0.000000
4544.145421 0.000000
5576.486073 0.000000
6703.413619 0.000000
7949.087709 0.000000
9461.296142 0.000000
10607.897861 0.000000
11268.003755 0.000000
11596.116333 0.000000
8636.455382 0.000000
9264.840309 0.000000
11333.225717 0.000000
13711.931154 0.000000
16262.451163 0.000000
19532.488732 0.000000
23372.783547 0.000000
26342.978521 0.000000
29848.038581 0.000000
32497.045725 0.000000
34466.728483 0.000000
33471.118691 0.000000
29289.310592 0.000000
30828.102529 0.000000
28961.521683 0.000000
25356.557219 0.000000
28551.934435 0.000000
33136.248311 0.000000
37570.972546 0.000000
41067.850631 0.000000
43039.519211 0.000000
45185.143891 0.000000
48782.245348 0.000000
46679.179265 0.000000
47638.742472 0.000000
44168.312629 0.000000
16175.145038 0.000000
10635.494711 0.000000
1587.972381 0.000000
1089.446042 0.000000
1415.789532 0.000000
2066.872413 0.000000
2386.459302 0.000000
3039.282532 0.000000
3813.499273 0.000000
4678.181545 0.000000
5825.296207 0.000000
7027.542579 0.000000
8459.380942 0.000000
9948.952328 0.000000
11445.565116 0.000000
12512.189401 0.000000
13716.987010 0.000000
13845.920710 0.000000
12407.925514 0.000000
12045.738134 0.000000
12579.624935 0.000000
12578.369668 0.000000
14457.104543 0.000000
16272.957000 0.000000
17368.117332 0.000000
17601.739491 0.000000
15888.835690 0.000000
17901.154783 0.000000
20526.384093 0.000000
22334.138757 0.000000
22811.276263 0.000000
20578.743956 0.000000
17632.321022 0.000000
13393.647730 0.000000
11867.570773 0.000000
12919.423072 0.000000
12954.053398 0.000000
11080.686740 0.000000
6185.384636 0.000000
3850.211631 0.000000
2344.689245 0.000000
2499.427603 0.000000
2403.501602 0.000000
1939.607487 0.000000
771.937974 0.000000
833.923157 0.000000
1107.574532 0.000000
1396.800402 0.000000
1629.825796 0.000000
1788.147449 0.000000
1987.294652 0.000000
1872.653216 0.000000
1782.846292 0.000000
2588.577280 0.000000
3200.853747 0.000000
3995.626554 0.000000
4465.707880 0.000000
4609.451098 0.000000
5326.436599 0.000000
7353.909357 0.000000
9501.231376 0.000000
11332.174073 0.000000
14220.151708 0.000000
17363.447228 0.000000
20766.499187 0.000000
24164.388180 0.000000
26912.374412 0.000000
28240.376968 0.000000
27621.869466 0.000000
23505.069923 0.000000
15390.368446 0.000000
13287.767633 0.000000
7698.823987 0.000000
542.648448 0.000000
692.079647 0.000000
823.673706 0.000000
1018.962807 0.000000
1179.715991 0.000000
1385.947957 0.000000
1620.201646 0.000000
1758.499204 0.000000
2216.364450 0.000000
2706.102310 0.000000
3346.425894 0.000000
4094.046154 0.000000
4873.320928 0.000000
5631.760123 0.000000
6561.332178 0.000000
7461.181416 0.000000
7972.687351 0.000000
7662.272023 0.000000
6014.375914 0.000000
4243.847058 0.000000
4314.303462 0.000000
3912.677522 0.000000
2542.590768 0.000000
44.801046 0.000000
51.123036 0.000000
72.059916 0.000000
94.838466 0.000000
123.456510 0.000000
155.792358 0.000000
191.561682 0.000000
231.276057 0.000000
278.457273 0.000000
360.746535 0.000000
458.599524 0.000000
551.449848 0.000000
692.872872 0.000000
811.528116 0.000000
930.355680 0.000000
1045.223115 0.000000
1099.607307 0.000000
1056.464841 0.000000
838.712059 0.000000
432.766043 0.000000
115.904555 0.000000
0.000000 0.000000
0.000000 0.000000
0.000000 0.000000
0.000000 0.000000
0.000000 0.000000
0.000000 0.000000
0.000000 0.000000
0.000000 0.000000
0.000000 0.000000
0.000000 0.000000
0.000000 0.000000
0.000000 0.000000
0.000000 0.000000
0.000000 0.000000
0.000000 0.000000
0.000000 0.000000
0.000000 0.000000
0.000000 0.000000
0.000000 0.000000
0.000000 0.000000
49.466484 0.000000
98.833936 0.000000
148.102356 0.000000
246.342100 0.000000
295.313424 0.000000
344.185716 0.000000
514.446482 0.000000
779.381840 0.000000
970.315536 0.000000
1206.754436 0.000000
1394.122980 0.000000
1991.880132 0.000000
2350.772100 0.000000
2811.691786 0.000000
3515.140840 0.000000
4330.025652 0.000000
5325.272494 0.000000
6576.888426 0.000000
7708.632647 0.000000
8931.448666 0.000000
10259.922890 0.000000
11445.837309 0.000000
11970.180847 0.000000
11565.790302 0.000000
9726.917855 0.000000
6039.542442 0.000000
3640.252407 0.000000
3252.866967 0.000000
4089.674988 0.000000
4760.926263 0.000000
5829.580575 0.000000
6793.062903 0.000000
7646.508300 0.000000
8481.756567 0.000000
9117.542007 0.000000
9224.830800 0.000000
7985.606247 0.000000
4390.744647 0.000000
0.000000 0.000000
0.000000 0.000000
0.000000 0.000000
0.000000 0.000000
0.000000 0.000000
0.000000 0.000000
0.000000 0.000000
0.000000 0.000000
0.000000 0.000000
0.000000 0.000000
0.000000 0.000000
0.000000 0.000000
0.000000 0.000000
0.000000 0.000000
0.000000 0.000000
0.000000 0.000000
0.000000 0.000000
0.000000 0.000000
0.000000 0.000000
0.000000 0.000000
0.000000 0.000000
0.000000 0.000000
0.000000 0.000000
0.000000 0.000000
0.000000 0.000000
0.000000 0.000000
0.000000 0.000000
0.000000 0.000000
0.000000 0.000000
0.000000 0.000000
0.000000 0.000000
0.000000 0.000000
0.000000 0.000000
0.000000 0.000000
0.000000 0.000000
0.000000 0.000000
0.000000 0.000000
0.000000 0.000000
0.000000 0.000000
0.000000 0.000000
0.000000 0.000000
0.000000 0.000000
0.000000 0.000000
0.000000 0.000000
0.000000 0.000000
0.000000 0.000000
0.000000 0.000000
0.000000 0.000000
0.000000 0.000000
51.566382 0.000000
103.029528 0.000000
205.646112 0.000000
307.849752 0.000000
409.640448 0.000000
611.983008 0.000000
812.673792 0.000000
1011.712800 0.000000
1209.100032 0.000000
1453.511262 0.000000
1743.397950 0.000000
2171.259552 0.000000
2774.519118 0.000000
3580.998750 0.000000
4562.824728 0.000000
5450.860800 0.000000
6399.341550 0.000000
7651.800702 0.000000
9000.888750 0.000000
10337.588478 0.000000
11696.174238 0.000000
12686.413950 0.000000
12885.865902 0.000000
11773.859328 0.000000
8381.937312 0.000000
1011.712800 0.000000
0.000000 0.000000
0.000000 0.000000
0.000000 0.000000
0.000000 0.000000
0.000000 0.000000
0.000000 0.000000
0.000000 0.000000
0.000000 0.000000
0.000000 0.000000
0.000000 0.000000
0.000000 0.000000
0.000000 0.000000
0.000000 0.000000
0.000000 0.000000
0.000000 0.000000
0.000000 0.000000
0.000000 0.000000
0.000000 0.000000
0.000000 0.000000
0.000000 0.000000
0.000000 0.000000
0.000000 0.000000
0.000000 0.000000
0.000000 0.000000
0.000000 0.000000
0.000000 0.000000
0.000000 0.000000
0.000000 0.000000
0.000000 0.000000
0.000000 0.000000
0.000000 0.000000
0.000000 0.000000
0.000000 0.000000
0.000000 0.000000
26.620353 0.000000
53.187412 0.000000
79.701177 0.000000
145.746261 0.000000
198.347437 0.000000
250.735437 0.000000
354.871909 0.000000
432.414676 0.000000
535.058916 0.000000
674.782929 0.000000
899.897697 0.000000
1072.063936 0.000000
1253.411416 0.000000
1536.884749 0.000000
1868.602708 0.000000
2233.334413 0.000000
2696.141316 0.000000
3104.014852 0.000000
3567.276177 0.000000
4324.227096 0.000000
5067.698967 0.000000
5831.505802 0.000000
6311.226558 0.000000
6424.552854 0.000000
5592.915644 0.000000
3303.573366 0.000000
1836.836884 0.000000
416.448282 0.000000
507.051482 0.000000
636.560762 0.000000
782.811648 0.000000
957.489288 0.000000
1168.843305 0.000000
1346.220153 0.000000
1542.728347 0.000000
1698.953463 0.000000
1811.183610 0.000000
1829.760071 0.000000
1497.312863 0.000000
723.377664 0.000000
424.170296 0.000000
579.677852 0.000000
771.327303 0.000000
922.307042 0.000000
1108.433488 0.000000
1387.480383 0.000000
1757.853334 0.000000
2219.349152 0.000000
2500.067943 0.000000
3040.946786 0.000000
3591.288720 0.000000
4238.527090 0.000000
4831.613474 0.000000
5555.531157 0.000000
6180.201809 0.000000
6463.204924 0.000000
6075.255904 0.000000
4469.954360 0.000000
3675.078327 0.000000
3856.646471 0.000000
3670.166642 0.000000
2854.333172 0.000000
1386.255727 0.000000
221.843430 0.000000
0.000000 0.000000
0.000000 0.000000
0.000000 0.000000
0.000000 0.000000
0.000000 0.000000
0.000000 0.000000
0.000000 0.000000
0.000000 0.000000
0.000000 0.000000
0.000000 0.000000
0.000000 0.000000
0.000000 0.000000
0.000000 0.000000
0.000000 0.000000
0.000000 0.000000
0.000000 0.000000
0.000000 0.000000
0.000000 0.000000
0.000000 0.000000
0.000000 0.000000
0.000000 0.000000
0.000000 0.000000
0.000000 0.000000
0.000000 0.000000
0.000000 0.000000
0.000000 0.000000
0.000000 0.000000
0.000000 0.000000
0.000000 0.000000
0.000000 0.000000
0.000000 0.000000
0.000000 0.000000
0.000000 0.000000
0.000000 0.000000
0.000000 0.000000
0.000000 0.000000
0.000000 0.000000
0.000000 0.000000
0.000000 0.000000
0.000000 0.000000
0.000000 0.000000
0.000000 0.000000
0.000000 0.000000
0.000000 0.000000
0.000000 0.000000
0.000000 0.000000
0.000000 0.000000
0.000000 0.000000
0.000000 0.000000
0.000000 0.000000
0.000000 0.000000
0.000000 0.000000
0.000000 0.000000
0.000000 0.000000
0.000000 0.000000
0.000000 0.000000
0.000000 0.000000
0.000000 0.000000
0.000000 0.000000
0.000000 0.000000
0.000000 0.000000
0.000000 0.000000
0.000000 0.000000
0.000000 0.000000
0.000000 0.000000
0.000000 0.000000
0.000000 0.000000
0.000000 0.000000
0.000000 0.000000
0.000000 0.000000
0.000000 0.000000
0.000000 0.000000
0.000000 0.000000
0.000000 0.000000
0.000000 0.000000
0.000000 0.000000
0.000000 0.000000
0.000000 0.000000
0.000000 0.000000
0.000000 0.000000
0.000000 0.000000
0.000000 0.000000
0.000000 0.000000
0.000000 0.000000
0.000000 0.000000
0.000000 0.000000
0.000000 0.000000
0.000000 0.000000
0.000000 0.000000
0.000000 0.000000
0.000000 0.000000
36.094869 0.000000
72.117476 0.000000
143.945904 0.000000
179.751725 0.000000
251.146581 0.000000
393.069149 0.000000
533.835525 0.000000
673.445709 0.000000
897.836810 0.000000
1102.192815 0.000000
1535.835294 0.000000
1956.976551 0.000000
2349.174842 0.000000
2577.465765 0.000000
3119.274692 0.000000
3778.372316 0.000000
4376.436414 0.000000
5193.750891 0.000000
6146.876298 0.000000
7006.061466 0.000000
7852.010072 0.000000
8445.720761 0.000000
8353.089882 0.000000
6980.193410 0.000000
4349.736070 0.000000
4507.096583 0.000000
4323.839992 0.000000
3299.603019 0.000000
1354.584603 0.000000
0.000000 0.000000
0.000000 0.000000
0.000000 0.000000
0.000000 0.000000
0.000000 0.000000
0.000000 0.000000
0.000000 0.000000
0.000000 0.000000
0.000000 0.000000
0.000000 0.000000
0.000000 0.000000
0.000000 0.000000
0.000000 0.000000
0.000000 0.000000
0.000000 0.000000
0.000000 0.000000
0.000000 0.000000
0.000000 0.000000
0.000000 0.000000
0.000000 0.000000
0.000000 0.000000
0.000000 0.000000
0.000000 0.000000
0.000000 0.000000
0.000000 0.000000
0.000000 0.000000
0.000000 0.000000
0.000000 0.000000
0.000000 0.000000
0.000000 0.000000
0.000000 0.000000
0.000000 0.000000
0.000000 0.000000
0.000000 0.000000
0.000000 0.000000
0.000000 0.000000
0.000000 0.000000
0.000000 0.000000
0.000000 0.000000
0.000000 0.000000
0.000000 0.000000
0.986013 0.000000
1.970052 0.000000
3.932208 0.000000
4.910325 0.000000
6.860637 0.000000
9.771300 0.000000
13.624548 0.000000
15.539328 0.000000
19.345200 0.000000
24.058125 0.000000
31.496157 0.000000
41.067059 0.000000
52.613859 0.000000
65.520683 0.000000
84.092271 0.000000
105.658660 0.000000
131.573684 0.000000
161.860004 0.000000
199.218537 0.000000
231.454370 0.000000
257.407001 0.000000
271.068250 0.000000
261.602938 0.000000
202.334770 0.000000
138.490864 0.000000
105.476895 0.000000
126.862333 0.000000
147.175471 0.000000
177.140285 0.000000
206.593412 0.000000
245.734974 0.000000
302.485300 0.000000
370.272761 0.000000
428.969948 0.000000
499.437510 0.000000
568.080109 0.000000
625.317079 0.000000
648.042337 0.000000
604.542377 0.000000
521.139780 0.000000
315.057675 0.000000
304.869365 0.000000
234.165635 0.000000
88.727709 0.000000
109.423740 0.000000
129.801339 0.000000
151.930049 0.000000
170.536605 0.000000
182.551807 0.000000
179.721114 0.000000
149.321785 0.000000
75.750731 0.000000
23.823429 0.000000
0.000000 0.000000
0.000000 0.000000
0.000000 0.000000
0.000000 0.000000
0.000000 0.000000
0.000000 0.000000
0.000000 0.000000
0.000000 0.000000
0.000000 0.000000
0.000000 0.000000
0.000000 0.000000
0.000000 0.000000
0.000000 0.000000
0.000000 0.000000
0.000000 0.000000
0.000000 0.000000
0.000000 0.000000
0.000000 0.000000
0.000000 0.000000
0.000000 0.000000
0.000000 0.000000
0.000000 0.000000
0.000000 0.000000
0.000000 0.000000
0.000000 0.000000
0.000000 0.000000
0.000000 0.000000
0.000000 0.000000
0.000000 0.000000
0.000000 0.000000
0.000000 0.000000
0.000000 0.000000
0.000000 0.000000
0.000000 0.000000
0.000000 0.000000
0.000000 0.000000
0.000000 0.000000
0.000000 0.000000
0.000000 0.000000
0.000000 0.000000
0.000000 0.000000
0.000000 0.000000
0.000000 0.000000
0.000000 0.000000
0.000000 0.000000
0.000000 0.000000
0.000000 0.000000
0.000000 0.000000
0.000000 0.000000
0.000000 0.000000
0.000000 0.000000
0.000000 0.000000
0.000000 0.000000
0.000000 0.000000
0.000000 0.000000
0.000000 0.000000
0.000000 0.000000
1.416582 0.000000
2.830328 0.000000
4.241238 0.000000
5.649312 0.000000
7.054550 0.000000
8.456952 0.000000
11.253248 0.000000
14.038200 0.000000
18.194358 0.000000
23.696198 0.000000
30.509688 0.000000
34.562332 0.000000
47.880188 0.000000
61.235717 0.000000
75.220186 0.000000
91.895952 0.000000
115.636878 0.000000
147.665735 0.000000
182.604833 0.000000
216.012526 0.000000
256.613254 0.000000
291.266428 0.000000
321.075124 0.000000
342.356949 0.000000
337.201327 0.000000
284.667015 0.000000
180.223488 0.000000
67.922490 0.000000
17.626999 0.000000
23.460477 0.000000
28.296165 0.000000
36.393350 0.000000
44.816964 0.000000
53.615663 0.000000
63.367110 0.000000
71.540647 0.000000
79.918597 0.000000
85.666474 0.000000
84.475308 0.000000
70.001179 0.000000
47.360513 0.000000
51.257512 0.000000
52.548940 0.000000
46.423257 0.000000
26.608688 0.000000
15.250312 0.000000
4.364336 0.000000
3.779063 0.000000
4.638175 0.000000
5.480081 0.000000
6.715864 0.000000
7.860971 0.000000
9.110587 0.000000
10.239451 0.000000
10.849355 0.000000
10.619157 0.000000
8.432267 0.000000
4.950285 0.000000
3.014472 0.000000
1.235922 0.000000
1.444125 0.000000
1.726220 0.000000
2.050515 0.000000
2.446011 0.000000
2.758795 0.000000
3.027411 0.000000
3.099206 0.000000
2.822059 0.000000
1.981344 0.000000
1.089993 0.000000
0.419643 0.000000
0.545142 0.000000
0.610418 0.000000
0.690438 0.000000
0.768325 0.000000
0.800669 0.000000
0.755556 0.000000
0.573529 0.000000
0.202520 0.000000
0.038478 0.000000
0.032844 0.000000
0.041151 0.000000
0.052864 0.000000
0.061644 0.000000
0.070224 0.000000
0.085164 0.000000
0.099456 0.000000
0.122551 0.000000
0.153900 0.000000
0.180304 0.000000
0.207151 0.000000
0.232576 0.000000
0.247791 0.000000
0.247084 0.000000
0.214656 0.000000
0.121836 0.000000
0.083536 0.000000
0.110124 0.000000
0.135079 0.000000
0.159399 0.000000
0.190464 0.000000
0.219375 0.000000
0.238764 0.000000
0.250000 0.000000
0.233616 0.000000
0.168775 0.000000
0.014775 0.000000
0.000000 0.000000
0.000000 0.000000
0.000000 0.000000
0.000000 0.000000
0.000000 0.000000
0.000000 0.000000
0.000000 0.000000
0.000000 0.000000
0.000000 0.000000
0.000000 0.000000
0.000000 0.000000
0.000000 0.000000
0.000000 0.000000
0.000000 0.000000
0.000000 0.000000
0.000000 0.000000
0.000000 0.000000
0.000000 0.000000
0.000000 0.000000
0.000000 0.000000
0.000000 0.000000
0.000000 0.000000
0.000000 0.000000
0.000000 0.000000
0.000000 0.000000
0.000000 0.000000
0.000000 0.000000
0.000000 0.000000
0.000000 0.000000
0.000000 0.000000
0.000000 0.000000
0.000000 0.000000
0.000000 0.000000
0.000000 0.000000
0.000000 0.000000
0.000000 0.000000
0.000000 0.000000
0.000000 0.000000
0.000000 0.000000
