115502569.309484 0.000000
106241223.483561 0.000000
97525108.708764 0.000000
89266956.451894 0.000000
82631710.775644 0.000000
76526206.873947 0.000000
72226980.950222 0.000000
67474849.823578 0.000000
62941403.681050 0.000000
59714836.671034 0.000000
55890755.026385 0.000000
51822186.219415 0.000000
49212436.908480 0.000000
46290724.414086 0.000000
43272808.625788 0.000000
40520569.939033 0.000000
38706627.729841 0.000000
36762576.167380 0.000000
35396075.800941 0.000000
33246612.259662 0.000000
31814320.242300 0.000000
30003990.295287 0.000000
29461766.442633 0.000000
27633990.758753 0.000000
26061479.943947 0.000000
25242591.024097 0.000000
24892727.505441 0.000000
24096342.585452 0.000000
22399382.090815 0.000000
21213497.579937 0.000000
20474829.885530 0.000000
18691163.543574 0.000000
17444046.499950 0.000000
17004312.066383 0.000000
15957121.957028 0.000000
15280393.871310 0.000000
14540389.666491 0.000000
13752375.316822 0.000000
13463882.854034 0.000000
11799839.310414 0.000000
11076865.674410 0.000000
10865557.519948 0.000000
10517255.665465 0.000000
10427785.436082 0.000000
10030357.597629 0.000000
9996301.866970 0.000000
10317081.469376 0.000000
9472086.468074 0.000000
8982472.371301 0.000000
8346611.647559 0.000000
8585794.923710 0.000000
8856362.370800 0.000000
8485272.529200 0.000000
7091587.364375 0.000000
6039687.184362 0.000000
5486193.160401 0.000000
4687204.638608 0.000000
4730519.425070 0.000000
5403490.447858 0.000000
5965026.408347 0.000000
5908816.315607 0.000000
5512752.620280 0.000000
5567009.928141 0.000000
5437824.959821 0.000000
5433431.357193 0.000000
4497475.636723 0.000000
4253234.621108 0.000000
4204908.415496 0.000000
4216024.948246 0.000000
3831104.016608 0.000000
3314459.175588 0.000000
3129219.650533 0.000000
3456810.869553 0.000000
3578929.798062 0.000000
3276946.916762 0.000000
2973862.888057 0.000000
2950587.552337 0.000000
3068870.786879 0.000000
2945535.208802 0.000000
3004660.622759 0.000000
2816925.426179 0.000000
2629002.374847 0.000000
2448240.865302 0.000000
1936916.419547 0.000000
1869957.224709 0.000000
1701565.583133 0.000000
1721184.842850 0.000000
1692006.393049 0.000000
1847925.256291 0.000000
1880975.464554 0.000000
1781642.836114 0.000000
1749809.313643 0.000000
1620459.253190 0.000000
1410434.120363 0.000000
1158017.718256 0.000000
972227.699156 0.000000
808400.847776 0.000000
522534.865890 0.000000
589477.853284 0.000000
669595.749682 0.000000
719552.607857 0.000000
751414.610569 0.000000
689705.463320 0.000000
511986.176400 0.000000
352075.363403 0.000000
358730.266848 0.000000
410735.295381 0.000000
456807.561267 0.000000
479147.051252 0.000000
466665.640789 0.000000
457430.828149 0.000000
408998.696211 0.000000
411701.985389 0.000000
449471.800561 0.000000
444657.128774 0.000000
487834.152441 0.000000
326597.184438 0.000000
331209.563073 0.000000
365612.718778 0.000000
395915.361738 0.000000
410805.636158 0.000000
441656.451937 0.000000
422586.419210 0.000000
373145.624121 0.000000
369184.305884 0.000000
337272.549255 0.000000
282769.536858 0.000000
253346.455809 0.000000
283794.937431 0.000000
298315.711832 0.000000
175810.296079 0.000000
150018.624866 0.000000
132522.619920 0.000000
142514.904456 0.000000
145149.531182 0.000000
147862.878460 0.000000
146287.396196 0.000000
157516.012815 0.000000
120045.558834 0.000000
120697.482904 0.000000
117716.114754 0.000000
116789.446268 0.000000
124209.291776 0.000000
133436.794918 0.000000
142710.296938 0.000000
148985.707197 0.000000
146737.456647 0.000000
144973.707160 0.000000
125595.845735 0.000000
103153.517931 0.000000
98381.785580 0.000000
100971.331294 0.000000
100148.840931 0.000000
102438.291883 0.000000
102448.506315 0.000000
110039.069189 0.000000
113826.464195 0.000000
104220.654943 0.000000
86931.262016 0.000000
90920.161386 0.000000
96919.793529 0.000000
95895.338220 0.000000
95577.365622 0.000000
90968.192203 0.000000
72183.504203 0.000000
54347.857500 0.000000
55901.105438 0.000000
61083.226019 0.000000
66573.175462 0.000000
68194.109452 0.000000
71301.714082 0.000000
74487.814537 0.000000
61636.293058 0.000000
53382.637880 0.000000
53113.451871 0.000000
47830.306458 0.000000
42985.611165 0.000000
26346.602673 0.000000
26441.280728 0.000000
29985.968045 0.000000
32564.665092 0.000000
33250.343623 0.000000
31270.480197 0.000000
28691.238156 0.000000
29605.568846 0.000000
28871.661866 0.000000
26174.773168 0.000000
25588.073110 0.000000
29621.444631 0.000000
33279.535058 0.000000
35165.077853 0.000000
33799.635036 0.000000
32062.355587 0.000000
23436.088049 0.000000
15072.504311 0.000000
14543.857549 0.000000
16269.071633 0.000000
17324.842809 0.000000
17136.515159 0.000000
14121.631713 0.000000
12347.799682 0.000000
12283.015508 0.000000
11262.931770 0.000000
8040.772233 0.000000
9156.369066 0.000000
10313.098426 0.000000
11562.996388 0.000000
12469.175653 0.000000
12024.241379 0.000000
9823.399039 0.000000
7737.227926 0.000000
7330.898837 0.000000
8412.748136 0.000000
9165.429004 0.000000
9660.815755 0.000000
10359.806024 0.000000
9889.531789 0.000000
9079.985123 0.000000
9179.959742 0.000000
11527.992836 0.000000
13569.193338 0.000000
16594.456702 0.000000
19652.630637 0.000000
22265.066514 0.000000
24704.424125 0.000000
26477.625022 0.000000
26312.339425 0.000000
22341.058073 0.000000
18165.328835 0.000000
17443.474151 0.000000
13512.381151 0.000000
7864.127262 0.000000
4134.121914 0.000000
3226.278242 0.000000
3360.583890 0.000000
3140.081035 0.000000
2215.539746 0.000000
1370.452178 0.000000
1548.901588 0.000000
1842.163948 0.000000
2077.095859 0.000000
2345.413768 0.000000
2582.137888 0.000000
2611.813774 0.000000
2339.394018 0.000000
1483.497393 0.000000
1563.543074 0.000000
1877.653303 0.000000
2158.980928 0.000000
2443.845773 0.000000
2556.010173 0.000000
2842.043667 0.000000
3340.937375 0.000000
3574.326923 0.000000
3837.367555 0.000000
4247.626885 0.000000
4832.053296 0.000000
5287.545060 0.000000
5649.786579 0.000000
5631.747919 0.000000
5083.435624 0.000000
3273.551934 0.000000
1906.908181 0.000000
80.652093 0.000000
0.000000 0.000000
32.154813 0.000000
64.245252 0.000000
128.233008 0.000000
144.181171 0.000000
160.097148 0.000000
223.601117 0.000000
271.060363 0.000000
349.869756 0.000000
497.886609 0.000000
751.863675 0.000000
940.774769 0.000000
1259.172997 0.000000
1637.882376 0.000000
2012.615195 0.000000
2566.207271 0.000000
3257.259127 0.000000
3941.593408 0.000000
4740.636683 0.000000
5561.587200 0.000000
6277.613139 0.000000
6748.378563 0.000000
6730.721502 0.000000
5892.551897 0.000000
4308.392338 0.000000
3577.794985 0.000000
2179.535528 0.000000
814.532832 0.000000
994.123155 0.000000
1275.352198 0.000000
1572.346947 0.000000
1909.048231 0.000000
2473.192826 0.000000
2945.029107 0.000000
3267.627085 0.000000
3792.412354 0.000000
3911.652847 0.000000
4327.789348 0.000000
4935.556672 0.000000
5421.587661 0.000000
5874.104260 0.000000
6952.823142 0.000000
7962.146021 0.000000
9095.606521 0.000000
10255.674589 0.000000
10855.824923 0.000000
10510.075587 0.000000
8684.916154 0.000000
5240.619591 0.000000
3661.548076 0.000000
1394.083438 0.000000
1797.828290 0.000000
2284.829415 0.000000
2962.178304 0.000000
3717.372606 0.000000
4661.334857 0.000000
5647.085843 0.000000
6829.705218 0.000000
8266.282916 0.000000
9549.637986 0.000000
10649.951413 0.000000
11296.296346 0.000000
11129.842984 0.000000
9250.700218 0.000000
5933.066005 0.000000
3414.827911 0.000000
261.295636 0.000000
324.611637 0.000000
402.624603 0.000000
504.671287 0.000000
619.272757 0.000000
740.422593 0.000000
915.448536 0.000000
1110.428707 0.000000
1331.186936 0.000000
1589.722409 0.000000
1899.805620 0.000000
2203.833062 0.000000
2510.357651 0.000000
2679.342512 0.000000
2706.624527 0.000000
2428.454271 0.000000
1477.588000 0.000000
1588.336959 0.000000
1685.991941 0.000000
1646.537406 0.000000
1404.723355 0.000000
758.697990 0.000000
336.296563 0.000000
139.241107 0.000000
196.898738 0.000000
264.156793 0.000000
330.451420 0.000000
420.662775 0.000000
491.710314 0.000000
682.862942 0.000000
912.943813 0.000000
1146.182081 0.000000
1440.800616 0.000000
1733.488106 0.000000
2154.441224 0.000000
2636.175869 0.000000
3025.474258 0.000000
3403.850970 0.000000
3711.903831 0.000000
4097.585258 0.000000
4157.403690 0.000000
4388.961151 0.000000
4520.856506 0.000000
4822.563644 0.000000
5245.957464 0.000000
6351.983283 0.000000
7863.804707 0.000000
9688.908072 0.000000
11503.555846 0.000000
13774.290088 0.000000
16032.865865 0.000000
18123.639706 0.000000
19686.820733 0.000000
19914.211416 0.000000
17319.860424 0.000000
12087.109973 0.000000
12465.859819 0.000000
11024.515575 0.000000
6909.999582 0.000000
2972.403259 0.000000
2861.124893 0.000000
2399.594564 0.000000
2610.004782 0.000000
2667.247458 0.000000
1245.589086 0.000000
1410.616487 0.000000
1681.619658 0.000000
2021.867928 0.000000
2340.600363 0.000000
2616.498140 0.000000
2788.034607 0.000000
2818.749880 0.000000
2580.263178 0.000000
1845.279016 0.000000
1375.693889 0.000000
1245.986036 0.000000
644.530871 0.000000
380.260375 0.000000
312.405260 0.000000
245.988084 0.000000
251.816845 0.000000
189.396774 0.000000
192.312199 0.000000
193.915616 0.000000
185.582264 0.000000
173.473038 0.000000
126.402889 0.000000
101.931879 0.000000
88.998686 0.000000
50.501602 0.000000
0.000000 0.000000
0.000000 0.000000
0.000000 0.000000
0.000000 0.000000
0.000000 0.000000
0.000000 0.000000
0.000000 0.000000
0.000000 0.000000
0.000000 0.000000
0.000000 0.000000
0.000000 0.000000
0.000000 0.000000
0.000000 0.000000
0.000000 0.000000
0.000000 0.000000
0.000000 0.000000
0.000000 0.000000
0.000000 0.000000
0.000000 0.000000
0.000000 0.000000
0.000000 0.000000
0.000000 0.000000
0.000000 0.000000
0.000000 0.000000
0.000000 0.000000
0.000000 0.000000
0.000000 0.000000
0.000000 0.000000
0.000000 0.000000
0.000000 0.000000
0.119880 0.000000
0.239520 0.000000
0.358920 0.000000
0.597000 0.000000
0.715680 0.000000
0.952320 0.000000
1.305480 0.000000
1.598100 0.000000
1.889160 0.000000
2.120640 0.000000
2.580840 0.000000
3.629490 0.000000
4.382340 0.000000
5.798100 0.000000
7.173720 0.000000
8.747940 0.000000
10.529925 0.000000
13.428795 0.000000
15.825285 0.000000
19.388730 0.000000
22.789215 0.000000
25.278570 0.000000
27.318045 0.000000
27.717420 0.000000
23.746995 0.000000
15.984030 0.000000
32.643735 0.000000
45.089311 0.000000
63.247686 0.000000
84.245664 0.000000
105.201350 0.000000
198.973287 0.000000
240.377155 0.000000
281.611855 0.000000
394.119148 0.000000
465.032259 0.000000
590.169468 0.000000
738.170313 0.000000
873.895905 0.000000
1035.124324 0.000000
1338.879851 0.000000
1666.050646 0.000000
2035.779400 0.000000
2460.079405 0.000000
2984.635909 0.000000
3726.752147 0.000000
4281.246408 0.000000
4696.635063 0.000000
4933.304089 0.000000
4696.056240 0.000000
3650.283577 0.000000
2506.997823 0.000000
1896.802843 0.000000
516.577338 0.000000
0.000000 0.000000
0.000000 0.000000
0.000000 0.000000
0.000000 0.000000
0.000000 0.000000
0.000000 0.000000
0.000000 0.000000
0.000000 0.000000
0.000000 0.000000
0.000000 0.000000
0.000000 0.000000
0.000000 0.000000
0.000000 0.000000
0.000000 0.000000
0.000000 0.000000
0.000000 0.000000
0.000000 0.000000
0.000000 0.000000
0.000000 0.000000
0.000000 0.000000
0.000000 0.000000
0.000000 0.000000
0.000000 0.000000
0.000000 0.000000
0.000000 0.000000
0.000000 0.000000
0.000000 0.000000
0.000000 0.000000
12.060927 0.000000
24.097708 0.000000
36.110343 0.000000
54.080508 0.000000
71.990311 0.000000
83.906364 0.000000
107.666032 0.000000
131.329116 0.000000
160.756572 0.000000
236.519263 0.000000
265.379307 0.000000
325.505670 0.000000
384.810144 0.000000
460.166178 0.000000
571.232358 0.000000
702.875100 0.000000
864.231557 0.000000
1020.280649 0.000000
1265.618337 0.000000
1533.976638 0.000000
1809.996542 0.000000
2122.270160 0.000000
2433.541002 0.000000
2639.266462 0.000000
2713.370416 0.000000
2430.287361 0.000000
1744.055526 0.000000
1347.120754 0.000000
819.788478 0.000000
462.553347 0.000000
538.626362 0.000000
618.200436 0.000000
694.492594 0.000000
744.684198 0.000000
741.900646 0.000000
651.945929 0.000000
389.894646 0.000000
284.208539 0.000000
331.045925 0.000000
362.320461 0.000000
373.129874 0.000000
336.093237 0.000000
212.905348 0.000000
215.061896 0.000000
265.792020 0.000000
356.855435 0.000000
394.179254 0.000000
421.916133 0.000000
398.789805 0.000000
503.267957 0.000000
588.735175 0.000000
707.735443 0.000000
853.519704 0.000000
1088.013127 0.000000
1321.842164 0.000000
1635.894268 0.000000
2021.300846 0.000000
2366.381721 0.000000
2886.054011 0.000000
3416.510301 0.000000
3998.757121 0.000000
4593.947651 0.000000
5114.363901 0.000000
5466.325294 0.000000
5571.268692 0.000000
4984.944945 0.000000
3449.723120 0.000000
2854.066873 0.000000
2833.146415 0.000000
2450.748547 0.000000
1371.094961 0.000000
1048.969487 0.000000
1064.016747 0.000000
949.408206 0.000000
1031.904179 0.000000
1124.598180 0.000000
1176.818647 0.000000
1101.265443 0.000000
849.249723 0.000000
645.675362 0.000000
496.989482 0.000000
456.573211 0.000000
492.941311 0.000000
499.777480 0.000000
450.501773 0.000000
303.803083 0.000000
268.202696 0.000000
197.370342 0.000000
150.547201 0.000000
76.943132 0.000000
53.508165 0.000000
51.463977 0.000000
47.692644 0.000000
53.293447 0.000000
58.183859 0.000000
59.779052 0.000000
55.110034 0.000000
36.338239 0.000000
33.488241 0.000000
24.726552 0.000000
16.956682 0.000000
10.784157 0.000000
7.869843 0.000000
7.367590 0.000000
5.432513 0.000000
0.365474 0.000000
0.502783 0.000000
0.702868 0.000000
0.841852 0.000000
1.114294 0.000000
1.335747 0.000000
1.621184 0.000000
1.953616 0.000000
2.262404 0.000000
2.802014 0.000000
3.251324 0.000000
3.851050 0.000000
4.302163 0.000000
4.824486 0.000000
5.444697 0.000000
5.740127 0.000000
5.572679 0.000000
4.492259 0.000000
3.642782 0.000000
3.443164 0.000000
2.557361 0.000000
1.194738 0.000000
0.188137 0.000000
0.228566 0.000000
0.291783 0.000000
0.358949 0.000000
0.416083 0.000000
0.489056 0.000000
0.564278 0.000000
0.660859 0.000000
0.756268 0.000000
0.845281 0.000000
0.889766 0.000000
0.843832 0.000000
0.636897 0.000000
0.291537 0.000000
0.000000 0.000000
0.000000 0.000000
0.000000 0.000000
0.000000 0.000000
14.990994 0.000000
29.951976 0.000000
44.882946 0.000000
74.654850 0.000000
111.697161 0.000000
185.196549 0.000000
236.119410 0.000000
301.012857 0.000000
375.768530 0.000000
515.841141 0.000000
614.905701 0.000000
758.396489 0.000000
902.108220 0.000000
1120.323360 0.000000
1356.378828 0.000000
1644.699753 0.000000
1922.356589 0.000000
2276.218069 0.000000
2627.368612 0.000000
2968.580501 0.000000
3164.798053 0.000000
3131.303095 0.000000
2654.232793 0.000000
2073.247266 0.000000
1816.431455 0.000000
1415.468334 0.000000
433.350791 0.000000
419.908873 0.000000
506.287522 0.000000
582.954064 0.000000
664.142151 0.000000
750.550271 0.000000
815.818710 0.000000
829.183311 0.000000
740.779587 0.000000
511.135541 0.000000
422.809739 0.000000
280.584643 0.000000
212.811622 0.000000
251.526739 0.000000
316.101865 0.000000
386.161752 0.000000
449.610975 0.000000
506.941894 0.000000
542.056600 0.000000
562.163992 0.000000
596.958427 0.000000
733.136983 0.000000
879.684856 0.000000
1095.185289 0.000000
1388.068832 0.000000
1581.435907 0.000000
1935.067330 0.000000
2360.109126 0.000000
2763.322874 0.000000
3069.686793 0.000000
3274.441014 0.000000
3452.746250 0.000000
3572.459274 0.000000
3135.543736 0.000000
2535.612348 0.000000
2267.393669 0.000000
1403.673551 0.000000
375.199714 0.000000
436.026240 0.000000
508.689134 0.000000
622.920508 0.000000
745.972471 0.000000
841.691982 0.000000
953.120081 0.000000
1086.705804 0.000000
1214.196453 0.000000
1274.629338 0.000000
1253.262053 0.000000
1168.657071 0.000000
1091.117119 0.000000
776.802748 0.000000
586.132498 0.000000
670.947985 0.000000
779.020145 0.000000
856.753578 0.000000
893.293124 0.000000
902.162622 0.000000
736.271016 0.000000
673.136243 0.000000
509.848439 0.000000
360.356063 0.000000
310.291047 0.000000
320.484288 0.000000
262.512323 0.000000
216.573868 0.000000
231.635647 0.000000
198.691684 0.000000
170.098084 0.000000
108.703065 0.000000
126.801951 0.000000
139.526717 0.000000
39.840729 0.000000
4.188011 0.000000
0.000000 0.000000
0.000000 0.000000
0.000000 0.000000
0.000000 0.000000
0.000000 0.000000
0.000000 0.000000
0.000000 0.000000
0.000000 0.000000
0.000000 0.000000
0.000000 0.000000
0.000000 0.000000
0.000000 0.000000
0.000000 0.000000
0.000000 0.000000
0.000000 0.000000
0.000000 0.000000
0.000000 0.000000
0.000000 0.000000
0.000000 0.000000
0.000000 0.000000
0.000000 0.000000
0.000000 0.000000
0.000000 0.000000
0.000000 0.000000
0.000000 0.000000
0.000000 0.000000
0.000000 0.000000
0.000000 0.000000
0.000000 0.000000
0.000000 0.000000
0.000000 0.000000
0.000000 0.000000
0.000000 0.000000
0.000000 0.000000
0.000000 0.000000
0.000000 0.000000
0.000000 0.000000
0.000000 0.000000
0.000000 0.000000
0.000000 0.000000
0.000000 0.000000
0.000000 0.000000
0.000000 0.000000
0.000000 0.000000
0.000000 0.000000
0.000000 0.000000
0.000000 0.000000
0.000000 0.000000
0.000000 0.000000
0.000000 0.000000
0.000000 0.000000
0.000000 0.000000
0.000000 0.000000
0.000000 0.000000
0.000000 0.000000
0.000000 0.000000
0.000000 0.000000
0.000000 0.000000
0.000000 0.000000
0.000000 0.000000
0.000000 0.000000
0.000000 0.000000
0.000000 0.000000
0.000000 0.000000
0.000000 0.000000
0.000000 0.000000
0.000000 0.000000
0.000000 0.000000
0.000000 0.000000
0.000000 0.000000
0.000000 0.000000
0.000000 0.000000
0.000000 0.000000
0.000000 0.000000
0.000000 0.000000
0.000000 0.000000
0.000000 0.000000
0.000000 0.000000
0.000000 0.000000
0.000000 0.000000
0.000000 0.000000
0.000000 0.000000
0.000000 0.000000
0.000000 0.000000
0.000000 0.000000
0.000000 0.000000
0.000000 0.000000
0.000000 0.000000
0.000000 0.000000
0.000000 0.000000
0.000000 0.000000
0.000000 0.000000
0.000000 0.000000
0.000000 0.000000
0.000000 0.000000
0.000000 0.000000
0.000000 0.000000
0.000000 0.000000
0.000000 0.000000
0.000000 0.000000
0.000000 0.000000
0.000000 0.000000
0.000000 0.000000
0.000000 0.000000
0.000000 0.000000
0.000000 0.000000
0.000000 0.000000
0.000000 0.000000
0.000000 0.000000
0.000000 0.000000
0.000000 0.000000
0.000000 0.000000
0.000000 0.000000
0.000000 0.000000
0.000000 0.000000
0.000000 0.000000
0.000000 0.000000
0.000000 0.000000
0.000000 0.000000
0.000000 0.000000
0.000000 0.000000
0.000000 0.000000
0.000000 0.000000
0.000000 0.000000
0.000000 0.000000
0.000000 0.000000
0.000000 0.000000
0.000000 0.000000
0.000000 0.000000
0.000000 0.000000
0.000000 0.000000
0.000000 0.000000
0.000000 0.000000
0.000000 0.000000
0.000000 0.000000
0.000000 0.000000
0.000000 0.000000
0.000000 0.000000
0.000000 0.000000
0.000000 0.000000
0.000000 0.000000
0.000000 0.000000
0.000000 0.000000
0.000000 0.000000
0.000000 0.000000
0.000000 0.000000
0.000000 0.000000
0.000000 0.000000
0.000000 0.000000
0.000000 0.000000
0.000000 0.000000
0.000000 0.000000
0.000000 0.000000
0.000000 0.000000
0.000000 0.000000
0.000000 0.000000
0.000000 0.000000
0.000000 0.000000
0.000000 0.000000
0.000000 0.000000
0.000000 0.000000
0.000000 0.000000
0.000000 0.000000
0.000000 0.000000
0.000000 0.000000
0.000000 0.000000
0.000000 0.000000
0.000000 0.000000
0.000000 0.000000
0.000000 0.000000
0.000000 0.000000
0.000000 0.000000
0.000000 0.000000
0.000000 0.000000
0.000000 0.000000
0.000000 0.000000
0.000000 0.000000
0.000000 0.000000
0.000000 0.000000
0.000000 0.000000
0.000000 0.000000
0.000000 0.000000
0.000000 0.000000
0.000000 0.000000
0.000000 0.000000
0.000000 0.000000
0.000000 0.000000
0.000000 0.000000
0.000000 0.000000
0.000000 0.000000
0.000000 0.000000
0.000000 0.000000
0.000000 0.000000
0.000000 0.000000
0.000000 0.000000
0.000000 0.000000
0.000000 0.000000
0.000000 0.000000
0.000000 0.000000
0.000000 0.000000
0.000000 0.000000
0.000000 0.000000
0.000000 0.000000
0.000000 0.000000
0.000000 0.000000
0.000000 0.000000
0.000000 0.000000
0.000000 0.000000
0.000000 0.000000
0.000000 0.000000
0.000000 0.000000
0.000000 0.000000
0.000000 0.000000
0.000000 0.000000
0.000000 0.000000
0.000000 0.000000
0.000000 0.000000
0.000000 0.000000
0.000000 0.000000
0.000000 0.000000
0.000000 0.000000
0.000000 0.000000
0.000000 0.000000
0.000000 0.000000
