125661397.035506 0.000000
123239710.463571 0.000000
121682670.197219 0.000000
120123806.464920 0.000000
119401876.141076 0.000000
117419565.899396 0.000000
115910782.713910 0.000000
114889469.621625 0.000000
114711562.742674 0.000000
112507498.651168 0.000000
110529174.701132 0.000000
109915912.502616 0.000000
109117848.507357 0.000000
108414799.760961 0.000000
109574671.456843 0.000000
109927857.338511 0.000000
108234499.903786 0.000000
108472027.862246 0.000000
104133664.046283 0.000000
95208039.258749 0.000000
90909784.781187 0.000000
92210704.949812 0.000000
89215437.131276 0.000000
80850350.871211 0.000000
65089971.189466 0.000000
53492453.817386 0.000000
29032967.744401 0.000000
33931511.664746 0.000000
39280959.230056 0.000000
46163987.199670 0.000000
53795145.069879 0.000000
60710546.496744 0.000000
66686449.448627 0.000000
70821662.215980 0.000000
66984488.085399 0.000000
61709883.841726 0.000000
69094897.905866 0.000000
76522187.244589 0.000000
80123876.077930 0.000000
76855182.511103 0.000000
61451536.130122 0.000000
49699378.253919 0.000000
38035094.657538 0.000000
44457988.967690 0.000000
51654894.636527 0.000000
58600950.287747 0.000000
64962138.415001 0.000000
58112091.532211 0.000000
30744708.616856 0.000000
19910104.874754 0.000000
24085906.633370 0.000000
28456830.664051 0.000000
33512479.976137 0.000000
38575290.347003 0.000000
42358911.049312 0.000000
40689597.969726 0.000000
3513851.682574 0.000000
2644931.880826 0.000000
2992767.346501 0.000000
3385729.988730 0.000000
3636341.195186 0.000000
3660224.009317 0.000000
3266006.559559 0.000000
2125101.283477 0.000000
68434.200968 0.000000
44964.504874 0.000000
50978.946274 0.000000
54053.917742 0.000000
53470.474535 0.000000
43414.259745 0.000000
34733.751419 0.000000
41353.239024 0.000000
48193.011471 0.000000
54409.254869 0.000000
53686.934164 0.000000
56003.171382 0.000000
61231.304381 0.000000
74985.418456 0.000000
96263.594196 0.000000
112267.429649 0.000000
136567.608989 0.000000
156187.668902 0.000000
179356.784700 0.000000
203075.628824 0.000000
218565.465199 0.000000
217872.670339 0.000000
180691.344357 0.000000
150115.081566 0.000000
148722.223541 0.000000
122690.740969 0.000000
65286.202342 0.000000
43824.679759 0.000000
51752.357846 0.000000
60022.764134 0.000000
66900.719994 0.000000
65851.653614 0.000000
71854.157255 0.000000
80128.439398 0.000000
81910.060495 0.000000
71334.547946 0.000000
56658.002801 0.000000
43299.380731 0.000000
24034.761623 0.000000
11038.001483 0.000000
377.134220 0.000000
786.276159 0.000000
1159.967218 0.000000
1253.093664 0.000000
1346.031163 0.000000
1438.779716 0.000000
1684.017654 0.000000
2145.010174 0.000000
36973.440457 0.000000
72091.499401 0.000000
106791.661339 0.000000
142036.474283 0.000000
177019.257302 0.000000
245877.944356 0.000000
348573.988054 0.000000
417447.916665 0.000000
551995.971730 0.000000
784791.084754 0.000000
982120.956990 0.000000
1113361.905829 0.000000
1370051.381884 0.000000
1684503.780179 0.000000
2051211.842673 0.000000
2435331.558140 0.000000
2889449.667560 0.000000
3455303.406399 0.000000
4262214.432324 0.000000
4904753.009110 0.000000
5894038.755996 0.000000
6795049.913368 0.000000
7672400.823896 0.000000
8362881.128013 0.000000
8549646.418414 0.000000
7905112.819152 0.000000
5346662.166727 0.000000
25283.442856 0.000000
33468.998053 0.000000
42743.593686 0.000000
52016.384106 0.000000
61845.079387 0.000000
78006.996521 0.000000
89864.510720 0.000000
112455.648659 0.000000
138336.843171 0.000000
165082.626560 0.000000
192265.889604 0.000000
221875.310774 0.000000
245590.604720 0.000000
258155.774587 0.000000
246152.302911 0.000000
240089.178002 0.000000
265744.309383 0.000000
293646.920290 0.000000
306140.394086 0.000000
331626.304555 0.000000
389877.154153 0.000000
445381.354794 0.000000
486756.358733 0.000000
491975.104004 0.000000
448871.520360 0.000000
398183.997422 0.000000
368064.935934 0.000000
352536.490762 0.000000
311926.181272 0.000000
318659.308464 0.000000
296900.328961 0.000000
229168.798174 0.000000
189530.880359 0.000000
173579.710403 0.000000
189677.413613 0.000000
192722.175658 0.000000
163194.635263 0.000000
140278.317230 0.000000
115115.504771 0.000000
99602.194510 0.000000
108621.244597 0.000000
125853.527529 0.000000
142185.336471 0.000000
152078.559276 0.000000
149755.764109 0.000000
126038.451651 0.000000
95780.829576 0.000000
74678.291011 0.000000
65306.048170 0.000000
67152.419443 0.000000
67073.105648 0.000000
54386.577769 0.000000
37807.070116 0.000000
30940.532904 0.000000
34399.158531 0.000000
42136.565253 0.000000
49283.188377 0.000000
57148.387802 0.000000
64785.896286 0.000000
69949.245133 0.000000
72478.578703 0.000000
73553.714627 0.000000
69727.798783 0.000000
70031.368875 0.000000
72654.642965 0.000000
67121.647736 0.000000
51902.629395 0.000000
48224.232298 0.000000
35745.004896 0.000000
30485.356937 0.000000
26864.722806 0.000000
31759.774237 0.000000
36583.444907 0.000000
40134.872371 0.000000
41585.216756 0.000000
38540.006392 0.000000
30047.022895 0.000000
26587.892021 0.000000
25070.611123 0.000000
20038.804354 0.000000
14486.630197 0.000000
7181.014682 0.000000
5906.235016 0.000000
7164.913658 0.000000
8687.879165 0.000000
10124.707226 0.000000
11854.718575 0.000000
14043.099349 0.000000
16326.309046 0.000000
18210.445718 0.000000
19353.338878 0.000000
18310.525648 0.000000
16418.557771 0.000000
17257.613339 0.000000
12956.442255 0.000000
6232.766198 0.000000
7918.187444 0.000000
9686.932252 0.000000
11461.928139 0.000000
14005.739444 0.000000
16710.708992 0.000000
19592.522566 0.000000
22177.284394 0.000000
24218.653775 0.000000
25140.737773 0.000000
22914.585807 0.000000
15015.018966 0.000000
11406.014199 0.000000
9616.852017 0.000000
11556.078391 0.000000
13944.463224 0.000000
16390.387215 0.000000
17751.174466 0.000000
19097.953938 0.000000
19703.660807 0.000000
21344.166559 0.000000
21775.189069 0.000000
21167.160281 0.000000
19986.319750 0.000000
20971.644336 0.000000
22231.893587 0.000000
24178.172646 0.000000
24915.305585 0.000000
23074.971061 0.000000
21724.296204 0.000000
21393.020005 0.000000
19740.937823 0.000000
16961.501074 0.000000
11787.958777 0.000000
7699.526936 0.000000
9079.421207 0.000000
10431.625453 0.000000
11789.728631 0.000000
12633.949989 0.000000
12950.042507 0.000000
12761.661721 0.000000
13422.261689 0.000000
14042.036488 0.000000
14903.646064 0.000000
16362.979526 0.000000
17037.333395 0.000000
16562.250944 0.000000
16371.118616 0.000000
16530.772208 0.000000
16107.469760 0.000000
12237.271513 0.000000
9879.584706 0.000000
7720.086995 0.000000
4123.374707 0.000000
3779.694678 0.000000
4359.565590 0.000000
5081.942296 0.000000
5755.413337 0.000000
6461.660074 0.000000
5878.194878 0.000000
6175.923539 0.000000
6922.743156 0.000000
7179.110402 0.000000
7402.748848 0.000000
5515.375264 0.000000
5060.807377 0.000000
6285.640216 0.000000
7292.957518 0.000000
8455.690198 0.000000
9559.259062 0.000000
10344.889165 0.000000
9446.553419 0.000000
7642.519001 0.000000
6819.205683 0.000000
4606.755190 0.000000
4964.626505 0.000000
4950.828048 0.000000
4455.897366 0.000000
3904.564219 0.000000
3488.069886 0.000000
3236.222647 0.000000
2324.723920 0.000000
1686.919454 0.000000
2217.570724 0.000000
2692.603704 0.000000
3482.371861 0.000000
4394.086700 0.000000
5298.894503 0.000000
6255.961986 0.000000
7359.163246 0.000000
8414.148821 0.000000
9409.125134 0.000000
9990.156945 0.000000
9672.484479 0.000000
7924.854096 0.000000
4142.669091 0.000000
1837.223070 0.000000
916.280869 0.000000
1156.009950 0.000000
1440.355868 0.000000
1822.434548 0.000000
2132.904352 0.000000
2661.438708 0.000000
3236.066253 0.000000
4006.232931 0.000000
4801.059153 0.000000
5497.836300 0.000000
6365.957474 0.000000
7009.159524 0.000000
7142.813236 0.000000
8041.631138 0.000000
9067.933633 0.000000
9778.521584 0.000000
9361.101942 0.000000
8218.875644 0.000000
7365.965727 0.000000
5399.942020 0.000000
3499.995126 0.000000
1507.916064 0.000000
426.439532 0.000000
486.860014 0.000000
571.597342 0.000000
694.016375 0.000000
909.515946 0.000000
1213.444364 0.000000
1544.543660 0.000000
1949.515521 0.000000
2285.445367 0.000000
2715.406593 0.000000
3311.808526 0.000000
3917.421430 0.000000
4416.488341 0.000000
4831.399351 0.000000
4527.368419 0.000000
4022.181956 0.000000
2886.252176 0.000000
2818.971382 0.000000
3326.739422 0.000000
4154.476188 0.000000
4885.708463 0.000000
5967.618963 0.000000
7294.164313 0.000000
8629.106164 0.000000
10143.215727 0.000000
11564.344189 0.000000
13033.680656 0.000000
14018.978329 0.000000
14039.148682 0.000000
13571.570885 0.000000
12960.248892 0.000000
11508.722343 0.000000
9055.293324 0.000000
3570.523795 0.000000
3105.414292 0.000000
2027.385964 0.000000
1464.523505 0.000000
1777.400259 0.000000
2140.106337 0.000000
2465.740759 0.000000
3006.949865 0.000000
3516.565453 0.000000
3867.707452 0.000000
4136.144848 0.000000
4030.452980 0.000000
3545.151865 0.000000
3975.382126 0.000000
4071.256250 0.000000
2903.159276 0.000000
2052.582048 0.000000
1935.058708 0.000000
2359.801291 0.000000
2951.033835 0.000000
3472.272279 0.000000
3906.219526 0.000000
4283.431145 0.000000
4618.911764 0.000000
4532.499579 0.000000
3527.129281 0.000000
3030.873652 0.000000
2435.147916 0.000000
2142.628247 0.000000
1053.060191 0.000000
92.375755 0.000000
0.000000 0.000000
58.729212 0.000000
117.340848 0.000000
234.211392 0.000000
292.470300 0.000000
466.541568 0.000000
639.554652 0.000000
782.909190 0.000000
955.467126 0.000000
1012.014526 0.000000
1433.582716 0.000000
1848.272710 0.000000
2189.231353 0.000000
2815.413828 0.000000
3390.845177 0.000000
4222.759893 0.000000
5152.819064 0.000000
6289.086869 0.000000
7625.182528 0.000000
9001.950965 0.000000
10554.892234 0.000000
11809.863293 0.000000
12674.283732 0.000000
12504.202922 0.000000
10569.243232 0.000000
7546.724233 0.000000
6482.551242 0.000000
3946.340524 0.000000
1372.006823 0.000000
1657.026335 0.000000
1997.255043 0.000000
2334.329754 0.000000
2789.622188 0.000000
3191.340099 0.000000
3505.106791 0.000000
3599.742988 0.000000
3253.608952 0.000000
2140.845315 0.000000
972.574634 0.000000
10.881108 0.000000
21.740432 0.000000
21.740432 0.000000
21.740432 0.000000
32.577972 0.000000
43.393728 0.000000
54.187700 0.000000
75.710292 0.000000
102.488274 0.000000
134.423618 0.000000
160.885732 0.000000
223.830600 0.000000
275.556708 0.000000
321.537286 0.000000
429.822827 0.000000
565.707766 0.000000
751.860191 0.000000
935.352243 0.000000
1192.887074 0.000000
1493.673921 0.000000
1749.059098 0.000000
2034.314002 0.000000
2323.651373 0.000000
2569.717017 0.000000
2640.877263 0.000000
2355.313655 0.000000
1608.002815 0.000000
1268.529851 0.000000
722.936877 0.000000
164.856314 0.000000
189.984525 0.000000
265.063338 0.000000
333.589846 0.000000
364.676464 0.000000
499.964605 0.000000
585.514778 0.000000
709.498989 0.000000
927.923264 0.000000
1196.789500 0.000000
1414.972350 0.000000
1716.937605 0.000000
2133.490304 0.000000
2493.398384 0.000000
2984.779470 0.000000
3518.252832 0.000000
4236.114321 0.000000
4928.689653 0.000000
5593.657624 0.000000
6100.990579 0.000000
6128.025850 0.000000
5478.632639 0.000000
3324.243827 0.000000
1856.572059 0.000000
547.876633 0.000000
681.324274 0.000000
908.604967 0.000000
1207.708603 0.000000
1544.349963 0.000000
2055.640530 0.000000
2491.133709 0.000000
3088.661376 0.000000
3610.001600 0.000000
4176.775652 0.000000
4807.832677 0.000000
5798.742479 0.000000
6513.037376 0.000000
6837.532317 0.000000
7663.710471 0.000000
9492.529569 0.000000
11122.280033 0.000000
12927.318883 0.000000
14542.101809 0.000000
15969.368826 0.000000
16797.745592 0.000000
16122.694134 0.000000
12661.092443 0.000000
7738.903284 0.000000
8482.761260 0.000000
8773.229853 0.000000
7868.559019 0.000000
5188.059148 0.000000
3262.161984 0.000000
3532.462458 0.000000
3903.181019 0.000000
4430.824195 0.000000
4809.396688 0.000000
5011.899482 0.000000
4682.175521 0.000000
3443.560834 0.000000
2719.740436 0.000000
2220.245405 0.000000
2349.894392 0.000000
2774.366867 0.000000
3377.176535 0.000000
4011.276872 0.000000
4621.073752 0.000000
5256.218812 0.000000
5744.942346 0.000000
5885.101499 0.000000
5446.993878 0.000000
5340.974959 0.000000
4663.464160 0.000000
3919.348245 0.000000
4130.794252 0.000000
4572.318327 0.000000
4746.465502 0.000000
4685.338591 0.000000
5008.460890 0.000000
4965.470331 0.000000
4703.336411 0.000000
5643.411085 0.000000
6671.514595 0.000000
7842.903801 0.000000
8812.356454 0.000000
9767.897617 0.000000
10023.596859 0.000000
9312.960112 0.000000
6518.275493 0.000000
5632.788206 0.000000
5757.806329 0.000000
5274.908848 0.000000
3582.442705 0.000000
2757.413078 0.000000
1508.902552 0.000000
428.978875 0.000000
285.423072 0.000000
360.317039 0.000000
444.276068 0.000000
575.466723 0.000000
664.159461 0.000000
836.662989 0.000000
986.365474 0.000000
1180.870890 0.000000
1393.855750 0.000000
1558.567891 0.000000
1706.252281 0.000000
1790.055284 0.000000
1639.841462 0.000000
1544.385487 0.000000
1826.222224 0.000000
2082.426687 0.000000
2306.668906 0.000000
2443.444681 0.000000
2520.949115 0.000000
2719.324981 0.000000
2683.261762 0.000000
2034.655496 0.000000
1225.827305 0.000000
687.238767 0.000000
0.000000 0.000000
0.000000 0.000000
0.000000 0.000000
0.000000 0.000000
0.000000 0.000000
0.000000 0.000000
0.000000 0.000000
0.000000 0.000000
0.000000 0.000000
7.544448 0.000000
15.073792 0.000000
30.087168 0.000000
45.040128 0.000000
67.348736 0.000000
109.724896 0.000000
151.591296 0.000000
187.508608 0.000000
244.088192 0.000000
318.409312 0.000000
405.559392 0.000000
494.697536 0.000000
647.082736 0.000000
775.060816 0.000000
944.307744 0.000000
1130.683552 0.000000
1294.674288 0.000000
1476.561376 0.000000
1606.213168 0.000000
1658.584872 0.000000
1509.837376 0.000000
1124.656112 0.000000
938.363848 0.000000
824.585888 0.000000
507.662432 0.000000
31.924664 0.000000
0.000000 0.000000
0.000000 0.000000
0.000000 0.000000
0.000000 0.000000
0.000000 0.000000
0.000000 0.000000
0.000000 0.000000
0.000000 0.000000
0.000000 0.000000
0.000000 0.000000
0.000000 0.000000
0.000000 0.000000
0.000000 0.000000
0.000000 0.000000
0.000000 0.000000
0.000000 0.000000
0.000000 0.000000
0.000000 0.000000
0.000000 0.000000
0.000000 0.000000
0.000000 0.000000
0.000000 0.000000
0.000000 0.000000
0.000000 0.000000
0.000000 0.000000
0.000000 0.000000
0.000000 0.000000
0.000000 0.000000
0.000000 0.000000
0.000000 0.000000
0.000000 0.000000
0.000000 0.000000
0.000000 0.000000
0.000000 0.000000
0.000000 0.000000
0.000000 0.000000
0.000000 0.000000
0.000000 0.000000
0.000000 0.000000
0.000000 0.000000
0.000000 0.000000
0.000000 0.000000
31.748220 0.000000
63.432880 0.000000
95.053980 0.000000
126.611520 0.000000
236.554430 0.000000
283.414040 0.000000
368.926075 0.000000
415.340765 0.000000
530.551210 0.000000
667.602460 0.000000
878.113180 0.000000
996.970380 0.000000
1158.555790 0.000000
1532.685840 0.000000
1872.263085 0.000000
2386.074180 0.000000
2869.261956 0.000000
3471.661870 0.000000
4047.985404 0.000000
4588.051808 0.000000
5557.707600 0.000000
6277.411035 0.000000
6887.357799 0.000000
7083.244164 0.000000
6513.697373 0.000000
5226.247099 0.000000
4538.938339 0.000000
2746.125572 0.000000
1989.998639 0.000000
1993.159295 0.000000
2546.726264 0.000000
3048.204296 0.000000
3878.222089 0.000000
4933.138845 0.000000
6037.691327 0.000000
7147.124694 0.000000
8396.839009 0.000000
9643.016570 0.000000
10558.956584 0.000000
10764.219738 0.000000
9647.675709 0.000000
6025.505789 0.000000
2029.325839 0.000000
331.146147 0.000000
459.808151 0.000000
586.131475 0.000000
777.322074 0.000000
918.143061 0.000000
1164.237121 0.000000
1483.195427 0.000000
1794.575150 0.000000
2154.587412 0.000000
2569.559567 0.000000
2975.237789 0.000000
3337.635049 0.000000
3546.523005 0.000000
3525.700523 0.000000
3144.858780 0.000000
3600.901980 0.000000
3874.906013 0.000000
4119.035453 0.000000
4235.618079 0.000000
4998.218824 0.000000
5811.673785 0.000000
6513.126069 0.000000
6989.397387 0.000000
7108.370422 0.000000
6301.354993 0.000000
5302.371717 0.000000
3882.481271 0.000000
2866.609409 0.000000
1191.352026 0.000000
226.967858 0.000000
273.255299 0.000000
364.802507 0.000000
443.373260 0.000000
524.606505 0.000000
674.943651 0.000000
816.610612 0.000000
1005.650179 0.000000
1292.008199 0.000000
1567.857011 0.000000
1863.073425 0.000000
2214.916177 0.000000
2631.971637 0.000000
2931.623881 0.000000
3126.055426 0.000000
3071.222481 0.000000
2645.156214 0.000000
2095.476708 0.000000
1875.900457 0.000000
1122.858180 0.000000
144.683403 0.000000
0.000000 0.000000
0.000000 0.000000
0.000000 0.000000
0.000000 0.000000
0.000000 0.000000
0.000000 0.000000
0.000000 0.000000
0.000000 0.000000
0.000000 0.000000
0.000000 0.000000
0.000000 0.000000
0.000000 0.000000
0.000000 0.000000
0.000000 0.000000
0.000000 0.000000
0.000000 0.000000
0.000000 0.000000
0.000000 0.000000
0.000000 0.000000
0.000000 0.000000
0.000000 0.000000
0.000000 0.000000
0.000000 0.000000
0.000000 0.000000
0.000000 0.000000
0.000000 0.000000
0.000000 0.000000
0.000000 0.000000
0.000000 0.000000
0.000000 0.000000
0.000000 0.000000
0.000000 0.000000
0.000000 0.000000
0.000000 0.000000
0.000000 0.000000
0.000000 0.000000
0.000000 0.000000
0.000000 0.000000
0.000000 0.000000
0.000000 0.000000
0.000000 0.000000
0.000000 0.000000
0.000000 0.000000
0.000000 0.000000
0.000000 0.000000
0.000000 0.000000
0.000000 0.000000
0.000000 0.000000
0.000000 0.000000
0.000000 0.000000
0.000000 0.000000
0.000000 0.000000
0.000000 0.000000
0.000000 0.000000
0.000000 0.000000
1.736262 0.000000
3.469048 0.000000
6.924192 0.000000
10.365432 0.000000
15.501222 0.000000
19.756715 0.000000
23.989614 0.000000
31.554259 0.000000
36.559699 0.000000
47.294456 0.000000
57.881483 0.000000
78.208475 0.000000
94.106835 0.000000
123.032596 0.000000
157.962391 0.000000
197.576870 0.000000
231.036874 0.000000
272.508829 0.000000
318.121108 0.000000
365.323152 0.000000
405.612831 0.000000
421.819380 0.000000
403.349591 0.000000
314.206263 0.000000
183.545993 0.000000
96.973518 0.000000
0.000000 0.000000
0.000000 0.000000
0.000000 0.000000
0.000000 0.000000
0.000000 0.000000
0.000000 0.000000
0.000000 0.000000
0.000000 0.000000
0.000000 0.000000
0.000000 0.000000
0.000000 0.000000
0.000000 0.000000
0.000000 0.000000
0.000000 0.000000
0.000000 0.000000
0.000000 0.000000
0.000000 0.000000
0.000000 0.000000
0.000000 0.000000
0.000000 0.000000
0.000000 0.000000
0.000000 0.000000
0.000000 0.000000
0.000000 0.000000
0.000000 0.000000
0.000000 0.000000
0.000000 0.000000
0.000000 0.000000
0.000000 0.000000
0.000000 0.000000
0.000000 0.000000
0.000000 0.000000
0.000000 0.000000
0.000000 0.000000
0.000000 0.000000
0.000000 0.000000
0.000000 0.000000
0.000000 0.000000
0.000000 0.000000
0.000000 0.000000
0.000000 0.000000
0.000000 0.000000
0.000000 0.000000
0.000000 0.000000
0.000000 0.000000
0.000000 0.000000
0.000000 0.000000
0.000000 0.000000
0.000000 0.000000
0.000000 0.000000
0.000000 0.000000
0.000000 0.000000
0.000000 0.000000
0.000000 0.000000
0.000000 0.000000
0.000000 0.000000
0.000000 0.000000
0.000000 0.000000
0.000000 0.000000
0.000000 0.000000
0.000000 0.000000
0.000000 0.000000
0.000000 0.000000
0.000000 0.000000
0.000000 0.000000
0.000000 0.000000
0.000000 0.000000
0.000000 0.000000
0.000000 0.000000
0.000000 0.000000
0.000000 0.000000
0.000000 0.000000
0.000000 0.000000
0.000000 0.000000
0.000000 0.000000
0.000000 0.000000
0.000000 0.000000
0.000000 0.000000
0.000000 0.000000
0.000000 0.000000
0.000000 0.000000
0.000000 0.000000
0.000000 0.000000
0.000000 0.000000
0.000000 0.000000
0.000000 0.000000
0.000000 0.000000
0.000000 0.000000
0.000000 0.000000
0.000000 0.000000
0.000000 0.000000
0.000000 0.000000
0.000000 0.000000
0.000000 0.000000
0.000000 0.000000
0.000000 0.000000
0.000000 0.000000
0.000000 0.000000
0.000000 0.000000
0.000000 0.000000
0.000000 0.000000
0.000000 0.000000
0.000000 0.000000
0.000000 0.000000
0.000000 0.000000
0.000000 0.000000
0.000000 0.000000
0.000000 0.000000
0.000000 0.000000
0.000000 0.000000
0.000000 0.000000
0.000000 0.000000
0.000000 0.000000
0.000000 0.000000
0.000000 0.000000
0.000000 0.000000
0.000000 0.000000
0.000000 0.000000
0.000000 0.000000
0.000000 0.000000
0.000000 0.000000
0.000000 0.000000
0.000000 0.000000
0.000000 0.000000
0.000000 0.000000
0.000000 0.000000
0.000000 0.000000
0.000000 0.000000
0.000000 0.000000
0.000000 0.000000
0.000000 0.000000
0.000000 0.000000
0.000000 0.000000
0.000000 0.000000
0.000000 0.000000
0.000000 0.000000
0.000000 0.000000
0.000000 0.000000
0.000000 0.000000
0.000000 0.000000
0.000000 0.000000
0.000000 0.000000
0.000000 0.000000
0.000000 0.000000
