29504238.351471 0.000000
27134027.232076 0.000000
24480996.938108 0.000000
22706505.181619 0.000000
21059052.478642 0.000000
19003637.585393 0.000000
17543215.269179 0.000000
15953704.361548 0.000000
14348546.273764 0.000000
13253189.690794 0.000000
12459011.649545 0.000000
11717831.903469 0.000000
10932575.422614 0.000000
10283621.081571 0.000000
9569395.594309 0.000000
9052926.523142 0.000000
8558463.630805 0.000000
8181482.690472 0.000000
7735689.679997 0.000000
7200660.095026 0.000000
6661980.041512 0.000000
6414929.177804 0.000000
6082552.513487 0.000000
5759842.791485 0.000000
5569326.535165 0.000000
5313867.127168 0.000000
5121891.592676 0.000000
4780348.601235 0.000000
4518756.636082 0.000000
4305543.979050 0.000000
4278619.696455 0.000000
4261847.534869 0.000000
4181939.332466 0.000000
4081917.628538 0.000000
4019234.032409 0.000000
3843775.951731 0.000000
3750182.921243 0.000000
3693478.249176 0.000000
3526570.355966 0.000000
3476894.821051 0.000000
3312203.986385 0.000000
3204412.844614 0.000000
3110435.752254 0.000000
2787042.824479 0.000000
2781845.990534 0.000000
2838534.015427 0.000000
2685619.877776 0.000000
2524718.406562 0.000000
2465401.215629 0.000000
2097724.160737 0.000000
2046315.346326 0.000000
1441939.150546 0.000000
1226075.418456 0.000000
1396951.985142 0.000000
1528719.679634 0.000000
1623634.338490 0.000000
1592033.783484 0.000000
1269786.840583 0.000000
1011564.779141 0.000000
1188619.661810 0.000000
1390733.366531 0.000000
1581630.388147 0.000000
1737242.371999 0.000000
1837662.301598 0.000000
1860927.523681 0.000000
1702354.627866 0.000000
1399995.485402 0.000000
676349.645544 0.000000
451837.962094 0.000000
237419.652616 0.000000
106014.919693 0.000000
144144.164127 0.000000
166524.907970 0.000000
193636.590526 0.000000
82435.042392 0.000000
2231.004993 0.000000
3457.057935 0.000000
4891.213449 0.000000
5915.810518 0.000000
6728.666376 0.000000
9026.415872 0.000000
12415.095755 0.000000
14854.464934 0.000000
18633.658924 0.000000
22819.060681 0.000000
26055.939652 0.000000
29265.478709 0.000000
30736.278427 0.000000
33320.282733 0.000000
41206.047696 0.000000
47963.635794 0.000000
55315.848575 0.000000
61314.428803 0.000000
62658.485597 0.000000
56923.311852 0.000000
40818.267303 0.000000
41702.056104 0.000000
36846.539059 0.000000
27414.370459 0.000000
16640.842805 0.000000
7613.741600 0.000000
3606.453479 0.000000
2694.014321 0.000000
579.545614 0.000000
376.623208 0.000000
505.195765 0.000000
577.423885 0.000000
663.908498 0.000000
775.799794 0.000000
938.221563 0.000000
1110.454614 0.000000
1302.725040 0.000000
1495.200118 0.000000
1736.967685 0.000000
2013.747537 0.000000
2303.171009 0.000000
2474.620806 0.000000
2457.300994 0.000000
2084.198251 0.000000
1157.107713 0.000000
423.147235 0.000000
143.769675 0.000000
191.307200 0.000000
238.651875 0.000000
332.762675 0.000000
518.670075 0.000000
746.715200 0.000000
991.971959 0.000000
1380.178140 0.000000
1567.772355 0.000000
1970.828115 0.000000
2446.443615 0.000000
3191.220949 0.000000
3737.525472 0.000000
4267.892495 0.000000
4843.000233 0.000000
5343.991047 0.000000
5666.590596 0.000000
5395.224627 0.000000
3721.541887 0.000000
2955.609285 0.000000
2966.075822 0.000000
2456.410073 0.000000
1128.819541 0.000000
863.160615 0.000000
998.817253 0.000000
1294.704580 0.000000
1621.230677 0.000000
1893.820150 0.000000
2068.107549 0.000000
2240.681274 0.000000
2114.301218 0.000000
2640.869656 0.000000
2938.881626 0.000000
3826.103419 0.000000
4243.637371 0.000000
4772.429546 0.000000
5766.999988 0.000000
7117.360827 0.000000
8611.852341 0.000000
10517.225126 0.000000
13544.695694 0.000000
15263.079519 0.000000
17324.148830 0.000000
18306.765586 0.000000
17841.893501 0.000000
13992.650084 0.000000
12773.234831 0.000000
9231.756710 0.000000
5104.463770 0.000000
2582.362054 0.000000
1088.695250 0.000000
1307.871040 0.000000
1787.292264 0.000000
2086.082440 0.000000
2286.672317 0.000000
2991.950564 0.000000
3825.212171 0.000000
4775.599785 0.000000
5733.773655 0.000000
6743.219961 0.000000
7746.816281 0.000000
8747.893129 0.000000
10063.472288 0.000000
11307.812950 0.000000
11990.400011 0.000000
11736.460157 0.000000
9755.334657 0.000000
6314.535756 0.000000
4231.826358 0.000000
144.193042 0.000000
3.920256 0.000000
3.920256 0.000000
5.868576 0.000000
8.775312 0.000000
12.139608 0.000000
16.182372 0.000000
57.217570 0.000000
96.604164 0.000000
136.889238 0.000000
288.508157 0.000000
390.153022 0.000000
509.353298 0.000000
701.718910 0.000000
908.487536 0.000000
1170.702266 0.000000
1437.616782 0.000000
1792.612362 0.000000
2233.678619 0.000000
2659.604987 0.000000
3058.104762 0.000000
3572.349391 0.000000
4075.931421 0.000000
4511.374296 0.000000
4776.474730 0.000000
4665.136941 0.000000
4282.480937 0.000000
4693.687607 0.000000
4784.989203 0.000000
4304.075478 0.000000
4373.192821 0.000000
4633.456712 0.000000
4432.952445 0.000000
2983.067906 0.000000
1856.082769 0.000000
1138.933630 0.000000
1456.365886 0.000000
1533.996122 0.000000
1928.421923 0.000000
2406.192964 0.000000
2787.650829 0.000000
3297.916511 0.000000
4000.091946 0.000000
4598.055386 0.000000
5218.383202 0.000000
5603.237772 0.000000
5683.940125 0.000000
5232.179696 0.000000
3353.817297 0.000000
1163.432837 0.000000
351.009187 0.000000
428.006314 0.000000
536.045281 0.000000
656.587207 0.000000
733.245171 0.000000
905.398951 0.000000
990.708703 0.000000
1085.785786 0.000000
1164.532537 0.000000
1284.086713 0.000000
1284.543340 0.000000
1083.514878 0.000000
535.072548 0.000000
171.800917 0.000000
193.152696 0.000000
262.121335 0.000000
324.978188 0.000000
441.830634 0.000000
591.331778 0.000000
732.233136 0.000000
847.587362 0.000000
1024.980864 0.000000
1168.521156 0.000000
1296.358362 0.000000
1462.750586 0.000000
1351.647975 0.000000
1078.680898 0.000000
881.699495 0.000000
662.420166 0.000000
599.912775 0.000000
836.484439 0.000000
954.043104 0.000000
1541.792275 0.000000
1999.773884 0.000000
2670.991870 0.000000
3696.082265 0.000000
4774.665013 0.000000
6268.874454 0.000000
7431.893573 0.000000
8810.685221 0.000000
10167.442344 0.000000
12161.187147 0.000000
13913.442170 0.000000
14686.045698 0.000000
14492.958773 0.000000
12163.632388 0.000000
7138.634592 0.000000
7860.596579 0.000000
8549.723882 0.000000
8544.240704 0.000000
7408.895958 0.000000
4609.502800 0.000000
2972.913939 0.000000
1867.009653 0.000000
2331.570091 0.000000
2648.174562 0.000000
3063.501245 0.000000
3783.736156 0.000000
4321.721204 0.000000
4666.487954 0.000000
5350.332447 0.000000
6414.272439 0.000000
8152.513248 0.000000
8912.884394 0.000000
10082.545144 0.000000
11046.906633 0.000000
11326.395270 0.000000
10363.280019 0.000000
7299.302840 0.000000
5951.972726 0.000000
5886.490705 0.000000
5063.624690 0.000000
2534.324021 0.000000
1961.491648 0.000000
2259.563792 0.000000
2609.300931 0.000000
2916.242756 0.000000
3124.890839 0.000000
3318.518012 0.000000
3217.203513 0.000000
2961.964925 0.000000
3221.353232 0.000000
3332.994076 0.000000
3192.242054 0.000000
3196.213980 0.000000
2699.865698 0.000000
2862.114502 0.000000
2825.636290 0.000000
2440.058786 0.000000
1455.807177 0.000000
992.210326 0.000000
250.674071 0.000000
350.715206 0.000000
536.308970 0.000000
655.410277 0.000000
751.383497 0.000000
1105.999286 0.000000
1397.729182 0.000000
1571.354237 0.000000
2030.412330 0.000000
2540.951214 0.000000
3114.552922 0.000000
3751.057682 0.000000
4627.504032 0.000000
5437.272513 0.000000
6411.970835 0.000000
7361.526108 0.000000
8852.796802 0.000000
9578.525335 0.000000
10329.688375 0.000000
10961.728282 0.000000
10082.930197 0.000000
7878.314651 0.000000
7219.541562 0.000000
5273.311624 0.000000
3656.702827 0.000000
2501.946230 0.000000
2593.572376 0.000000
2190.711631 0.000000
2752.015877 0.000000
3603.800468 0.000000
4477.111921 0.000000
5295.581210 0.000000
6486.876424 0.000000
7315.626425 0.000000
8060.465834 0.000000
8291.695673 0.000000
7796.287496 0.000000
5992.431552 0.000000
3794.576220 0.000000
2269.261792 0.000000
633.035851 0.000000
856.150494 0.000000
996.851038 0.000000
1244.185912 0.000000
1500.552867 0.000000
1793.069498 0.000000
2146.683539 0.000000
2448.408263 0.000000
2837.155000 0.000000
3131.796056 0.000000
3275.999901 0.000000
3287.479210 0.000000
3380.977000 0.000000
3339.230915 0.000000
2945.202492 0.000000
1648.585252 0.000000
1122.128223 0.000000
1300.882685 0.000000
1522.878316 0.000000
1649.372285 0.000000
1737.579119 0.000000
1730.522389 0.000000
1425.643498 0.000000
677.545387 0.000000
343.480000 0.000000
428.484375 0.000000
513.142500 0.000000
597.454375 0.000000
806.675697 0.000000
1095.880776 0.000000
1339.986564 0.000000
1621.054785 0.000000
1936.488102 0.000000
2129.262135 0.000000
2604.413659 0.000000
3260.476526 0.000000
4098.925601 0.000000
5175.084447 0.000000
6104.761590 0.000000
7167.458239 0.000000
8456.127150 0.000000
9386.402852 0.000000
10164.873332 0.000000
9833.442426 0.000000
7436.367663 0.000000
6351.492831 0.000000
6274.599946 0.000000
5275.009869 0.000000
2869.694933 0.000000
1502.993837 0.000000
1809.924349 0.000000
2321.598493 0.000000
2635.168449 0.000000
3444.571114 0.000000
3929.934992 0.000000
4839.146994 0.000000
5939.693355 0.000000
7321.604308 0.000000
8556.470306 0.000000
9681.870356 0.000000
10239.043708 0.000000
10461.816981 0.000000
10181.576934 0.000000
10590.432771 0.000000
11340.361275 0.000000
11126.585202 0.000000
10116.356490 0.000000
10206.838383 0.000000
9984.219905 0.000000
7787.432406 0.000000
5417.370002 0.000000
3261.900150 0.000000
3954.425740 0.000000
4689.605742 0.000000
5494.586689 0.000000
6418.486740 0.000000
7170.259840 0.000000
7808.894264 0.000000
8122.731582 0.000000
7976.891566 0.000000
6563.610881 0.000000
6047.622626 0.000000
4824.984499 0.000000
3599.329536 0.000000
3545.136276 0.000000
3123.859837 0.000000
2333.888680 0.000000
1378.663004 0.000000
1122.558231 0.000000
503.115565 0.000000
432.097062 0.000000
528.728369 0.000000
630.225724 0.000000
881.269190 0.000000
1437.842371 0.000000
1765.920456 0.000000
2277.302982 0.000000
2935.903234 0.000000
3737.301728 0.000000
4377.795499 0.000000
5629.676174 0.000000
6676.555224 0.000000
8098.438556 0.000000
10000.219728 0.000000
11379.781234 0.000000
12324.976766 0.000000
12291.033058 0.000000
10741.930398 0.000000
6049.428869 0.000000
4115.914176 0.000000
1153.283511 0.000000
1445.367190 0.000000
2002.307021 0.000000
2464.913245 0.000000
3111.845711 0.000000
3829.995788 0.000000
4666.788393 0.000000
5683.484121 0.000000
6588.029598 0.000000
7152.212231 0.000000
7350.131862 0.000000
6979.966726 0.000000
5095.409636 0.000000
3669.692234 0.000000
3639.080965 0.000000
2573.475799 0.000000
1285.886928 0.000000
431.878031 0.000000
560.163180 0.000000
687.108267 0.000000
856.474181 0.000000
1045.793480 0.000000
1206.143342 0.000000
1397.114114 0.000000
1571.944485 0.000000
1691.952036 0.000000
1711.571604 0.000000
1477.138296 0.000000
763.696877 0.000000
161.141094 0.000000
194.212879 0.000000
259.091434 0.000000
386.086190 0.000000
525.368987 0.000000
683.650200 0.000000
891.798285 0.000000
997.512542 0.000000
1259.751582 0.000000
1436.731225 0.000000
1642.833305 0.000000
1928.401884 0.000000
2213.167980 0.000000
2469.012346 0.000000
2911.921860 0.000000
3310.447945 0.000000
3744.003444 0.000000
4512.841323 0.000000
4993.235237 0.000000
5486.593355 0.000000
5952.809215 0.000000
6014.298014 0.000000
5386.782983 0.000000
3920.088467 0.000000
3148.159067 0.000000
1376.732053 0.000000
386.410700 0.000000
326.971115 0.000000
233.130243 0.000000
368.359278 0.000000
451.567544 0.000000
583.574740 0.000000
666.939407 0.000000
1032.133128 0.000000
1234.902238 0.000000
1625.094423 0.000000
2006.889306 0.000000
2299.267620 0.000000
2978.260076 0.000000
3479.696600 0.000000
4198.729660 0.000000
4881.218002 0.000000
5542.316589 0.000000
5958.706321 0.000000
5634.349939 0.000000
3537.186195 0.000000
3421.292145 0.000000
3924.485469 0.000000
4414.157278 0.000000
4936.401611 0.000000
5315.877997 0.000000
4995.817356 0.000000
3757.705380 0.000000
2263.482984 0.000000
2819.553868 0.000000
3188.869969 0.000000
3550.301723 0.000000
3495.641854 0.000000
3542.278516 0.000000
3533.771657 0.000000
3111.941442 0.000000
2825.834544 0.000000
2089.000871 0.000000
2295.237412 0.000000
2747.702218 0.000000
3327.789277 0.000000
3960.411866 0.000000
4531.901389 0.000000
5152.681341 0.000000
5630.367526 0.000000
5650.025962 0.000000
4626.770003 0.000000
3274.093766 0.000000
2921.746628 0.000000
2995.135831 0.000000
2731.996689 0.000000
1786.331903 0.000000
1304.609769 0.000000
1601.983709 0.000000
1893.728372 0.000000
2102.262027 0.000000
2335.180493 0.000000
2573.203114 0.000000
2556.849830 0.000000
2232.030256 0.000000
1919.132260 0.000000
2238.376898 0.000000
2877.364768 0.000000
3342.215290 0.000000
4285.417316 0.000000
5455.549338 0.000000
6719.654676 0.000000
8392.382531 0.000000
9849.647389 0.000000
10759.045114 0.000000
11520.821954 0.000000
11732.009539 0.000000
10750.744556 0.000000
6243.337788 0.000000
4266.243562 0.000000
1631.519927 0.000000
815.220915 0.000000
994.794635 0.000000
1203.445152 0.000000
1387.592467 0.000000
1612.183065 0.000000
1898.805763 0.000000
2037.352317 0.000000
2085.129393 0.000000
1949.800731 0.000000
2103.241750 0.000000
2324.028991 0.000000
2350.458753 0.000000
2053.491985 0.000000
1362.044496 0.000000
933.695499 0.000000
244.664084 0.000000
296.954606 0.000000
374.072616 0.000000
469.005822 0.000000
549.512192 0.000000
639.585296 0.000000
704.691597 0.000000
756.362167 0.000000
757.607601 0.000000
667.187579 0.000000
374.176200 0.000000
311.402444 0.000000
163.866964 0.000000
46.261112 0.000000
88.602976 0.000000
131.510593 0.000000
174.241759 0.000000
175.695958 0.000000
218.600836 0.000000
242.260961 0.000000
347.507995 0.000000
409.363969 0.000000
554.220354 0.000000
757.322789 0.000000
1051.559651 0.000000
1279.711248 0.000000
1541.338054 0.000000
1988.052309 0.000000
2241.988493 0.000000
2755.674494 0.000000
3328.946690 0.000000
3948.911834 0.000000
4533.278942 0.000000
4988.711963 0.000000
5062.225620 0.000000
4555.634560 0.000000
2780.952805 0.000000
1938.035644 0.000000
538.886549 0.000000
639.792266 0.000000
757.396294 0.000000
1117.510779 0.000000
1357.200487 0.000000
1563.512416 0.000000
1822.846504 0.000000
2328.439111 0.000000
2899.562012 0.000000
3643.422882 0.000000
4065.333745 0.000000
4823.614050 0.000000
5722.883201 0.000000
6978.825313 0.000000
8170.206657 0.000000
9011.759267 0.000000
9683.633743 0.000000
9413.381019 0.000000
7410.032141 0.000000
6429.205807 0.000000
6410.028504 0.000000
5624.578339 0.000000
3669.491170 0.000000
1375.138586 0.000000
1655.443700 0.000000
1911.556247 0.000000
2360.640347 0.000000
2820.632674 0.000000
3238.965378 0.000000
3554.279574 0.000000
3602.472719 0.000000
3809.253426 0.000000
3266.868109 0.000000
2101.195939 0.000000
1026.310380 0.000000
717.380107 0.000000
752.294886 0.000000
758.976590 0.000000
162.195123 0.000000
67.108142 0.000000
89.297487 0.000000
133.406125 0.000000
155.325417 0.000000
252.837045 0.000000
284.905857 0.000000
358.967890 0.000000
442.144239 0.000000
513.460793 0.000000
692.010865 0.000000
886.055223 0.000000
1073.359563 0.000000
1284.180932 0.000000
1575.067190 0.000000
1818.041648 0.000000
2120.793573 0.000000
2398.683648 0.000000
2576.732759 0.000000
2612.154131 0.000000
2265.889180 0.000000
1558.225627 0.000000
1572.325641 0.000000
1294.958863 0.000000
614.136827 0.000000
194.515836 0.000000
79.554432 0.000000
118.850472 0.000000
138.378198 0.000000
196.480200 0.000000
272.826792 0.000000
338.567463 0.000000
384.900702 0.000000
476.003358 0.000000
591.505647 0.000000
728.881395 0.000000
949.728880 0.000000
1147.850204 0.000000
1352.168454 0.000000
1672.828671 0.000000
1999.966012 0.000000
2301.356508 0.000000
2512.094172 0.000000
2546.163976 0.000000
2140.433886 0.000000
1033.784982 0.000000
221.365371 0.000000
0.000000 0.000000
0.000000 0.000000
27.333224 0.000000
54.556896 0.000000
122.123092 0.000000
162.301288 0.000000
202.205604 0.000000
241.562160 0.000000
332.682036 0.000000
434.674948 0.000000
558.578260 0.000000
741.557488 0.000000
947.624800 0.000000
1166.769882 0.000000
1368.612595 0.000000
1653.427254 0.000000
1946.040646 0.000000
2260.598673 0.000000
2560.828146 0.000000
2677.027610 0.000000
2700.153581 0.000000
2399.067328 0.000000
1846.061262 0.000000
1412.553681 0.000000
587.672140 0.000000
692.679807 0.000000
886.410546 0.000000
1120.885775 0.000000
1411.645807 0.000000
1635.696468 0.000000
1894.304770 0.000000
2217.966488 0.000000
2611.262621 0.000000
2923.105784 0.000000
3070.657707 0.000000
3448.994836 0.000000
3815.328790 0.000000
4276.709135 0.000000
4600.504692 0.000000
4686.758424 0.000000
4318.460272 0.000000
3100.745663 0.000000
1174.882401 0.000000
316.034184 0.000000
25.834228 0.000000
51.812412 0.000000
77.438552 0.000000
103.205648 0.000000
154.179708 0.000000
204.496092 0.000000
279.429588 0.000000
426.195620 0.000000
504.257677 0.000000
615.772012 0.000000
964.425988 0.000000
1270.323249 0.000000
1446.029061 0.000000
1754.334417 0.000000
2224.035945 0.000000
2613.608244 0.000000
2897.913996 0.000000
3075.550104 0.000000
3001.417489 0.000000
2398.551878 0.000000
1479.644054 0.000000
1119.609890 0.000000
259.410939 0.000000
207.585516 0.000000
254.040942 0.000000
280.476430 0.000000
328.863060 0.000000
385.442716 0.000000
465.961773 0.000000
533.180431 0.000000
648.076274 0.000000
749.384798 0.000000
833.249672 0.000000
872.546481 0.000000
788.281871 0.000000
584.073333 0.000000
588.113618 0.000000
653.757991 0.000000
748.249253 0.000000
853.747012 0.000000
845.249587 0.000000
808.008943 0.000000
940.884051 0.000000
1268.527534 0.000000
1571.576629 0.000000
1927.338629 0.000000
2224.493453 0.000000
2591.194521 0.000000
2803.605347 0.000000
2806.437237 0.000000
2324.905247 0.000000
1196.548598 0.000000
332.518127 0.000000
0.000000 0.000000
0.000000 0.000000
0.000000 0.000000
66.956818 0.000000
133.645272 0.000000
209.812084 0.000000
275.945598 0.000000
407.407534 0.000000
487.165707 0.000000
695.706285 0.000000
1032.422986 0.000000
1273.793050 0.000000
1748.461261 0.000000
2423.349047 0.000000
3294.866611 0.000000
4187.670813 0.000000
5092.704392 0.000000
6038.444974 0.000000
6784.805743 0.000000
7657.044330 0.000000
8262.870698 0.000000
8132.648309 0.000000
6745.856554 0.000000
4215.685505 0.000000
4667.745541 0.000000
4834.874423 0.000000
4357.237694 0.000000
2923.607388 0.000000
1379.040713 0.000000
543.413439 0.000000
679.877317 0.000000
850.947556 0.000000
981.093437 0.000000
1128.515798 0.000000
1248.038282 0.000000
1267.154472 0.000000
714.055584 0.000000
411.791903 0.000000
356.678184 0.000000
403.124705 0.000000
327.330701 0.000000
267.065521 0.000000
307.787342 0.000000
397.634006 0.000000
442.873560 0.000000
594.987985 0.000000
746.778429 0.000000
957.815840 0.000000
1215.703286 0.000000
1564.008258 0.000000
1983.852287 0.000000
2329.198376 0.000000
2991.622256 0.000000
3581.711796 0.000000
4333.437539 0.000000
4998.335008 0.000000
5431.880142 0.000000
5898.641059 0.000000
6070.469937 0.000000
5177.335233 0.000000
3081.435344 0.000000
2664.816621 0.000000
2848.497955 0.000000
2781.472051 0.000000
2332.598166 0.000000
1217.361243 0.000000
806.518345 0.000000
955.276232 0.000000
1125.053916 0.000000
1295.371172 0.000000
1463.763467 0.000000
1514.324515 0.000000
1458.633817 0.000000
1098.770923 0.000000
781.650081 0.000000
697.934950 0.000000
812.620602 0.000000
918.850550 0.000000
984.748748 0.000000
956.321683 0.000000
751.658748 0.000000
411.973319 0.000000
94.561760 0.000000
31.423800 0.000000
40.485412 0.000000
46.724425 0.000000
55.411768 0.000000
68.376768 0.000000
79.996698 0.000000
97.019768 0.000000
114.359230 0.000000
130.657340 0.000000
159.222897 0.000000
181.555329 0.000000
202.176750 0.000000
210.546797 0.000000
198.427562 0.000000
148.592370 0.000000
121.603320 0.000000
98.664804 0.000000
32.115415 0.000000
13.165327 0.000000
15.886901 0.000000
19.020673 0.000000
23.384724 0.000000
28.637600 0.000000
34.286642 0.000000
40.762000 0.000000
45.790080 0.000000
49.079603 0.000000
49.778095 0.000000
60.901009 0.000000
66.424895 0.000000
58.456902 0.000000
44.929042 0.000000
65.530413 0.000000
85.897573 0.000000
143.518715 0.000000
200.359993 0.000000
255.914808 0.000000
318.548093 0.000000
404.412430 0.000000
528.837069 0.000000
629.201446 0.000000
776.927449 0.000000
905.605179 0.000000
1071.679940 0.000000
1333.247304 0.000000
1629.201980 0.000000
1976.722266 0.000000
2221.835359 0.000000
2420.723541 0.000000
2462.534746 0.000000
2257.201049 0.000000
1379.112856 0.000000
752.622504 0.000000
465.824031 0.000000
590.206713 0.000000
794.045803 0.000000
994.373643 0.000000
1218.354435 0.000000
1569.620913 0.000000
1912.164952 0.000000
2203.983729 0.000000
2447.681083 0.000000
2647.528049 0.000000
2667.509077 0.000000
2962.996714 0.000000
3172.834931 0.000000
3132.606180 0.000000
2621.762126 0.000000
1228.391245 0.000000
180.636915 0.000000
0.000000 0.000000
